-1.98394096 1.53079498 -1.04939795 1438.000000 14.000000 153.000000 0.000000
-1.91807902 1.76231802 -1.09279096 947.000000 8.000000 156.000000 0.000000
-1.89047503 1.75845301 -1.08274698 1871.000000 19.000000 160.000000 0.000000
-1.86632299 1.75745702 -1.07471097 2086.000000 22.000000 135.000000 0.000000
-1.86676598 1.77962303 -1.08154094 1949.000000 20.000000 150.000000 0.000000
-1.83210301 1.76813805 -1.06707704 1743.000000 17.000000 135.000000 0.000000
-1.80747104 1.76590002 -1.05864000 1799.000000 18.000000 173.000000 0.000000
-1.84345400 1.82334697 -1.08756804 1357.000000 13.000000 130.000000 0.000000
-1.84581304 1.84823799 -1.09600604 1142.000000 10.000000 118.000000 0.000000
-1.81660604 1.86418796 -1.09198797 1494.000000 14.000000 159.000000 0.000000
-1.83813798 1.90962398 -1.11288095 1172.000000 11.000000 160.000000 0.000000
-1.91435504 1.75423801 -1.16119802 638.000000 8.000000 168.000000 0.000000
-1.89490604 1.75795400 -1.15569997 1439.000000 22.000000 110.000000 0.000000
-1.88011503 1.76583195 -1.15316296 2026.000000 34.000000 125.000000 0.000000
-1.86529803 1.77359498 -1.15062499 1945.000000 32.000000 183.000000 0.000000
-1.86222696 1.79253495 -1.15569997 1412.000000 21.000000 156.000000 0.000000
-1.85509300 1.80771601 -1.15823805 794.000000 11.000000 144.000000 0.000000
-1.93119299 1.90483499 -1.21533406 335.000000 4.000000 130.000000 0.000000
-1.89699101 1.89427304 -1.20053101 557.000000 8.000000 143.000000 0.000000
-1.85788703 1.87821901 -1.18234503 1251.000000 20.000000 144.000000 0.000000
-1.84188700 1.88505399 -1.17938495 937.000000 14.000000 130.000000 0.000000
-1.83469796 1.90087700 -1.18234503 787.000000 11.000000 119.000000 0.000000
-1.81172597 1.90031099 -1.17473197 334.000000 4.000000 121.000000 0.000000
-1.98281205 1.80266201 -1.28611898 1245.000000 12.000000 189.000000 0.000000
-1.91052103 1.75841403 -1.24457896 2284.000000 28.000000 150.000000 0.000000
-1.88661098 1.75789797 -1.23564601 2550.000000 33.000000 205.000000 0.000000
-1.87448800 1.76821196 -1.23475206 2578.000000 34.000000 173.000000 0.000000
-1.87136400 1.78709900 -1.24011195 2302.000000 28.000000 189.000000 0.000000
-1.86807799 1.80601501 -1.24547195 1197.000000 12.000000 142.000000 0.000000
-1.84737504 1.80805099 -1.23877203 280.000000 2.000000 126.000000 0.000000
-1.82062900 1.82614696 -1.23564601 297.000000 2.000000 113.000000 0.000000
-1.84201705 1.87045002 -1.25887203 852.000000 8.000000 130.000000 0.000000
-1.82364702 1.87465894 -1.25395894 1484.000000 16.000000 134.000000 0.000000
-1.81334901 1.88710499 -1.25485206 1176.000000 12.000000 141.000000 0.000000
-1.92791104 1.75503194 -1.32628703 857.000000 13.000000 128.000000 0.000000
-1.90734100 1.75785804 -1.31927502 1312.000000 21.000000 172.000000 0.000000
-1.89781404 1.77073205 -1.32020998 1611.000000 27.000000 165.000000 0.000000
-1.88691294 1.78234398 -1.32020998 1412.000000 23.000000 156.000000 0.000000
-1.87978101 1.79754698 -1.32301497 913.000000 14.000000 160.000000 0.000000
-1.93360400 1.87165701 -1.37069595 590.000000 8.000000 143.000000 0.000000
-1.87320995 1.88128901 -1.35152996 654.000000 9.000000 263.000000 0.000000
-1.84672999 1.87764597 -1.34031105 773.000000 11.000000 144.000000 0.000000
-1.83517396 1.88894105 -1.34031105 1038.000000 16.000000 106.000000 0.000000
-1.82538903 1.90207696 -1.34171295 384.000000 5.000000 119.000000 0.000000
-1.98656094 1.76508403 -1.44332695 1400.000000 15.000000 157.000000 0.000000
-1.94396698 1.74866998 -1.41928101 1658.000000 18.000000 147.000000 0.000000
-1.91967905 1.74823797 -1.40897501 1909.000000 22.000000 153.000000 0.000000
-1.90379405 1.75525606 -1.40504897 2046.000000 24.000000 179.000000 0.000000
-1.89362502 1.76749897 -1.40553999 1989.000000 23.000000 203.000000 0.000000
-1.88274395 1.77908504 -1.40553999 1742.000000 19.000000 177.000000 0.000000
-1.89318800 1.81109405 -1.42222500 1231.000000 12.000000 138.000000 0.000000
-1.91394401 1.85360706 -1.44725299 1362.000000 14.000000 159.000000 0.000000
-1.85800004 1.86689603 -1.43007696 786.000000 7.000000 142.000000 0.000000
-1.84040499 1.87204504 -1.42516994 745.000000 7.000000 138.000000 0.000000
-1.82706404 1.88142598 -1.42369699 1376.000000 14.000000 160.000000 0.000000
-1.98608303 2.07063699 -1.56257999 871.000000 9.000000 173.000000 0.000000
-1.99676895 1.78222001 -1.53570199 729.000000 11.000000 128.000000 0.000000
-1.94874299 1.76106596 -1.50608099 881.000000 13.000000 194.000000 0.000000
-1.92900598 1.76487994 -1.49893200 977.000000 15.000000 156.000000 0.000000
-1.91119099 1.77026796 -1.49331403 893.000000 13.000000 163.000000 0.000000
-1.89652503 1.77843904 -1.49024999 962.000000 15.000000 122.000000 0.000000
-1.89806700 1.80186105 -1.50046396 869.000000 13.000000 129.000000 0.000000
-1.90994895 1.83547699 -1.51935899 832.000000 13.000000 189.000000 0.000000
-1.91716802 1.86511695 -1.53468001 780.000000 12.000000 145.000000 0.000000
-1.90450299 1.89880598 -1.54336202 722.000000 11.000000 166.000000 0.000000
-1.86311603 1.88057697 -1.51833797 728.000000 11.000000 157.000000 0.000000
-1.85816801 1.89872205 -1.52395594 558.000000 8.000000 113.000000 0.000000
-1.88479197 1.94958603 -1.55664003 578.000000 9.000000 139.000000 0.000000
-0.24183799 1.78628504 -0.74082500 1658.000000 10.000000 174.000000 0.000000
-0.23297200 1.80408502 -0.74805701 2630.000000 20.000000 220.000000 0.000000
-0.21901201 1.78184700 -0.73761100 2369.000000 17.000000 174.000000 0.000000
-0.20818000 1.78406703 -0.73801303 2223.000000 15.000000 185.000000 0.000000
-0.19732900 1.78622103 -0.73841399 2281.000000 16.000000 145.000000 0.000000
-0.18655400 1.78921998 -0.73921800 2470.000000 18.000000 170.000000 0.000000
-0.17583799 1.79306495 -0.74042302 2543.000000 19.000000 165.000000 0.000000
-0.16292100 1.77313495 -0.73118198 1669.000000 10.000000 182.000000 0.000000
-0.15552600 1.81516194 -0.74926299 1249.000000 7.000000 137.000000 0.000000
-0.13673100 1.71395004 -0.75179797 1665.000000 12.000000 189.000000 0.000000
-0.33160499 1.81140995 -1.10751295 322.000000 1.000000 123.000000 0.000000
-0.24749300 1.82227802 -0.80762500 1572.000000 13.000000 135.000000 0.000000
-0.23073800 1.78153896 -0.78774703 2176.000000 21.000000 142.000000 0.000000
-0.22104500 1.79281104 -0.79239899 2283.000000 22.000000 180.000000 0.000000
-0.20810600 1.77793801 -0.78478700 2138.000000 20.000000 173.000000 0.000000
-0.19770300 1.78368294 -0.78690100 2187.000000 21.000000 137.000000 0.000000
-0.18656200 1.78306103 -0.78605503 2115.000000 20.000000 178.000000 0.000000
-0.17598100 1.78777802 -0.78774703 1577.000000 13.000000 149.000000 0.000000
-0.16432500 1.78160703 -0.78436399 1129.000000 9.000000 160.000000 0.000000
-0.15243299 1.77174997 -0.77928799 1968.000000 18.000000 148.000000 0.000000
-0.26355699 1.79263401 -0.85285300 610.000000 3.000000 132.000000 0.000000
-0.24535900 1.74282598 -0.82694602 1645.000000 10.000000 166.000000 0.000000
-0.23667599 1.75937402 -0.83453900 1554.000000 9.000000 178.000000 0.000000
-0.22995000 1.79274404 -0.85061902 2445.000000 18.000000 224.000000 0.000000
-0.22023800 1.80478001 -0.85597903 2901.000000 24.000000 173.000000 0.000000
-0.20916000 1.80609703 -0.85597903 2877.000000 23.000000 229.000000 0.000000
-0.19894500 1.81535196 -0.85999900 2741.000000 21.000000 240.000000 0.000000
-0.18670700 1.80585802 -0.85463899 2253.000000 16.000000 164.000000 0.000000
-0.17734000 1.82478094 -0.86357301 568.000000 3.000000 145.000000 0.000000
-0.27280200 1.79888201 -0.90977401 873.000000 6.000000 134.000000 0.000000
-0.26059601 1.79265201 -0.90556699 1299.000000 10.000000 139.000000 0.000000
-0.24116801 1.73469698 -0.87377900 815.000000 6.000000 146.000000 0.000000
-0.22791199 1.71687198 -0.86349499 1046.000000 8.000000 157.000000 0.000000
-0.22744200 1.79626799 -0.90509897 1931.000000 18.000000 173.000000 0.000000
-0.21652301 1.79850698 -0.90556699 2113.000000 20.000000 177.000000 0.000000
-0.20527899 1.79804599 -0.90463197 1965.000000 18.000000 161.000000 0.000000
-0.19589099 1.81420898 -0.91257900 1392.000000 11.000000 179.000000 0.000000
-0.29926699 1.81388903 -0.98202097 618.000000 3.000000 161.000000 0.000000
-0.28582099 1.80105996 -0.97367799 1627.000000 10.000000 157.000000 0.000000
-0.27411199 1.79847300 -0.97122401 2268.000000 16.000000 214.000000 0.000000
-0.26094100 1.78546298 -0.96288198 2524.000000 19.000000 184.000000 0.000000
-0.25009999 1.78789306 -0.96337199 2490.000000 19.000000 221.000000 0.000000
-0.23912500 1.78939402 -0.96337199 2465.000000 18.000000 202.000000 0.000000
-0.22825100 1.79169202 -0.96386302 2477.000000 18.000000 172.000000 0.000000
-0.21631600 1.78527296 -0.95944601 2102.000000 14.000000 165.000000 0.000000
-0.20753101 1.80561197 -0.97024298 1376.000000 8.000000 151.000000 0.000000
-0.31500399 1.80750203 -1.03573298 398.000000 3.000000 120.000000 0.000000
-0.30087399 1.79160202 -1.02500904 975.000000 9.000000 129.000000 0.000000
-0.28904000 1.78832400 -1.02194405 1404.000000 12.000000 164.000000 0.000000
-0.27819601 1.79091299 -1.02245498 1652.000000 14.000000 186.000000 0.000000
-0.26629999 1.78663599 -1.01888001 1800.000000 16.000000 207.000000 0.000000
-0.25508499 1.78653502 -1.01785898 1916.000000 18.000000 190.000000 0.000000
-0.24565700 1.79913700 -1.02449799 1532.000000 13.000000 179.000000 0.000000
-0.23484001 1.80231500 -1.02551901 1487.000000 15.000000 180.000000 0.000000
-0.22388400 1.80457497 -1.02602994 812.000000 7.000000 205.000000 0.000000
-0.32033801 1.81257796 -1.10697901 383.000000 2.000000 148.000000 0.000000
-0.30313000 1.77866304 -1.08402097 539.000000 3.000000 127.000000 0.000000
-0.29234701 1.78132403 -1.08455503 644.000000 3.000000 141.000000 0.000000
-0.28088701 1.77974296 -1.08241999 696.000000 4.000000 199.000000 0.000000
-0.26933101 1.77725303 -1.07974994 653.000000 3.000000 155.000000 0.000000
-0.25999299 1.78975105 -1.08669102 542.000000 3.000000 151.000000 0.000000
-0.25004801 1.79885101 -1.09149599 450.000000 2.000000 155.000000 0.000000
-0.23458099 1.76681995 -1.07014000 275.000000 1.000000 144.000000 0.000000
-0.22363099 1.76738703 -1.06960595 137.000000 1.000000 126.000000 0.000000
-0.21228001 1.76452804 -1.06693602 209.000000 1.000000 126.000000 0.000000
-0.28550100 1.72229505 -1.10394096 1133.000000 9.000000 216.000000 0.000000
-0.28439099 1.78239000 -1.14323199 1782.000000 19.000000 254.000000 0.000000
-0.27396199 1.78739297 -1.14544499 1580.000000 16.000000 235.000000 0.000000
-0.26212800 1.78327405 -1.14157200 1417.000000 14.000000 208.000000 0.000000
-0.25307101 1.79804099 -1.15042603 1036.000000 10.000000 209.000000 0.000000
-0.33726799 1.79060900 -1.22664404 946.000000 6.000000 214.000000 0.000000
-0.32190299 1.76851404 -1.20936406 1455.000000 10.000000 202.000000 0.000000
-0.30977800 1.76320899 -1.20418000 1798.000000 13.000000 220.000000 0.000000
-0.29976800 1.76991296 -1.20763600 1886.000000 14.000000 215.000000 0.000000
-0.28850999 1.76929796 -1.20590794 1937.000000 14.000000 193.000000 0.000000
-0.27764800 1.77103496 -1.20590794 1949.000000 14.000000 217.000000 0.000000
-0.26762301 1.77836502 -1.20993996 1502.000000 10.000000 243.000000 0.000000
-0.26157999 1.81395900 -1.23413205 1070.000000 7.000000 247.000000 0.000000
-0.28495300 1.73303604 -1.24209702 566.000000 5.000000 330.000000 0.000000
-0.27508000 1.73951304 -1.24566603 945.000000 9.000000 415.000000 0.000000
-0.10814600 1.79791903 -0.84749299 2082.000000 14.000000 188.000000 0.000000
-0.09687400 1.79408205 -0.84525901 1867.000000 12.000000 160.000000 0.000000
-0.08603200 1.79821706 -0.84704602 379.000000 2.000000 124.000000 0.000000
-0.13846900 1.79821396 -0.90135902 679.000000 5.000000 151.000000 0.000000
-0.12672301 1.78933203 -0.89621699 1472.000000 12.000000 159.000000 0.000000
-0.11585900 1.79183996 -0.89715201 1485.000000 12.000000 167.000000 0.000000
-0.10491600 1.79339898 -0.89762002 1492.000000 12.000000 213.000000 0.000000
-0.09405500 1.79665697 -0.89902198 1079.000000 8.000000 178.000000 0.000000
-0.12716299 1.77548504 -0.94914001 1901.000000 12.000000 171.000000 0.000000
-0.11654800 1.78058004 -0.95159400 1965.000000 13.000000 191.000000 0.000000
-0.10511100 1.77256298 -0.94668698 1811.000000 12.000000 233.000000 0.000000
-0.13315600 1.78852701 -1.01121998 1014.000000 8.000000 183.000000 0.000000
-0.12193700 1.78587997 -1.00917697 1270.000000 10.000000 215.000000 0.000000
-0.11086600 1.78487802 -1.00815594 1212.000000 10.000000 202.000000 0.000000
-0.09981200 1.78380895 -1.00713396 1391.000000 12.000000 198.000000 0.000000
-0.08967200 1.79984200 -1.01632702 944.000000 7.000000 211.000000 0.000000
-0.20087799 1.76075697 -1.06373298 203.000000 1.000000 131.000000 0.000000
-0.18944100 1.75607097 -1.05999506 248.000000 1.000000 116.000000 0.000000
-0.17832300 1.75383496 -1.05786002 298.000000 1.000000 123.000000 0.000000
-0.16795599 1.75910497 -1.06052899 128.000000 1.000000 152.000000 0.000000
-0.15686201 1.75673401 -1.05839396 199.000000 1.000000 135.000000 0.000000
-0.14594100 1.75597799 -1.05732596 185.000000 1.000000 129.000000 0.000000
-0.13516399 1.75683999 -1.05732596 183.000000 1.000000 162.000000 0.000000
-0.12532499 1.77113199 -1.06586802 315.000000 1.000000 136.000000 0.000000
-0.11424000 1.76849198 -1.06373298 297.000000 1.000000 100.000000 0.000000
-0.10333800 1.76831603 -1.06319904 323.000000 1.000000 149.000000 0.000000
-0.09239900 1.76722801 -1.06213105 321.000000 1.000000 130.000000 0.000000
-0.08109400 1.75762498 -1.05572402 239.000000 1.000000 111.000000 0.000000
-0.12992001 1.79357302 -1.13880503 976.000000 9.000000 277.000000 0.000000
-0.11788400 1.77937901 -1.12884402 1217.000000 12.000000 269.000000 0.000000
-0.10712000 1.78256202 -1.13050401 1137.000000 11.000000 217.000000 0.000000
-0.09618000 1.78318596 -1.13050401 1285.000000 13.000000 229.000000 0.000000
-0.08502800 1.77958298 -1.12773705 750.000000 7.000000 349.000000 0.000000
-0.12377600 1.77527797 -1.19669199 1036.000000 6.000000 211.000000 0.000000
-0.11155000 1.75479198 -1.18171501 1213.000000 8.000000 180.000000 0.000000
-0.10073400 1.75462794 -1.18113899 1229.000000 8.000000 209.000000 0.000000
1.64911103 1.63424206 -0.76951402 1202.000000 12.000000 144.000000 0.000000
1.65574300 1.62078702 -0.76785398 2232.000000 28.000000 235.000000 0.000000
1.67242599 1.61716604 -0.77117401 1985.000000 24.000000 186.000000 0.000000
1.68095601 1.60556805 -0.77051002 1233.000000 13.000000 154.000000 0.000000
1.61811304 1.63786697 -0.82883197 1896.000000 15.000000 367.000000 0.000000
1.62945497 1.62922895 -0.82954502 2463.000000 21.000000 330.000000 0.000000
1.61743999 1.65061200 -0.89349598 1208.000000 15.000000 168.000000 0.000000
1.61582100 1.62880301 -0.88669699 1771.000000 21.000000 193.000000 0.000000
1.61465001 1.60773098 -0.88027698 2206.000000 28.000000 180.000000 0.000000
1.62777901 1.60104597 -0.88216501 2390.000000 32.000000 185.000000 0.000000
1.63823497 1.59167397 -0.88254303 1945.000000 23.000000 152.000000 0.000000
1.66397595 1.59700894 -0.89160699 1180.000000 12.000000 160.000000 0.000000
1.61222899 1.65035200 -0.96221000 846.000000 6.000000 350.000000 0.000000
1.60621798 1.62416005 -0.95216602 1370.000000 10.000000 308.000000 0.000000
1.61874604 1.61686099 -0.95377302 1656.000000 14.000000 346.000000 0.000000
1.62407100 1.60239899 -0.95095998 911.000000 6.000000 293.000000 0.000000
1.64371502 1.60198498 -0.95698702 576.000000 4.000000 262.000000 0.000000
1.66407502 1.60202396 -0.96341598 191.000000 1.000000 235.000000 0.000000
1.59684300 1.63798904 -1.01697803 810.000000 9.000000 289.000000 0.000000
1.58843899 1.60942304 -1.00471306 1330.000000 17.000000 194.000000 0.000000
1.60339797 1.60478401 -1.00809598 2007.000000 29.000000 174.000000 0.000000
1.61321497 1.59491503 -1.00809598 2004.000000 29.000000 228.000000 0.000000
1.62555897 1.58752406 -1.00978804 1424.000000 18.000000 147.000000 0.000000
1.58388901 1.61858404 -1.07886600 1477.000000 12.000000 351.000000 0.000000
1.59127104 1.60629404 -1.07707906 1789.000000 16.000000 321.000000 0.000000
1.59285605 1.58829200 -1.07127202 1978.000000 18.000000 319.000000 0.000000
1.60831201 1.58413601 -1.07529199 1781.000000 16.000000 308.000000 0.000000
1.62826800 1.58421397 -1.08243895 1006.000000 7.000000 235.000000 0.000000
1.57456899 1.62570202 -1.14444196 840.000000 10.000000 187.000000 0.000000
1.54992294 1.58059597 -1.11826396 1350.000000 17.000000 167.000000 0.000000
1.57202399 1.58362806 -1.12761402 1647.000000 22.000000 158.000000 0.000000
1.57920897 1.57145298 -1.12574399 1732.000000 24.000000 164.000000 0.000000
1.59511399 1.56794298 -1.13041794 1254.000000 16.000000 207.000000 0.000000
1.60786998 1.56121099 -1.13275599 773.000000 9.000000 160.000000 0.000000
1.63461304 1.56787097 -1.14537704 1065.000000 13.000000 170.000000 0.000000
1.64484298 1.55842102 -1.14584506 929.000000 11.000000 160.000000 0.000000
1.56762803 1.63896000 -1.22396100 715.000000 5.000000 409.000000 0.000000
1.52913594 1.57926500 -1.18470097 998.000000 8.000000 373.000000 0.000000
1.54184902 1.57296205 -1.18715501 1646.000000 14.000000 334.000000 0.000000
1.55147099 1.56347203 -1.18715501 1718.000000 15.000000 298.000000 0.000000
1.56412494 1.55699396 -1.18960905 1578.000000 13.000000 276.000000 0.000000
1.58048701 1.55408299 -1.19500697 1211.000000 10.000000 288.000000 0.000000
1.62501502 1.57832897 -1.22248900 966.000000 7.000000 236.000000 0.000000
1.52037597 1.56164002 -1.24052095 1547.000000 21.000000 182.000000 0.000000
1.53053200 1.55289495 -1.24103200 1588.000000 21.000000 153.000000 0.000000
1.54427397 1.54774296 -1.24460697 1350.000000 17.000000 201.000000 0.000000
1.55496097 1.53945100 -1.24562800 1068.000000 13.000000 178.000000 0.000000
