2.00251102 -3.82336092 1.09251797 840.000000 15.000000 8710.000000 3.000000
1.97767603 -3.83298898 1.09180200 654.000000 11.000000 8250.000000 3.000000
2.05535793 -3.84528995 0.99246299 764.000000 11.000000 7890.000000 3.000000
2.03172493 -3.85782909 0.99246299 689.000000 10.000000 7859.000000 3.000000
1.95551002 -3.94503403 1.00192702 1197.000000 18.000000 8120.000000 3.000000
1.91970801 -3.93325806 0.99611998 1045.000000 16.000000 8434.000000 3.000000
1.95697296 -3.86223602 0.87693298 937.000000 16.000000 8304.000000 3.000000
1.99338806 -3.99443698 0.90314400 1377.000000 26.000000 8452.000000 3.000000
1.93351400 -3.99651909 0.89836103 758.000000 13.000000 7747.000000 3.000000
0.19939300 -3.90959311 -0.33684599 1104.000000 20.000000 6656.000000 3.000000
0.17508200 -3.90378189 -0.33617401 1309.000000 25.000000 6721.000000 3.000000
0.24448401 -3.91069698 -0.43476501 1402.000000 21.000000 5719.000000 3.000000
0.22226000 -3.94383907 -0.43862599 1066.000000 15.000000 5152.000000 3.000000
-1.45049500 -1.67961001 -0.92363900 110.000000 1.000000 1840.000000 3.000000
-1.46137702 -1.67136800 -0.92404002 125.000000 1.000000 2295.000000 3.000000
-1.29010797 -1.71856105 -0.95226902 57.000000 1.000000 2309.000000 3.000000
-1.29953504 -1.70916796 -0.95142299 78.000000 1.000000 2030.000000 3.000000
-0.83304602 -1.69472599 -0.94623601 107.000000 1.000000 2340.000000 3.000000
-0.83989203 -1.68245697 -0.94202900 115.000000 1.000000 1871.000000 3.000000
-0.84900600 -1.67490304 -0.94062698 91.000000 1.000000 1902.000000 3.000000
-0.85886401 -1.66887498 -0.94015902 86.000000 1.000000 2195.000000 3.000000
-0.86623502 -1.65808296 -0.93688703 130.000000 1.000000 2852.000000 3.000000
0.97534198 -1.70264399 -0.92789298 1035.000000 6.000000 5364.000000 3.000000
0.96575499 -1.71015501 -0.92878598 1442.000000 9.000000 5668.000000 3.000000
1.00722396 -1.60049498 -0.94763899 92.000000 1.000000 2267.000000 3.000000
0.99598098 -1.60439599 -0.94623601 68.000000 1.000000 2003.000000 3.000000
0.98565501 -1.60972404 -0.94576901 59.000000 1.000000 2175.000000 3.000000
0.91509402 -1.69820499 -0.96774000 709.000000 6.000000 5700.000000 3.000000
0.77810001 -1.60289896 -0.95012200 164.000000 1.000000 2082.000000 3.000000
0.76712501 -1.60528398 -0.94865000 119.000000 1.000000 1935.000000 3.000000
0.75207698 -1.59891903 -0.94177902 114.000000 1.000000 2036.000000 3.000000
0.74809802 -1.61615896 -0.94963098 137.000000 1.000000 2369.000000 3.000000
