1.44757700 1.94931698 -1.01524603 1080.000000 9.000000 3883.000000 0.000000
1.35704899 1.80433595 -0.94051403 1720.000000 13.000000 3489.000000 0.000000
1.36754000 1.79524803 -0.94011199 1409.000000 10.000000 2997.000000 0.000000
1.39308405 1.80566502 -0.95055902 874.000000 6.000000 2452.000000 0.000000
1.40639400 1.79996800 -0.95216602 928.000000 6.000000 3889.000000 0.000000
1.34064400 1.69440496 -0.89792401 1651.000000 13.000000 4846.000000 0.000000
1.34929597 1.68400502 -0.89671898 1571.000000 12.000000 4804.000000 0.000000
1.38732004 1.70980895 -0.91600502 1342.000000 10.000000 3911.000000 0.000000
1.39313102 1.69560695 -0.91279000 2010.000000 17.000000 4416.000000 0.000000
1.42285001 1.71024597 -0.92604899 2255.000000 20.000000 4476.000000 0.000000
1.48527300 1.76308298 -0.96140701 2471.000000 27.000000 3903.000000 0.000000
1.44630301 1.67476106 -0.92082602 1962.000000 16.000000 4735.000000 0.000000
1.46127903 1.65071905 -0.91720998 1841.000000 15.000000 4808.000000 0.000000
1.30638599 1.74033403 -0.96495700 1210.000000 13.000000 4362.000000 0.000000
1.27655900 1.67882705 -0.93365997 1721.000000 20.000000 4921.000000 0.000000
1.28628504 1.67024398 -0.93323702 1778.000000 21.000000 4937.000000 0.000000
1.29650903 1.66231894 -0.93323702 1723.000000 20.000000 4964.000000 0.000000
1.33693802 1.69279301 -0.95607501 1186.000000 13.000000 4046.000000 0.000000
1.50030696 1.87663305 -1.07069004 726.000000 8.000000 3624.000000 0.000000
1.46001995 1.80321097 -1.03220296 934.000000 11.000000 3844.000000 0.000000
1.38850701 1.69316101 -0.97130102 1578.000000 18.000000 4221.000000 0.000000
1.40406799 1.69089401 -0.97510701 1579.000000 18.000000 4374.000000 0.000000
1.44758105 1.72184503 -0.99921501 1663.000000 19.000000 3969.000000 0.000000
1.48683703 1.74679506 -1.01993799 1650.000000 22.000000 3762.000000 0.000000
1.51700699 1.76032603 -1.03389502 1466.000000 19.000000 3737.000000 0.000000
1.22156703 1.79866004 -1.03375196 1605.000000 12.000000 5231.000000 0.000000
1.23968697 1.80144405 -1.04000604 1456.000000 11.000000 4687.000000 0.000000
1.25179005 1.74923098 -1.02213895 2205.000000 19.000000 5222.000000 0.000000
1.40598798 1.93918002 -1.14407897 1130.000000 10.000000 4697.000000 0.000000
1.33960402 1.77797997 -1.05965900 1383.000000 10.000000 3257.000000 0.000000
1.34940195 1.76830494 -1.05876601 1266.000000 9.000000 2950.000000 0.000000
1.39034200 1.79890800 -1.08333194 1550.000000 14.000000 2784.000000 0.000000
1.40411305 1.79386401 -1.08556604 1162.000000 10.000000 2634.000000 0.000000
1.47572005 1.86160302 -1.13425195 974.000000 8.000000 3080.000000 0.000000
1.48935699 1.85530305 -1.13603902 1074.000000 9.000000 3094.000000 0.000000
1.48207605 1.82322896 -1.12129903 1520.000000 14.000000 3088.000000 0.000000
1.49266601 1.81341100 -1.12085199 1487.000000 13.000000 2644.000000 0.000000
1.49917901 1.79872203 -1.11727905 2067.000000 21.000000 3166.000000 0.000000
1.51076496 1.79017305 -1.11772597 2143.000000 22.000000 3527.000000 0.000000
1.52230203 1.78154898 -1.11817205 2232.000000 23.000000 3670.000000 0.000000
1.53027594 1.76879394 -1.11593902 1628.000000 15.000000 3465.000000 0.000000
1.55702806 1.77753305 -1.12799895 1131.000000 9.000000 3544.000000 0.000000
1.55246103 1.75055099 -1.11638606 1443.000000 13.000000 3625.000000 0.000000
1.55958402 1.73699999 -1.11370599 1420.000000 13.000000 3955.000000 0.000000
1.24942505 1.88496995 -1.14350700 1013.000000 13.000000 4518.000000 0.000000
1.22262895 1.81995595 -1.10704505 991.000000 10.000000 4723.000000 0.000000
1.22633302 1.80144405 -1.10003304 873.000000 9.000000 4532.000000 0.000000
1.22935498 1.78222704 -1.09255302 1180.000000 13.000000 4619.000000 0.000000
1.26097095 1.80439901 -1.11171997 1048.000000 11.000000 4380.000000 0.000000
1.31375802 1.78503096 -1.11966705 616.000000 7.000000 3512.000000 0.000000
1.37541401 1.82176304 -1.15472698 939.000000 11.000000 3345.000000 0.000000
1.35496199 1.77179801 -1.12714601 1112.000000 14.000000 4194.000000 0.000000
1.35986900 1.75575197 -1.12200403 1239.000000 16.000000 4261.000000 0.000000
1.40055001 1.78568804 -1.14771497 661.000000 8.000000 2817.000000 0.000000
1.48776495 1.82688105 -1.19352603 881.000000 10.000000 2761.000000 0.000000
1.48042703 1.79517806 -1.17809999 1030.000000 13.000000 2692.000000 0.000000
1.50102496 1.79761302 -1.18604696 1384.000000 18.000000 2876.000000 0.000000
1.50974905 1.78566504 -1.18417704 1162.000000 15.000000 3016.000000 0.000000
1.52067697 1.77636695 -1.18417704 1133.000000 14.000000 3109.000000 0.000000
1.52577102 1.76031303 -1.17950201 768.000000 9.000000 3063.000000 0.000000
1.54725695 1.74145699 -1.17950201 745.000000 9.000000 3590.000000 0.000000
1.52782404 1.69835496 -1.15566194 1247.000000 16.000000 4293.000000 0.000000
1.57207501 1.72626603 -1.18230700 927.000000 11.000000 3587.000000 0.000000
1.16096604 1.77574503 -1.14151502 861.000000 6.000000 3794.000000 0.000000
1.18607295 1.76642597 -1.14495003 978.000000 7.000000 3804.000000 0.000000
1.23237002 1.76428604 -1.15869105 1187.000000 9.000000 4364.000000 0.000000
1.22503603 1.73109901 -1.14102399 1254.000000 9.000000 4120.000000 0.000000
1.29407001 1.80494499 -1.19746101 843.000000 7.000000 3259.000000 0.000000
1.32335699 1.79875004 -1.20433104 1237.000000 11.000000 3944.000000 0.000000
1.36176395 1.75884497 -1.19942403 1458.000000 13.000000 4551.000000 0.000000
1.37199199 1.74977100 -1.19893301 1633.000000 15.000000 3551.000000 0.000000
-0.51409602 1.74117398 -0.85463899 2018.000000 13.000000 3664.000000 0.000000
-0.50243002 1.75146198 -0.91117603 838.000000 6.000000 3966.000000 0.000000
-0.46184599 1.64903104 -0.85320997 1148.000000 9.000000 3442.000000 0.000000
-0.45860201 1.71773601 -0.88780302 1264.000000 10.000000 2664.000000 0.000000
-0.45412400 1.74360096 -0.90042502 950.000000 7.000000 2442.000000 0.000000
-0.44583300 1.75577402 -0.90556699 712.000000 5.000000 2421.000000 0.000000
-0.43505099 1.75847602 -0.90556699 742.000000 5.000000 2329.000000 0.000000
-0.42425299 1.76111305 -0.90556699 664.000000 5.000000 3285.000000 0.000000
-0.53587902 1.78042400 -0.99379897 994.000000 6.000000 5193.000000 0.000000
-0.48107901 1.67212498 -0.92656600 483.000000 2.000000 2186.000000 0.000000
-0.47927299 1.70524895 -0.94423300 217.000000 1.000000 2104.000000 0.000000
-0.46972001 1.71151900 -0.94619602 204.000000 1.000000 1839.000000 0.000000
-0.46123299 1.72194505 -0.95061302 303.000000 1.000000 1896.000000 0.000000
-0.45900300 1.75678301 -0.96926099 710.000000 4.000000 2001.000000 0.000000
-0.43856600 1.72156405 -0.94717699 303.000000 1.000000 1994.000000 0.000000
-0.43155199 1.73860097 -0.95551997 383.000000 2.000000 2016.000000 0.000000
-0.42352799 1.75222898 -0.96190000 530.000000 2.000000 2060.000000 0.000000
-0.53359401 1.71676302 -1.01377296 744.000000 5.000000 4455.000000 0.000000
-0.52405900 1.72329199 -1.01581597 851.000000 6.000000 4591.000000 0.000000
-0.49197701 1.65483201 -0.97138602 1169.000000 9.000000 4456.000000 0.000000
-0.47261599 1.62646997 -0.95197999 1351.000000 11.000000 4509.000000 0.000000
-0.46333900 1.63181901 -0.95351201 1453.000000 12.000000 4691.000000 0.000000
-0.45354900 1.63545895 -0.95402199 1174.000000 9.000000 4424.000000 0.000000
-0.45212501 1.66972494 -0.97342902 679.000000 5.000000 4650.000000 0.000000
-0.49552900 1.87349200 -1.09701598 906.000000 8.000000 3809.000000 0.000000
-0.44979700 1.74503696 -1.01632702 662.000000 5.000000 2530.000000 0.000000
-0.43823501 1.74443102 -1.01428401 472.000000 3.000000 2137.000000 0.000000
-0.42649099 1.74291396 -1.01173103 424.000000 3.000000 2264.000000 0.000000
-0.55044299 1.79450202 -1.12993801 1202.000000 8.000000 4277.000000 0.000000
-0.54208797 1.80675602 -1.13581002 1122.000000 7.000000 4307.000000 0.000000
-0.53241700 1.81491697 -1.13901401 1124.000000 7.000000 4225.000000 0.000000
-0.52336198 1.82546699 -1.14381897 1076.000000 7.000000 4114.000000 0.000000
-0.51692700 1.84574604 -1.15503097 1088.000000 7.000000 4204.000000 0.000000
-0.50714898 1.85459304 -1.15876901 928.000000 5.000000 4228.000000 0.000000
-0.49228200 1.84459603 -1.15022600 931.000000 5.000000 4105.000000 0.000000
-0.46438700 1.78374398 -1.10858095 999.000000 6.000000 3392.000000 0.000000
-0.44866401 1.76770699 -1.09630096 859.000000 5.000000 2601.000000 0.000000
-0.43234599 1.74826002 -1.08188605 1112.000000 7.000000 2594.000000 0.000000
-0.42338699 1.75828004 -1.08669102 649.000000 3.000000 2054.000000 0.000000
-0.41162899 1.75672805 -1.08402097 797.000000 4.000000 2221.000000 0.000000
-0.40907800 1.79550099 -1.10751295 617.000000 3.000000 3353.000000 0.000000
-0.53779399 1.70549500 -1.13216400 1583.000000 16.000000 4225.000000 0.000000
-0.53177601 1.72307706 -1.14212501 1260.000000 12.000000 4002.000000 0.000000
-0.53867000 1.78367496 -1.18196905 1036.000000 10.000000 3818.000000 0.000000
-0.52652699 1.78295505 -1.17920196 920.000000 8.000000 3984.000000 0.000000
-0.50672501 1.75576401 -1.15817297 1035.000000 10.000000 4121.000000 0.000000
-0.49890700 1.76925504 -1.16536701 908.000000 8.000000 3912.000000 0.000000
-0.48714900 1.76907301 -1.16315401 694.000000 6.000000 4151.000000 0.000000
-0.47803000 1.77845895 -1.16758096 820.000000 7.000000 3839.000000 0.000000
-0.47201300 1.79987800 -1.18030906 640.000000 5.000000 3689.000000 0.000000
-0.44825500 1.75354600 -1.14655197 474.000000 4.000000 2472.000000 0.000000
-0.43952000 1.76434100 -1.15208602 775.000000 7.000000 2727.000000 0.000000
-0.42789301 1.76376903 -1.14987195 752.000000 7.000000 2524.000000 0.000000
-0.42151099 1.78499401 -1.16260099 474.000000 4.000000 2096.000000 0.000000
-0.40696999 1.77213204 -1.15208602 731.000000 6.000000 2624.000000 0.000000
-0.41388401 1.85340500 -1.20576501 476.000000 4.000000 3253.000000 0.000000
-0.39197600 1.86241806 -1.20853198 567.000000 5.000000 3403.000000 0.000000
-0.49571201 1.73552203 -1.21454799 1286.000000 8.000000 3839.000000 0.000000
-0.48811999 1.74955702 -1.22261202 1221.000000 8.000000 3727.000000 0.000000
-0.47437701 1.74147499 -1.21454799 1231.000000 8.000000 4021.000000 0.000000
-0.46807900 1.76094699 -1.22664404 1139.000000 7.000000 3699.000000 0.000000
-0.44131401 1.70205200 -1.18171501 1214.000000 8.000000 4175.000000 0.000000
-0.42547199 1.68332505 -1.16616297 954.000000 6.000000 3570.000000 0.000000
-0.41727701 1.69463694 -1.17249894 1184.000000 7.000000 3832.000000 0.000000
-0.40421301 1.68603396 -1.16443503 1282.000000 8.000000 3285.000000 0.000000
-0.40033600 1.71635103 -1.18459499 1128.000000 7.000000 2350.000000 0.000000
-0.39051700 1.72196496 -1.18690002 849.000000 5.000000 2268.000000 0.000000
-0.37854201 1.71794105 -1.18229198 819.000000 5.000000 3194.000000 0.000000
-0.37480801 1.75221097 -1.20533204 736.000000 4.000000 3213.000000 0.000000
-0.36090600 1.73926795 -1.19438803 1005.000000 6.000000 3384.000000 0.000000
