1.43773794 -2.20564604 -0.67222202 2130.000000 23.000000 138.000000 0.000000
1.42104900 -2.20955610 -0.67064399 2770.000000 34.000000 186.000000 0.000000
1.46363199 -2.22018790 -0.74655801 1043.000000 14.000000 265.000000 0.000000
1.44631505 -2.22351003 -0.74455798 2168.000000 37.000000 299.000000 0.000000
1.43368196 -2.23395300 -0.74512899 2342.000000 42.000000 275.000000 0.000000
1.42097604 -2.24432611 -0.74570101 1819.000000 29.000000 305.000000 0.000000
1.40972304 -2.25706291 -0.74712902 967.000000 13.000000 290.000000 0.000000
1.58871400 -2.19793010 -0.83677602 595.000000 5.000000 194.000000 0.000000
1.56029797 -2.18673301 -0.82841098 366.000000 3.000000 183.000000 0.000000
1.47453904 -2.20667791 -0.81787598 1010.000000 9.000000 173.000000 0.000000
1.46254003 -2.21806598 -0.81880498 2752.000000 34.000000 210.000000 0.000000
1.45149398 -2.23098397 -0.82035500 2996.000000 39.000000 234.000000 0.000000
1.43315804 -2.23264599 -0.81756598 2473.000000 28.000000 159.000000 0.000000
1.42553198 -2.25103903 -0.82128400 920.000000 8.000000 136.000000 0.000000
1.28354299 -2.23348498 -0.79246801 1392.000000 13.000000 186.000000 0.000000
1.26653695 -2.23552608 -0.79029900 1810.000000 18.000000 164.000000 0.000000
1.25233305 -2.24242496 -0.78999001 1755.000000 17.000000 188.000000 0.000000
1.54967499 -2.16354895 -0.88903302 407.000000 5.000000 188.000000 0.000000
1.54019105 -2.17840290 -0.89135700 356.000000 4.000000 357.000000 0.000000
1.47836602 -2.20380712 -0.88637698 1208.000000 17.000000 336.000000 0.000000
1.46951306 -2.21990800 -0.88936502 1752.000000 28.000000 285.000000 0.000000
1.44242096 -2.20837092 -0.88073301 1980.000000 33.000000 282.000000 0.000000
1.43447804 -2.22589302 -0.88438499 1554.000000 24.000000 269.000000 0.000000
1.43601298 -2.25851011 -0.89434499 454.000000 5.000000 225.000000 0.000000
1.28807700 -2.23237705 -0.85948497 1062.000000 15.000000 268.000000 0.000000
1.27295196 -2.23778105 -0.85848898 1394.000000 21.000000 245.000000 0.000000
1.25688398 -2.24143910 -0.85682899 1172.000000 17.000000 229.000000 0.000000
1.59907603 -2.21308708 -0.99191999 941.000000 9.000000 308.000000 0.000000
1.48623598 -2.08358788 -0.92675602 1246.000000 11.000000 295.000000 0.000000
1.47288597 -2.09190392 -0.92640001 1314.000000 12.000000 256.000000 0.000000
1.45735800 -2.09706402 -0.92461902 1654.000000 16.000000 189.000000 0.000000
1.45713902 -2.12446809 -0.93316603 1669.000000 16.000000 217.000000 0.000000
1.46762896 -2.16820407 -0.94918901 1503.000000 14.000000 166.000000 0.000000
1.44755495 -2.16706300 -0.94455999 1768.000000 18.000000 216.000000 0.000000
1.41059303 -2.14000201 -0.92817998 2158.000000 23.000000 200.000000 0.000000
1.39489102 -2.14469910 -0.92640001 2231.000000 24.000000 248.000000 0.000000
1.37162006 -2.13748288 -0.91927803 1968.000000 20.000000 180.000000 0.000000
1.35847795 -2.14585900 -0.91927803 2016.000000 21.000000 200.000000 0.000000
1.35171604 -2.16446090 -0.92390698 2176.000000 24.000000 195.000000 0.000000
1.34085798 -2.17669392 -0.92568803 1651.000000 16.000000 359.000000 0.000000
1.29126501 -2.21621299 -0.92889202 1031.000000 9.000000 272.000000 0.000000
1.27438700 -2.21842098 -0.92640001 1424.000000 13.000000 162.000000 0.000000
1.26121104 -2.22701192 -0.92675602 1530.000000 15.000000 181.000000 0.000000
1.26618004 -2.26817107 -0.94135600 811.000000 7.000000 404.000000 0.000000
1.48407495 -2.14369512 -1.01435304 1531.000000 23.000000 233.000000 0.000000
1.46775305 -2.14817905 -1.01208699 1588.000000 25.000000 232.000000 0.000000
1.41614699 -2.10039401 -0.98413903 1425.000000 21.000000 269.000000 0.000000
1.42482698 -2.14138699 -1.00000095 1303.000000 19.000000 231.000000 0.000000
1.44018900 -2.19338799 -1.02115095 1100.000000 16.000000 239.000000 0.000000
1.43578804 -2.21615696 -1.02795005 1009.000000 14.000000 250.000000 0.000000
1.40004897 -2.37861109 -1.07667005 800.000000 12.000000 274.000000 0.000000
1.28384495 -2.21272612 -0.99433601 991.000000 14.000000 217.000000 0.000000
1.27024400 -2.22056198 -0.99433601 985.000000 14.000000 211.000000 0.000000
1.27027798 -2.25248790 -1.00566602 505.000000 6.000000 244.000000 0.000000
1.40823603 -2.13883400 -1.07350600 2028.000000 21.000000 204.000000 0.000000
1.39558399 -2.14820290 -1.07390702 2107.000000 23.000000 181.000000 0.000000
1.38237703 -2.15672493 -1.07390702 1917.000000 20.000000 192.000000 0.000000
1.32995796 -2.25347805 -1.09801495 1054.000000 9.000000 170.000000 0.000000
1.28987598 -2.21646810 -1.07511306 1279.000000 12.000000 220.000000 0.000000
1.27625203 -2.22434092 -1.07511306 1189.000000 11.000000 161.000000 0.000000
1.28194797 -2.26641393 -1.09238994 861.000000 7.000000 202.000000 0.000000
0.88171202 1.35780096 -0.52217698 582.000000 3.000000 592.000000 0.000000
0.76284498 1.34729004 -0.54147100 2069.000000 12.000000 190.000000 0.000000
0.79440302 1.38307905 -0.55927598 2708.000000 18.000000 240.000000 0.000000
0.80240297 1.37737203 -0.55891901 2841.000000 20.000000 219.000000 0.000000
0.81179202 1.37403095 -0.55963200 2608.000000 17.000000 226.000000 0.000000
0.80529797 1.34418702 -0.54859298 2168.000000 13.000000 180.000000 0.000000
0.80089903 1.31846702 -0.53933501 822.000000 4.000000 179.000000 0.000000
0.90706801 1.37621200 -0.57957202 817.000000 4.000000 275.000000 0.000000
0.81935799 1.22694397 -0.51369703 1202.000000 6.000000 281.000000 0.000000
0.83001697 1.22653401 -0.51583302 1367.000000 7.000000 349.000000 0.000000
0.83911502 1.22372901 -0.51690102 1453.000000 7.000000 388.000000 0.000000
0.85354799 1.22852695 -0.52152997 1389.000000 7.000000 393.000000 0.000000
0.87184101 1.23853898 -0.52865201 1281.000000 6.000000 421.000000 0.000000
0.86530000 1.21339798 -0.51939398 993.000000 5.000000 392.000000 0.000000
0.90122002 1.24742901 -0.53790998 1187.000000 6.000000 476.000000 0.000000
0.87073201 1.18987703 -0.51334000 674.000000 3.000000 534.000000 0.000000
0.95713103 1.29103994 -0.56390500 287.000000 1.000000 468.000000 0.000000
0.86462098 1.33839297 -0.60079402 185.000000 1.000000 660.000000 0.000000
0.83764201 1.24527895 -0.56302601 1091.000000 6.000000 530.000000 0.000000
0.84215099 1.23551702 -0.56076002 1185.000000 7.000000 472.000000 0.000000
0.85285997 1.23490703 -0.56302601 1232.000000 7.000000 450.000000 0.000000
0.86359400 1.23421097 -0.56529301 1522.000000 9.000000 398.000000 0.000000
0.88395298 1.24705303 -0.57435697 1373.000000 8.000000 383.000000 0.000000
0.89481598 1.24612701 -0.57662302 1316.000000 8.000000 401.000000 0.000000
0.94640100 1.30138397 -0.60721499 2097.000000 17.000000 413.000000 0.000000
0.94014001 1.27613294 -0.59739500 1627.000000 10.000000 325.000000 0.000000
0.96781802 1.29710698 -0.61099201 628.000000 4.000000 302.000000 0.000000
0.83460200 1.35349905 -0.64761001 857.000000 4.000000 193.000000 0.000000
0.85756099 1.31726897 -0.63957500 786.000000 3.000000 255.000000 0.000000
0.84360403 1.24519396 -0.60984200 940.000000 4.000000 351.000000 0.000000
0.85122800 1.23999405 -0.60984200 1126.000000 5.000000 401.000000 0.000000
0.86981601 1.25052500 -0.61827999 1248.000000 6.000000 419.000000 0.000000
0.86479598 1.22721100 -0.60863698 1007.000000 5.000000 468.000000 0.000000
0.87550700 1.22634995 -0.61104798 839.000000 4.000000 455.000000 0.000000
0.91686499 1.26767194 -0.63635999 1273.000000 6.000000 535.000000 0.000000
0.94738400 1.29302704 -0.65323502 1508.000000 8.000000 558.000000 0.000000
0.95857799 1.29159904 -0.65564603 1003.000000 5.000000 540.000000 0.000000
0.96813798 1.28788805 -0.65685201 490.000000 2.000000 534.000000 0.000000
0.99545902 1.30740702 -0.67091399 141.000000 1.000000 577.000000 0.000000
0.84219998 1.24247098 -0.64987099 703.000000 4.000000 480.000000 0.000000
0.84418797 1.22904801 -0.64521801 942.000000 5.000000 430.000000 0.000000
0.85944599 1.23502302 -0.65156198 1141.000000 6.000000 452.000000 0.000000
0.86336702 1.22453201 -0.64860201 1061.000000 6.000000 414.000000 0.000000
0.86666799 1.21330094 -0.64521801 987.000000 5.000000 363.000000 0.000000
0.90954900 1.25724602 -0.67355502 1323.000000 8.000000 349.000000 0.000000
0.94499600 1.28972399 -0.69554698 2286.000000 19.000000 375.000000 0.000000
0.95450598 1.28608894 -0.69681603 2327.000000 20.000000 312.000000 0.000000
0.96563500 1.28456199 -0.69935399 2050.000000 16.000000 295.000000 0.000000
0.97787499 1.28439200 -0.70273697 1306.000000 9.000000 274.000000 0.000000
0.99456102 1.28987300 -0.70950401 545.000000 3.000000 237.000000 0.000000
1.10547197 1.32989800 -0.75645000 1486.000000 10.000000 165.000000 0.000000
1.11361206 1.32308900 -0.75645000 1495.000000 11.000000 209.000000 0.000000
1.10647094 1.29826295 -0.74545401 528.000000 3.000000 159.000000 0.000000
1.10874701 1.22266996 -0.71965498 1241.000000 8.000000 141.000000 0.000000
0.80929297 1.36553204 -0.74073899 1347.000000 7.000000 196.000000 0.000000
0.82504100 1.37280405 -0.74788600 1779.000000 10.000000 252.000000 0.000000
0.84930098 1.39367902 -0.76307303 1948.000000 12.000000 232.000000 0.000000
0.84983099 1.37550902 -0.75547898 1862.000000 11.000000 273.000000 0.000000
0.86063200 1.37405801 -0.75771302 1483.000000 8.000000 259.000000 0.000000
0.87144798 1.37252605 -0.75994599 1089.000000 6.000000 263.000000 0.000000
0.87015700 1.35211396 -0.75101298 551.000000 2.000000 298.000000 0.000000
0.86332899 1.27190602 -0.71572602 911.000000 4.000000 319.000000 0.000000
0.85436398 1.24227297 -0.70098603 1105.000000 5.000000 449.000000 0.000000
0.86197001 1.23700702 -0.70098603 1096.000000 5.000000 383.000000 0.000000
0.86954403 1.23169506 -0.70098603 1081.000000 5.000000 446.000000 0.000000
0.87760597 1.22706401 -0.70143300 1007.000000 5.000000 462.000000 0.000000
0.90719402 1.25206602 -0.72019303 771.000000 3.000000 494.000000 0.000000
0.93818098 1.27819097 -0.73984599 1227.000000 6.000000 536.000000 0.000000
0.94600600 1.27241004 -0.73984599 1360.000000 7.000000 584.000000 0.000000
0.95541197 1.26872396 -0.74118602 1483.000000 8.000000 563.000000 0.000000
0.96698201 1.26781499 -0.74431300 1421.000000 8.000000 690.000000 0.000000
0.98350400 1.27317905 -0.75145900 1182.000000 6.000000 690.000000 0.000000
0.98909003 1.26430297 -0.74967301 892.000000 4.000000 646.000000 0.000000
1.08816898 1.30618405 -0.79701900 1307.000000 7.000000 673.000000 0.000000
1.09616303 1.29948294 -0.79701900 1396.000000 8.000000 720.000000 0.000000
1.10353506 1.29205298 -0.79657298 1021.000000 5.000000 597.000000 0.000000
1.08098102 1.25009096 -0.77334601 235.000000 1.000000 589.000000 0.000000
1.07034397 1.22258198 -0.75949901 372.000000 1.000000 573.000000 0.000000
1.09386396 1.23405504 -0.77155900 250.000000 1.000000 592.000000 0.000000
0.87832701 1.32279098 -0.78729701 421.000000 2.000000 582.000000 0.000000
0.93747199 1.27168298 -0.78309000 218.000000 1.000000 255.000000 0.000000
0.96212101 1.28862000 -0.79804897 847.000000 5.000000 278.000000 0.000000
0.96097702 1.27068102 -0.79010201 1483.000000 11.000000 264.000000 0.000000
0.96875602 1.26476097 -0.79010201 1706.000000 13.000000 253.000000 0.000000
0.98081702 1.26439202 -0.79384202 2134.000000 17.000000 279.000000 0.000000
0.99019003 1.26043999 -0.79524398 2276.000000 19.000000 239.000000 0.000000
0.99516302 1.25087404 -0.79290700 1761.000000 13.000000 204.000000 0.000000
1.00945199 1.25302303 -0.79851699 1145.000000 8.000000 187.000000 0.000000
1.00820994 1.23582196 -0.79103702 329.000000 2.000000 171.000000 0.000000
1.02793896 1.21367395 -0.78869998 609.000000 3.000000 167.000000 0.000000
1.03192496 1.20330906 -0.78589499 499.000000 3.000000 161.000000 0.000000
1.08378196 1.21786904 -0.80973601 1153.000000 8.000000 158.000000 0.000000
1.09772396 1.21843803 -0.81487799 842.000000 5.000000 124.000000 0.000000
0.83590502 1.33211696 -0.83234203 1000.000000 5.000000 180.000000 0.000000
0.87918502 1.38206899 -0.86914802 1245.000000 7.000000 387.000000 0.000000
0.88386601 1.37079406 -0.86522198 1470.000000 8.000000 304.000000 0.000000
0.89751101 1.37336302 -0.87062001 1334.000000 7.000000 347.000000 0.000000
0.90495700 1.36637795 -0.86963898 1026.000000 5.000000 336.000000 0.000000
0.86015701 1.24838996 -0.80044299 984.000000 5.000000 421.000000 0.000000
0.86380500 1.23737597 -0.79651701 910.000000 4.000000 405.000000 0.000000
0.87138098 1.23205304 -0.79651701 882.000000 4.000000 395.000000 0.000000
0.88248199 1.23163795 -0.79995197 629.000000 3.000000 478.000000 0.000000
0.88950998 1.22549498 -0.79946101 580.000000 3.000000 540.000000 0.000000
0.90114701 1.22562599 -0.80338699 362.000000 1.000000 494.000000 0.000000
1.03607798 1.24159396 -0.85737002 319.000000 1.000000 585.000000 0.000000
1.05887496 1.25317001 -0.87062001 274.000000 1.000000 591.000000 0.000000
1.03819501 1.21357000 -0.84608299 526.000000 2.000000 632.000000 0.000000
1.04505098 1.20651901 -0.84559202 925.000000 5.000000 662.000000 0.000000
1.04553401 1.19222903 -0.83970302 725.000000 3.000000 608.000000 0.000000
1.06441104 1.19881201 -0.84951800 474.000000 2.000000 543.000000 0.000000
1.07082403 1.17664504 -0.84264702 660.000000 3.000000 474.000000 0.000000
1.08511496 1.17773604 -0.84853601 1010.000000 5.000000 463.000000 0.000000
1.08875203 1.16723597 -0.84559202 1253.000000 7.000000 416.000000 0.000000
1.09768999 1.16243196 -0.84706402 977.000000 5.000000 488.000000 0.000000
0.92054403 1.41662502 -0.94942600 416.000000 3.000000 776.000000 0.000000
0.86788201 1.26572204 -0.85750097 451.000000 2.000000 378.000000 0.000000
0.86293000 1.24197805 -0.84422302 888.000000 6.000000 365.000000 0.000000
0.87004203 1.23595595 -0.84371299 867.000000 5.000000 354.000000 0.000000
0.87562001 1.22778797 -0.84166998 977.000000 6.000000 361.000000 0.000000
0.88714898 1.22797894 -0.84575498 845.000000 5.000000 317.000000 0.000000
0.89669001 1.22529399 -0.84779799 845.000000 5.000000 274.000000 0.000000
0.91898102 1.23984206 -0.86260802 310.000000 1.000000 387.000000 0.000000
0.96516597 1.25343597 -0.88558900 757.000000 5.000000 348.000000 0.000000
0.98284900 1.26040006 -0.89529300 1285.000000 9.000000 257.000000 0.000000
0.98897099 1.25231695 -0.89376098 1769.000000 14.000000 245.000000 0.000000
0.99021500 1.23815000 -0.88763201 2232.000000 19.000000 232.000000 0.000000
0.99725401 1.23138106 -0.88712102 2179.000000 18.000000 233.000000 0.000000
1.00696397 1.22790396 -0.88916397 2041.000000 17.000000 250.000000 0.000000
1.01721704 1.22501695 -0.89171797 1497.000000 11.000000 218.000000 0.000000
1.04842806 1.24711502 -0.91367799 699.000000 4.000000 216.000000 0.000000
1.06618905 1.19188499 -0.89580297 909.000000 6.000000 274.000000 0.000000
1.07060504 1.18212605 -0.89324999 1530.000000 11.000000 199.000000 0.000000
1.07841802 1.17616999 -0.89376098 1479.000000 11.000000 175.000000 0.000000
1.08561397 1.16953099 -0.89376098 1600.000000 12.000000 159.000000 0.000000
1.10333598 1.17415500 -0.90295303 797.000000 5.000000 251.000000 0.000000
0.88119698 1.40148199 -0.99005300 1435.000000 9.000000 362.000000 0.000000
0.88067800 1.38179600 -0.97937500 1461.000000 9.000000 340.000000 0.000000
0.89005899 1.37778497 -0.98044300 1454.000000 9.000000 346.000000 0.000000
0.89525002 1.36734903 -0.97670501 1460.000000 9.000000 315.000000 0.000000
0.91813397 1.38365901 -0.99325699 1105.000000 6.000000 323.000000 0.000000
0.93983501 1.39763403 -1.00820601 907.000000 5.000000 378.000000 0.000000
0.86456501 1.25247800 -0.90569502 734.000000 3.000000 449.000000 0.000000
0.86349899 1.23468602 -0.89608502 901.000000 4.000000 429.000000 0.000000
0.87497401 1.23487997 -0.90035599 739.000000 3.000000 422.000000 0.000000
0.88154799 1.22811496 -0.89928901 631.000000 3.000000 475.000000 0.000000
0.88906699 1.22268295 -0.89928901 637.000000 3.000000 481.000000 0.000000
0.94425100 1.28183496 -0.95001000 452.000000 2.000000 599.000000 0.000000
0.99310601 1.33087301 -0.99325699 310.000000 1.000000 572.000000 0.000000
0.99026603 1.24555004 -0.94947600 800.000000 4.000000 661.000000 0.000000
1.00547600 1.23330402 -0.94947600 1021.000000 5.000000 660.000000 0.000000
1.02976298 1.23189294 -0.95855200 639.000000 3.000000 636.000000 0.000000
1.04113102 1.23006594 -0.96228999 469.000000 2.000000 655.000000 0.000000
1.07497501 1.19378304 -0.95908600 645.000000 3.000000 624.000000 0.000000
1.07315600 1.17717505 -0.95054400 820.000000 4.000000 492.000000 0.000000
1.08782101 1.17863905 -0.95748502 519.000000 2.000000 476.000000 0.000000
1.02343702 1.56894398 -1.18860996 579.000000 5.000000 495.000000 0.000000
0.92503601 1.39839804 -1.05800998 437.000000 3.000000 470.000000 0.000000
0.93637103 1.39685404 -1.06132996 524.000000 4.000000 487.000000 0.000000
0.94497502 1.37288594 -1.05136895 509.000000 3.000000 393.000000 0.000000
0.88551199 1.26918101 -0.97223401 658.000000 4.000000 333.000000 0.000000
0.88274902 1.24872994 -0.96005899 816.000000 5.000000 267.000000 0.000000
0.88701397 1.23854005 -0.95618498 924.000000 6.000000 309.000000 0.000000
0.89264798 1.23037100 -0.95397198 819.000000 5.000000 296.000000 0.000000
0.89968997 1.22419798 -0.95341802 814.000000 5.000000 250.000000 0.000000
0.94730997 1.27289200 -0.99824297 483.000000 3.000000 261.000000 0.000000
1.10294795 1.46435201 -1.16204703 671.000000 6.000000 244.000000 0.000000
1.00969005 1.32287395 -1.04970896 610.000000 4.000000 298.000000 0.000000
1.06347406 1.37608600 -1.09951401 709.000000 5.000000 260.000000 0.000000
1.00896299 1.28869498 -1.03144705 757.000000 6.000000 245.000000 0.000000
0.98797297 1.24585104 -1.00045705 1146.000000 8.000000 255.000000 0.000000
0.99403900 1.23781300 -0.99879700 1279.000000 9.000000 225.000000 0.000000
0.99376100 1.22197402 -0.99049598 1757.000000 14.000000 254.000000 0.000000
0.99912900 1.21327603 -0.98828202 2303.000000 20.000000 245.000000 0.000000
1.01080799 1.21225202 -0.99270898 2010.000000 16.000000 244.000000 0.000000
1.02144003 1.20985496 -0.99602997 1454.000000 11.000000 201.000000 0.000000
1.04340804 1.22070098 -1.01097095 605.000000 4.000000 177.000000 0.000000
1.04572701 1.14981496 -0.97666103 1267.000000 9.000000 205.000000 0.000000
1.04938805 1.13969100 -0.97333997 1021.000000 7.000000 197.000000 0.000000
1.06202304 1.13934004 -0.97887403 1284.000000 9.000000 168.000000 0.000000
1.07241297 1.13644600 -0.98219502 1335.000000 9.000000 225.000000 0.000000
1.12697697 1.17997003 -1.02812600 534.000000 4.000000 192.000000 0.000000
0.92969400 1.55850697 -1.22145998 1273.000000 8.000000 249.000000 0.000000
0.91763401 1.51711905 -1.19208395 1211.000000 8.000000 280.000000 0.000000
0.89483100 1.45922303 -1.14888299 1113.000000 6.000000 302.000000 0.000000
0.88950503 1.43080699 -1.12987494 923.000000 5.000000 230.000000 0.000000
0.93100101 1.47716200 -1.17307496 1129.000000 7.000000 294.000000 0.000000
0.94797897 1.48381400 -1.18344402 1227.000000 8.000000 304.000000 0.000000
0.91835999 1.41830695 -1.13333094 1483.000000 9.000000 307.000000 0.000000
0.90683699 1.38190901 -1.10741103 1716.000000 11.000000 336.000000 0.000000
0.93025702 1.39876699 -1.12641895 1550.000000 10.000000 377.000000 0.000000
0.91640800 1.35983706 -1.09819496 915.000000 5.000000 377.000000 0.000000
1.02720594 1.50396204 -1.22606802 672.000000 4.000000 382.000000 0.000000
0.92976600 1.34378600 -1.09416294 655.000000 3.000000 370.000000 0.000000
0.88725197 1.26581001 -1.03195405 778.000000 4.000000 400.000000 0.000000
0.89026302 1.25368202 -1.02619398 768.000000 4.000000 426.000000 0.000000
0.89985102 1.25084805 -1.02849805 634.000000 3.000000 451.000000 0.000000
0.90895498 1.24728405 -1.03022599 610.000000 3.000000 494.000000 0.000000
0.92096603 1.24759805 -1.03541005 593.000000 3.000000 558.000000 0.000000
0.95164001 1.27267206 -1.06248295 482.000000 2.000000 604.000000 0.000000
0.96733701 1.27722800 -1.07169902 486.000000 2.000000 574.000000 0.000000
0.97764599 1.27450895 -1.07457900 487.000000 2.000000 573.000000 0.000000
0.97791702 1.25881004 -1.06593895 642.000000 3.000000 648.000000 0.000000
0.99520499 1.20304501 -1.04289806 864.000000 4.000000 650.000000 0.000000
0.99573702 1.18877602 -1.03541005 974.000000 5.000000 658.000000 0.000000
1.11367798 1.29668200 -1.14715505 361.000000 2.000000 614.000000 0.000000
1.08339095 1.18593001 -1.07457900 557.000000 3.000000 452.000000 0.000000
1.11175895 1.20204604 -1.09646702 441.000000 2.000000 426.000000 0.000000
1.07493305 1.14810097 -1.05096197 638.000000 3.000000 362.000000 0.000000
1.07238901 1.13140702 -1.04117000 784.000000 4.000000 361.000000 0.000000
1.06911302 1.11419797 -1.03080201 845.000000 4.000000 371.000000 0.000000
1.07079804 1.10234499 -1.02561796 957.000000 5.000000 374.000000 0.000000
0.89741701 1.46748698 -1.21532297 555.000000 5.000000 622.000000 0.000000
0.91610301 1.47768998 -1.22900701 368.000000 3.000000 578.000000 0.000000
0.93154103 1.48226595 -1.23793197 408.000000 3.000000 495.000000 0.000000
0.96409702 1.45359099 -1.23317206 456.000000 4.000000 354.000000 0.000000
0.97389102 1.44898403 -1.23436201 408.000000 3.000000 352.000000 0.000000
0.93273801 1.36910903 -1.16832101 834.000000 6.000000 419.000000 0.000000
0.94248599 1.36534798 -1.17010605 886.000000 7.000000 385.000000 0.000000
0.90221202 1.28958702 -1.10704005 628.000000 5.000000 351.000000 0.000000
0.89807302 1.26694202 -1.09157097 719.000000 5.000000 286.000000 0.000000
0.89789402 1.25028503 -1.08145702 759.000000 5.000000 302.000000 0.000000
0.90978599 1.25061500 -1.08681095 738.000000 5.000000 283.000000 0.000000
0.91459399 1.24111795 -1.08324099 750.000000 5.000000 278.000000 0.000000
0.92650098 1.24129295 -1.08859599 706.000000 5.000000 220.000000 0.000000
0.94375598 1.24843597 -1.10049498 635.000000 5.000000 250.000000 0.000000
0.95869899 1.25221705 -1.10941994 563.000000 4.000000 246.000000 0.000000
0.95949602 1.23739803 -1.10108995 774.000000 6.000000 232.000000 0.000000
0.96855402 1.23338795 -1.10287499 942.000000 7.000000 276.000000 0.000000
0.97859597 1.23057401 -1.10584998 1256.000000 11.000000 276.000000 0.000000
0.98462099 1.22266400 -1.10406494 1127.000000 9.000000 243.000000 0.000000
0.98653698 1.20973098 -1.09752095 991.000000 8.000000 255.000000 0.000000
0.99598098 1.20614100 -1.09990001 1325.000000 11.000000 251.000000 0.000000
0.99822599 1.19382501 -1.09395099 1178.000000 10.000000 258.000000 0.000000
1.00398004 1.18583298 -1.09216595 994.000000 8.000000 245.000000 0.000000
1.03000295 1.20167506 -1.11358500 758.000000 6.000000 221.000000 0.000000
1.04575801 1.20506895 -1.12310398 804.000000 6.000000 231.000000 0.000000
1.07058096 1.21860600 -1.14273798 711.000000 5.000000 253.000000 0.000000
1.06792104 1.20057499 -1.13143301 781.000000 6.000000 252.000000 0.000000
1.05543101 1.17184305 -1.10941994 872.000000 7.000000 224.000000 0.000000
1.04964602 1.15105295 -1.09514105 935.000000 7.000000 234.000000 0.000000
1.10614300 1.19848001 -1.14928198 731.000000 5.000000 222.000000 0.000000
1.11675799 1.19520295 -1.15285206 670.000000 5.000000 252.000000 0.000000
0.82566798 1.45961297 -1.25594604 1124.000000 7.000000 249.000000 0.000000
0.85182202 1.32905996 -1.17879903 939.000000 5.000000 316.000000 0.000000
0.85867298 1.32183003 -1.17694700 891.000000 5.000000 369.000000 0.000000
0.90402502 1.28547001 -1.17324400 666.000000 3.000000 380.000000 0.000000
0.89543700 1.25684500 -1.15102601 755.000000 4.000000 467.000000 0.000000
0.89575398 1.24112594 -1.14115095 786.000000 4.000000 464.000000 0.000000
0.90381801 1.23624098 -1.14176905 819.000000 4.000000 482.000000 0.000000
0.91091698 1.23003995 -1.14115095 758.000000 4.000000 502.000000 0.000000
0.91939300 1.22568595 -1.14238596 742.000000 4.000000 507.000000 0.000000
0.92785001 1.22127295 -1.14362001 770.000000 4.000000 523.000000 0.000000
0.94541502 1.22864294 -1.15658104 934.000000 5.000000 581.000000 0.000000
0.95148301 1.22095799 -1.15472901 903.000000 5.000000 603.000000 0.000000
0.95749301 1.21324503 -1.15287805 892.000000 5.000000 626.000000 0.000000
0.96491897 1.20734799 -1.15287805 925.000000 5.000000 600.000000 0.000000
0.97082198 1.19957101 -1.15102601 969.000000 5.000000 581.000000 0.000000
0.97816497 1.19359100 -1.15102601 945.000000 5.000000 593.000000 0.000000
0.98969799 1.17788601 -1.14732301 895.000000 5.000000 522.000000 0.000000
1.01630294 1.19454598 -1.17077601 1052.000000 6.000000 532.000000 0.000000
1.03132498 1.19722199 -1.18003297 1075.000000 6.000000 625.000000 0.000000
1.04072201 1.19324100 -1.18250203 1430.000000 9.000000 580.000000 0.000000
1.04541802 1.18388700 -1.17941594 1279.000000 8.000000 493.000000 0.000000
1.04741204 1.17158902 -1.17324400 993.000000 6.000000 421.000000 0.000000
1.05299604 1.16339099 -1.17139304 1030.000000 6.000000 425.000000 0.000000
1.08459198 1.18357003 -1.19978297 720.000000 4.000000 364.000000 0.000000
1.09290504 1.17804599 -1.20101702 565.000000 3.000000 353.000000 0.000000
1.10334802 1.17475605 -1.20472002 689.000000 4.000000 347.000000 0.000000
1.09968102 1.15656900 -1.19237697 882.000000 5.000000 311.000000 0.000000
1.09911096 1.14187098 -1.18373597 848.000000 5.000000 316.000000 0.000000
0.90349400 1.27381504 -1.22491598 616.000000 5.000000 319.000000 0.000000
0.89200002 1.24122298 -1.19759297 874.000000 7.000000 293.000000 0.000000
0.89960003 1.23572695 -1.19759297 880.000000 7.000000 324.000000 0.000000
0.90625203 1.22893798 -1.19632196 780.000000 6.000000 250.000000 0.000000
0.91469598 1.22459400 -1.19759297 726.000000 6.000000 324.000000 0.000000
0.92219299 1.21895802 -1.19759297 768.000000 6.000000 303.000000 0.000000
0.93807399 1.22433603 -1.20903099 927.000000 7.000000 278.000000 0.000000
0.94651198 1.21977997 -1.21030104 1104.000000 9.000000 288.000000 0.000000
0.95397800 1.21395004 -1.21030104 1251.000000 11.000000 284.000000 0.000000
0.95949298 1.20565104 -1.20775998 1347.000000 12.000000 322.000000 0.000000
0.96639001 1.19913805 -1.20712399 1226.000000 10.000000 270.000000 0.000000
0.96789402 1.18598902 -1.19949901 949.000000 8.000000 253.000000 0.000000
0.97515202 1.18002701 -1.19949901 1229.000000 10.000000 277.000000 0.000000
0.98237503 1.17402196 -1.19949901 1141.000000 10.000000 311.000000 0.000000
0.98956001 1.16797197 -1.19949901 1161.000000 10.000000 326.000000 0.000000
1.00672603 1.17363095 -1.21220803 1021.000000 8.000000 238.000000 0.000000
1.01592696 1.16977000 -1.21474898 900.000000 7.000000 266.000000 0.000000
1.02257705 1.16293299 -1.21411395 908.000000 7.000000 272.000000 0.000000
1.03327501 1.16068494 -1.21856201 955.000000 8.000000 275.000000 0.000000
1.95751595 1.39600301 -0.67056501 849.000000 10.000000 396.000000 0.000000
2.00103688 1.37223101 -0.67713600 309.000000 3.000000 356.000000 0.000000
1.99626994 1.42454100 -0.75218803 2422.000000 24.000000 146.000000 0.000000
2.01430392 1.41883004 -0.75590599 2814.000000 30.000000 192.000000 0.000000
2.02297211 1.40644395 -0.75590599 2546.000000 26.000000 190.000000 0.000000
2.02999496 1.39293003 -0.75528699 1503.000000 12.000000 348.000000 0.000000
1.88016498 1.38129604 -0.77349800 353.000000 3.000000 258.000000 0.000000
1.89165604 1.37195396 -0.77482599 331.000000 3.000000 251.000000 0.000000
1.91612506 1.37188101 -0.78179801 373.000000 4.000000 263.000000 0.000000
2.01914096 1.42722404 -0.82263303 811.000000 9.000000 315.000000 0.000000
2.01395106 1.40506899 -0.81665701 1031.000000 12.000000 300.000000 0.000000
2.03417492 1.40073001 -0.82163697 851.000000 10.000000 367.000000 0.000000
2.05675912 1.39778805 -0.82761300 706.000000 8.000000 370.000000 0.000000
2.06294894 1.38356197 -0.82661700 446.000000 4.000000 347.000000 0.000000
2.09324288 1.29475200 -0.81864899 112.000000 1.000000 458.000000 0.000000
2.12286711 1.29518402 -0.82761300 156.000000 1.000000 497.000000 0.000000
1.88566399 1.38042605 -0.84200799 1454.000000 12.000000 133.000000 0.000000
1.89940202 1.37265801 -0.84450001 1668.000000 14.000000 143.000000 0.000000
1.90550601 1.35934997 -0.84343201 1397.000000 11.000000 144.000000 0.000000
2.02540588 1.42611802 -0.89542001 2050.000000 19.000000 140.000000 0.000000
2.03642106 1.41526198 -0.89648902 2630.000000 27.000000 198.000000 0.000000
2.04352498 1.40168297 -0.89577699 2819.000000 30.000000 221.000000 0.000000
2.05905390 1.39382899 -0.89898098 2547.000000 26.000000 160.000000 0.000000
2.06057096 1.37650096 -0.89577699 1636.000000 14.000000 139.000000 0.000000
2.12517309 1.40083003 -0.92141497 535.000000 4.000000 223.000000 0.000000
2.13843012 1.39081800 -0.92355102 505.000000 4.000000 119.000000 0.000000
2.14613700 1.37716699 -0.92319500 259.000000 2.000000 189.000000 0.000000
1.95346606 1.53755605 -0.96487701 833.000000 9.000000 375.000000 0.000000
1.96724498 1.52895701 -0.96714300 961.000000 13.000000 237.000000 0.000000
1.98099101 1.52024698 -0.96940899 600.000000 8.000000 318.000000 0.000000
1.86974299 1.36291504 -0.89462900 608.000000 7.000000 197.000000 0.000000
1.88182402 1.35412800 -0.89651698 611.000000 7.000000 301.000000 0.000000
1.93156302 1.37212098 -0.91728902 376.000000 4.000000 324.000000 0.000000
2.02248192 1.41832995 -0.95845699 302.000000 3.000000 335.000000 0.000000
2.04027200 1.41223300 -0.96298897 680.000000 7.000000 333.000000 0.000000
2.04889894 1.39968705 -0.96298897 755.000000 8.000000 298.000000 0.000000
2.06358409 1.39124000 -0.96600997 600.000000 8.000000 374.000000 0.000000
2.08363199 1.38626504 -0.97167498 498.000000 6.000000 406.000000 0.000000
2.14776897 1.41013300 -0.99886799 218.000000 2.000000 445.000000 0.000000
1.90297699 1.50207198 -1.01363897 1007.000000 7.000000 175.000000 0.000000
2.01837707 1.57306099 -1.07270205 1136.000000 10.000000 231.000000 0.000000
2.04919910 1.55703199 -1.07913101 1035.000000 9.000000 263.000000 0.000000
1.87267196 1.36943901 -0.96783501 1321.000000 10.000000 163.000000 0.000000
1.88029695 1.35738695 -0.96743399 1408.000000 11.000000 141.000000 0.000000
1.89381301 1.34954095 -0.97024602 1252.000000 10.000000 128.000000 0.000000
2.00471306 1.41001296 -1.02529097 1072.000000 8.000000 135.000000 0.000000
2.02461505 1.40551305 -1.03131795 1290.000000 12.000000 174.000000 0.000000
2.05133796 1.40547502 -1.04096103 2171.000000 24.000000 200.000000 0.000000
2.05916405 1.39234996 -1.04055905 2182.000000 24.000000 192.000000 0.000000
2.06157303 1.37562597 -1.03734505 1851.000000 19.000000 146.000000 0.000000
2.09292793 1.37804496 -1.04939795 1175.000000 10.000000 165.000000 0.000000
2.13360691 1.38611305 -1.06627297 1998.000000 21.000000 140.000000 0.000000
2.13590193 1.36904597 -1.06305897 2293.000000 26.000000 228.000000 0.000000
2.14348793 1.35542500 -1.06265700 1417.000000 13.000000 183.000000 0.000000
1.88333905 1.52809596 -1.08126402 610.000000 7.000000 227.000000 0.000000
1.89974201 1.52218997 -1.08549297 630.000000 7.000000 221.000000 0.000000
1.97972000 1.50812995 -1.11086905 497.000000 6.000000 183.000000 0.000000
1.97591805 1.48612797 -1.10325599 523.000000 7.000000 232.000000 0.000000
1.97700703 1.46801996 -1.09860396 171.000000 2.000000 228.000000 0.000000
1.89254904 1.38712597 -1.04446900 361.000000 4.000000 209.000000 0.000000
1.88782704 1.36590302 -1.03685606 532.000000 6.000000 239.000000 0.000000
1.89396298 1.35270905 -1.03558695 604.000000 7.000000 286.000000 0.000000
1.94512796 1.37142396 -1.06011701 397.000000 4.000000 273.000000 0.000000
2.00624990 1.39630604 -1.09014499 419.000000 5.000000 278.000000 0.000000
2.03343105 1.39682806 -1.10071898 523.000000 7.000000 309.000000 0.000000
2.04720807 1.38789403 -1.10367894 545.000000 7.000000 307.000000 0.000000
2.03838205 1.36368704 -1.09395194 400.000000 5.000000 306.000000 0.000000
2.05199909 1.35465801 -1.09691203 363.000000 4.000000 369.000000 0.000000
2.09212708 1.36286902 -1.11467600 492.000000 6.000000 374.000000 0.000000
2.11034799 1.35639203 -1.12017405 453.000000 6.000000 414.000000 0.000000
1.88235700 1.55952203 -1.16864598 879.000000 7.000000 149.000000 0.000000
1.86417902 1.52529597 -1.15077901 795.000000 7.000000 179.000000 0.000000
1.86166704 1.50427604 -1.14318597 1217.000000 9.000000 181.000000 0.000000
1.82818305 1.45880902 -1.11593902 1383.000000 11.000000 191.000000 0.000000
1.84131801 1.45088398 -1.11861897 1257.000000 10.000000 138.000000 0.000000
1.84665298 1.43681395 -1.11638606 1407.000000 11.000000 183.000000 0.000000
1.85117602 1.42218804 -1.11370599 1640.000000 14.000000 168.000000 0.000000
1.85986698 1.41080296 -1.11370599 1647.000000 14.000000 175.000000 0.000000
1.86777198 1.39882803 -1.11325896 1579.000000 13.000000 179.000000 0.000000
1.87416101 1.38574696 -1.11191905 1431.000000 12.000000 167.000000 0.000000
1.87973702 1.37211299 -1.11013198 1415.000000 11.000000 179.000000 0.000000
1.87867999 1.35375905 -1.10432601 1650.000000 14.000000 142.000000 0.000000
1.88986897 1.34427905 -1.10611200 1530.000000 13.000000 173.000000 0.000000
1.90467405 1.33728099 -1.11013198 1082.000000 8.000000 149.000000 0.000000
1.90328002 1.31894898 -1.10432601 1249.000000 10.000000 169.000000 0.000000
1.91503096 1.30976999 -1.10655904 1188.000000 9.000000 149.000000 0.000000
1.91858006 1.29499400 -1.10387897 1235.000000 10.000000 140.000000 0.000000
2.04493499 1.36198902 -1.17489898 1458.000000 14.000000 146.000000 0.000000
2.06073308 1.35432506 -1.17936599 1458.000000 14.000000 159.000000 0.000000
1.82881403 1.58980203 -1.22905397 141.000000 1.000000 138.000000 0.000000
1.84791100 1.58662903 -1.23559797 503.000000 6.000000 187.000000 0.000000
1.86097705 1.57812595 -1.23793602 576.000000 7.000000 188.000000 0.000000
1.86318099 1.56042099 -1.23279405 423.000000 5.000000 168.000000 0.000000
1.83190894 1.51508105 -1.20474601 87.000000 1.000000 167.000000 0.000000
1.88071001 1.40585995 -1.18931901 487.000000 5.000000 233.000000 0.000000
1.89356303 1.39745104 -1.19212401 555.000000 6.000000 214.000000 0.000000
1.87784100 1.36806297 -1.17622995 399.000000 4.000000 215.000000 0.000000
1.88476706 1.35547996 -1.17529500 413.000000 4.000000 244.000000 0.000000
1.88872898 1.34081101 -1.17249000 404.000000 4.000000 244.000000 0.000000
1.92945695 1.35208499 -1.19352603 329.000000 3.000000 271.000000 0.000000
2.82404900 1.44679105 -0.65695202 849.000000 8.000000 196.000000 0.000000
2.83200097 1.42899597 -0.65673602 647.000000 6.000000 187.000000 0.000000
2.83923602 1.46814597 -0.74090397 382.000000 6.000000 347.000000 0.000000
2.84213710 1.44760394 -0.73923302 942.000000 16.000000 302.000000 0.000000
2.86224294 1.43581200 -0.74233598 748.000000 12.000000 336.000000 0.000000
2.89623308 1.43072701 -0.74925798 856.000000 14.000000 613.000000 0.000000
2.88917804 1.52452099 -0.84503299 57.000000 1.000000 145.000000 0.000000
2.87419510 1.58274698 -0.93197000 43.000000 1.000000 512.000000 0.000000
2.86085105 1.46278596 -0.91168600 441.000000 6.000000 386.000000 0.000000
2.87148309 1.44606805 -0.91225702 971.000000 16.000000 364.000000 0.000000
2.95151711 1.46385002 -0.93596900 1247.000000 22.000000 343.000000 0.000000
2.97077107 1.45077205 -0.93939799 1358.000000 24.000000 304.000000 0.000000
2.93401289 1.52199602 -1.03012097 721.000000 8.000000 228.000000 0.000000
2.85183907 1.45727801 -0.99665701 492.000000 5.000000 249.000000 0.000000
2.98073697 1.45453298 -1.03383899 569.000000 6.000000 230.000000 0.000000
2.87816095 1.47858703 -1.09121895 187.000000 2.000000 373.000000 0.000000
2.87708497 1.45577598 -1.08723497 531.000000 8.000000 364.000000 0.000000
2.89946389 1.44484401 -1.09254706 447.000000 7.000000 338.000000 0.000000
2.93789506 1.44160604 -1.10416603 906.000000 16.000000 356.000000 0.000000
2.98063898 1.44000804 -1.11744595 1105.000000 20.000000 333.000000 0.000000
2.99878407 1.42615998 -1.12109804 1143.000000 20.000000 318.000000 0.000000
2.43076110 -2.06608200 -0.50191599 1583.000000 17.000000 150.000000 0.000000
2.41505003 -2.07838511 -0.50124300 1685.000000 19.000000 157.000000 0.000000
2.40299511 -2.09381199 -0.50141102 1748.000000 20.000000 156.000000 0.000000
2.48328900 -2.07515693 -0.58796901 906.000000 15.000000 272.000000 0.000000
2.46000791 -2.08149195 -0.58528799 1370.000000 24.000000 271.000000 0.000000
2.43674397 -2.08762097 -0.58260697 1656.000000 31.000000 251.000000 0.000000
2.42463112 -2.10317492 -0.58279902 1659.000000 31.000000 254.000000 0.000000
2.41094303 -2.11736608 -0.58260697 1213.000000 21.000000 255.000000 0.000000
2.39863896 -2.13277102 -0.58279902 934.000000 15.000000 305.000000 0.000000
2.32781696 -2.09564209 -0.56767100 833.000000 13.000000 246.000000 0.000000
2.29530597 -2.09206009 -0.56250000 680.000000 10.000000 274.000000 0.000000
2.47594500 -2.02790594 -0.66299301 748.000000 8.000000 567.000000 0.000000
2.50027204 -2.07361889 -0.67356598 1970.000000 25.000000 177.000000 0.000000
2.48002601 -2.08263898 -0.67140800 2581.000000 38.000000 179.000000 0.000000
2.46645689 -2.09718394 -0.67119199 2563.000000 37.000000 215.000000 0.000000
2.45428205 -2.11291599 -0.67140800 2044.000000 27.000000 157.000000 0.000000
2.49425006 -2.17415190 -0.68694299 909.000000 9.000000 145.000000 0.000000
2.32253408 -2.07507110 -0.64400703 983.000000 10.000000 166.000000 0.000000
2.30758595 -2.08731699 -0.64335901 1352.000000 14.000000 169.000000 0.000000
2.31921005 -2.12386894 -0.65069503 913.000000 9.000000 123.000000 0.000000
2.49580097 -2.05394101 -0.74973601 662.000000 10.000000 424.000000 0.000000
2.48315096 -2.06921601 -0.74973601 1210.000000 21.000000 639.000000 0.000000
2.46008301 -2.12789512 -0.75474900 529.000000 8.000000 440.000000 0.000000
2.31487703 -2.07823491 -0.71989799 822.000000 12.000000 257.000000 0.000000
2.29632592 -2.08718204 -0.71798801 1082.000000 17.000000 284.000000 0.000000
2.30207801 -2.11830497 -0.72419500 476.000000 7.000000 254.000000 0.000000
2.58000898 -2.08762097 -0.85923702 768.000000 8.000000 264.000000 0.000000
2.52686501 -2.07037807 -0.84503299 1937.000000 25.000000 185.000000 0.000000
2.50075293 -2.07474899 -0.84029901 2312.000000 32.000000 180.000000 0.000000
2.49536109 -2.09626293 -0.84292901 2040.000000 27.000000 239.000000 0.000000
2.53595090 -2.18404698 -0.86686498 282.000000 3.000000 237.000000 0.000000
2.32777500 -2.08048296 -0.80557901 1495.000000 16.000000 144.000000 0.000000
2.32068706 -2.09990811 -0.80768299 1347.000000 14.000000 165.000000 0.000000
2.31629205 -2.12193203 -0.81083900 488.000000 4.000000 163.000000 0.000000
2.52199507 -2.06886911 -0.92625600 1302.000000 23.000000 186.000000 0.000000
2.50408792 -2.08002400 -0.92425603 1782.000000 34.000000 199.000000 0.000000
2.49862003 -2.10151005 -0.92711300 1644.000000 31.000000 203.000000 0.000000
2.48275590 -2.11432004 -0.92597002 1318.000000 23.000000 189.000000 0.000000
2.47191596 -2.13138795 -0.92682701 759.000000 12.000000 180.000000 0.000000
2.40028811 -2.12163401 -0.90882897 618.000000 10.000000 174.000000 0.000000
2.33146095 -2.08654499 -0.88654500 906.000000 15.000000 273.000000 0.000000
2.32145810 -2.10338092 -0.88768798 641.000000 10.000000 264.000000 0.000000
2.29012489 -2.10076690 -0.88025999 309.000000 4.000000 278.000000 0.000000
2.54922509 -2.06634688 -1.02237499 1394.000000 16.000000 193.000000 0.000000
2.52327394 -2.07108593 -1.01679802 1821.000000 23.000000 163.000000 0.000000
2.50686407 -2.08348989 -1.01524794 2244.000000 31.000000 187.000000 0.000000
2.49621391 -2.10067010 -1.01617801 1850.000000 23.000000 188.000000 0.000000
2.56647396 -2.18689609 -1.05181003 1202.000000 14.000000 175.000000 0.000000
2.37342501 -2.09891200 -0.98550302 1018.000000 11.000000 392.000000 0.000000
2.32722092 -2.08361292 -0.97093999 1300.000000 15.000000 186.000000 0.000000
2.32706809 -2.10935307 -0.97651702 1004.000000 11.000000 207.000000 0.000000
2.34556103 -2.09111404 -1.05835104 901.000000 15.000000 221.000000 0.000000
2.31936598 -2.09347510 -1.05204296 759.000000 12.000000 276.000000 0.000000
