-1.64599395 -2.22856402 1.49154198 928.000000 15.000000 220.000000 3.000000
-1.66174996 -2.22125602 1.49341404 1294.000000 22.000000 243.000000 3.000000
-1.66629398 -2.19902992 1.48545694 1106.000000 18.000000 233.000000 3.000000
-1.68297696 -2.19297600 1.48826504 480.000000 7.000000 204.000000 3.000000
-1.61984301 -2.25296211 1.40937603 480.000000 4.000000 196.000000 3.000000
-1.59451401 -2.14154005 1.04424202 1668.000000 16.000000 188.000000 3.000000
-1.60649896 -2.13022494 1.04352999 1695.000000 17.000000 193.000000 3.000000
-1.62124205 -2.12255502 1.04459703 1784.000000 18.000000 142.000000 3.000000
-1.64281905 -2.12365103 1.04993403 1221.000000 11.000000 174.000000 3.000000
-1.65235806 -2.10911798 1.04779899 72.000000 1.000000 142.000000 3.000000
-1.58612895 -2.16840792 0.97485101 649.000000 8.000000 136.000000 3.000000
-1.59324002 -2.15028906 0.97119701 1132.000000 16.000000 155.000000 3.000000
-1.60583901 -2.13971710 0.97086501 716.000000 9.000000 129.000000 3.000000
-1.61438000 -2.12381005 0.96820801 1227.000000 18.000000 130.000000 3.000000
-1.62221301 -2.10713005 0.96521801 1068.000000 15.000000 145.000000 3.000000
-1.64321601 -2.10756302 0.96986800 906.000000 12.000000 158.000000 3.000000
-1.59904206 -2.09727097 0.88732201 1867.000000 19.000000 187.000000 3.000000
-1.66510606 -2.12915707 0.90866703 782.000000 6.000000 161.000000 3.000000
-1.69172704 -2.13603902 0.91578197 44.000000 1.000000 108.000000 3.000000
-1.57359397 -2.14264202 0.82220298 381.000000 4.000000 149.000000 3.000000
-1.59698701 -2.14680290 0.82734197 1389.000000 20.000000 132.000000 3.000000
-1.60598397 -2.16315889 0.76332098 1921.000000 20.000000 181.000000 3.000000
-1.61342299 -2.14555502 0.76069701 2341.000000 26.000000 160.000000 3.000000
-1.63240802 -2.14328790 0.76332098 2035.000000 21.000000 207.000000 3.000000
-1.63491297 -2.11948395 0.75859898 1056.000000 9.000000 127.000000 3.000000
-1.64729202 -2.10865211 0.75833601 1277.000000 11.000000 117.000000 3.000000
-1.65720403 -2.09472299 0.75702399 799.000000 6.000000 154.000000 3.000000
-1.68451595 -2.10258198 0.76332098 198.000000 1.000000 106.000000 3.000000
-1.70529306 -2.10194397 0.76673198 10.000000 1.000000 145.000000 3.000000
-1.60702896 -2.15410709 0.69221300 1306.000000 19.000000 135.000000 3.000000
-1.61028302 -2.13102007 0.68815500 1837.000000 29.000000 147.000000 3.000000
-1.62332797 -2.12109995 0.68815500 1976.000000 32.000000 160.000000 3.000000
-1.63631296 -2.11109900 0.68815500 1741.000000 27.000000 162.000000 3.000000
-1.65043199 -2.10254908 0.68863302 1037.000000 14.000000 113.000000 3.000000
-1.60967100 -2.17125201 0.62747902 518.000000 4.000000 128.000000 3.000000
-1.61298800 -2.14806390 0.62382299 2278.000000 25.000000 156.000000 3.000000
-1.62436295 -2.13579512 0.62317699 2455.000000 28.000000 177.000000 3.000000
-1.63743806 -2.12578797 0.62317699 2417.000000 27.000000 152.000000 3.000000
-1.65105200 -2.11647105 0.62339199 2166.000000 23.000000 151.000000 3.000000
-1.67127597 -2.11549211 0.62597299 1932.000000 20.000000 184.000000 3.000000
-1.70681298 -2.13340211 0.63393098 288.000000 2.000000 138.000000 3.000000
-1.60853696 -2.15069199 0.55646700 597.000000 7.000000 198.000000 3.000000
-1.62229502 -2.14156508 0.55665803 1899.000000 30.000000 165.000000 3.000000
-1.63421202 -2.13001204 0.55627501 1693.000000 26.000000 186.000000 3.000000
-1.64304304 -2.11451197 0.55493599 1184.000000 17.000000 137.000000 3.000000
-1.65659297 -2.10516405 0.55512702 1221.000000 17.000000 192.000000 3.000000
-1.67924798 -2.10725498 0.55818897 1573.000000 24.000000 201.000000 3.000000
-1.67983997 -2.08161712 0.55436200 277.000000 3.000000 173.000000 3.000000
-1.60670197 -2.14123988 0.48830000 1183.000000 10.000000 139.000000 3.000000
-1.63234496 -2.14781809 0.49181700 2457.000000 28.000000 176.000000 3.000000
-1.64007795 -2.13073301 0.49031001 1618.000000 15.000000 166.000000 3.000000
-1.65433395 -2.12218499 0.49064499 1338.000000 12.000000 124.000000 3.000000
-1.66732395 -2.11199403 0.49064499 1258.000000 11.000000 165.000000 3.000000
-1.68210006 -2.10403299 0.49114701 774.000000 6.000000 143.000000 3.000000
-1.63522506 -2.15558290 0.42708001 1521.000000 23.000000 194.000000 3.000000
-1.64119899 -2.13608098 0.42535600 2279.000000 39.000000 174.000000 3.000000
-1.65063500 -2.12127900 0.42449400 1677.000000 26.000000 157.000000 3.000000
-1.65689504 -2.10255098 0.42291400 622.000000 8.000000 134.000000 3.000000
-1.67099702 -2.09389400 0.42320099 666.000000 8.000000 178.000000 3.000000
-1.69312704 -2.09516096 0.42535600 348.000000 4.000000 116.000000 3.000000
-1.64528799 -2.13902402 0.36053699 3221.000000 44.000000 184.000000 3.000000
-1.63945699 -2.10461807 0.35682300 2865.000000 36.000000 206.000000 3.000000
-1.63312602 -2.15048695 0.29609200 940.000000 13.000000 192.000000 3.000000
-1.64205098 -2.13489699 0.29541999 2130.000000 36.000000 197.000000 3.000000
-1.65145600 -2.12006402 0.29484400 2413.000000 43.000000 207.000000 3.000000
-1.66874099 -2.11536789 0.29551601 1854.000000 29.000000 126.000000 3.000000
-1.68230903 -2.10586691 0.29561201 1148.000000 16.000000 154.000000 3.000000
-1.70957196 -2.11332512 0.29782099 646.000000 8.000000 154.000000 3.000000
-1.64626801 -2.08831310 0.22732800 1804.000000 15.000000 178.000000 3.000000
-1.68022203 -2.10466504 0.22976500 979.000000 8.000000 118.000000 3.000000
-1.69435894 -2.09586596 0.22990800 403.000000 3.000000 127.000000 3.000000
-1.72741699 -2.11011791 0.23220199 149.000000 1.000000 152.000000 3.000000
-1.64662194 -2.13932490 0.16657899 1786.000000 27.000000 288.000000 3.000000
-1.65297604 -2.12050605 0.16605100 2022.000000 32.000000 233.000000 3.000000
-1.66410196 -2.10796905 0.16590700 2143.000000 34.000000 252.000000 3.000000
-1.67949605 -2.10084295 0.16609900 1259.000000 17.000000 226.000000 3.000000
-1.64249802 -2.13692594 0.10107300 2443.000000 27.000000 180.000000 3.000000
-1.64697599 -2.11576700 0.10074300 2949.000000 32.000000 205.000000 3.000000
-1.64692199 -2.08914089 0.10024900 2854.000000 30.000000 191.000000 3.000000
-1.68627000 -2.08587098 0.10076700 1967.000000 17.000000 180.000000 3.000000
-1.72184801 -2.10332298 0.10161500 1441.000000 13.000000 135.000000 3.000000
-1.65301800 -2.12055993 0.03819500 2200.000000 39.000000 284.000000 3.000000
-1.66661704 -2.11116409 0.03819500 2082.000000 36.000000 200.000000 3.000000
-1.67143595 -2.09073210 0.03819500 1772.000000 24.000000 274.000000 3.000000
-1.69553900 -2.09444404 0.03819500 1066.000000 15.000000 253.000000 3.000000
-1.72164798 -2.10026002 0.03819500 774.000000 10.000000 199.000000 3.000000
-1.74024105 -2.09659004 0.03819500 247.000000 3.000000 308.000000 3.000000
-1.65306497 -2.15142989 -0.02745100 1118.000000 10.000000 169.000000 3.000000
-1.66869199 -2.14440107 -0.02754900 3058.000000 40.000000 210.000000 3.000000
-1.67934203 -2.13098192 -0.02745100 3099.000000 41.000000 198.000000 3.000000
-1.68801796 -2.11517000 -0.02728000 2715.000000 33.000000 174.000000 3.000000
-1.70285106 -2.10710406 -0.02735400 1602.000000 15.000000 151.000000 3.000000
-1.72778499 -2.11131001 -0.02781800 1296.000000 11.000000 153.000000 3.000000
-1.66792798 -2.08707094 -0.08884600 1675.000000 22.000000 223.000000 3.000000
-1.68948400 -2.08768106 -0.08951700 1139.000000 16.000000 149.000000 3.000000
-1.70036602 -2.07495499 -0.08937300 807.000000 10.000000 156.000000 3.000000
-1.70924795 -2.08868098 -0.15613601 935.000000 8.000000 168.000000 3.000000
-1.73986101 -2.09964895 -0.15816800 701.000000 5.000000 132.000000 3.000000
-1.67317700 -2.12327504 -0.21999000 1918.000000 31.000000 175.000000 3.000000
-1.69175196 -2.11997890 -0.22085400 2285.000000 39.000000 195.000000 3.000000
-1.70472801 -2.10955906 -0.22085400 1477.000000 22.000000 189.000000 3.000000
-1.72330296 -2.10599995 -0.22171900 849.000000 11.000000 183.000000 3.000000
-1.73429096 -2.09308410 -0.22143100 1264.000000 18.000000 162.000000 3.000000
-1.74518502 -2.08011293 -0.22114199 548.000000 7.000000 177.000000 3.000000
-1.68710995 -2.14006901 -0.28973600 1850.000000 18.000000 129.000000 3.000000
-1.69896996 -2.12812591 -0.28949401 1891.000000 19.000000 153.000000 3.000000
-1.70637596 -2.11071610 -0.28840899 775.000000 6.000000 143.000000 3.000000
-1.72432899 -2.10634899 -0.28937399 490.000000 4.000000 98.000000 3.000000
-1.73785400 -2.09649301 -0.28949401 1675.000000 16.000000 148.000000 3.000000
-1.75643301 -2.09263110 -0.29058000 738.000000 6.000000 135.000000 3.000000
-1.68720400 -2.14418101 -0.35399500 691.000000 9.000000 168.000000 3.000000
-1.69355702 -2.12526488 -0.35241401 1387.000000 20.000000 163.000000 3.000000
-1.70098197 -2.10789394 -0.35112101 942.000000 13.000000 158.000000 3.000000
-1.71950996 -2.10432196 -0.35241401 504.000000 6.000000 178.000000 3.000000
-1.73490798 -2.09678602 -0.35298899 463.000000 5.000000 140.000000 3.000000
-1.75091398 -2.08989811 -0.35370699 771.000000 10.000000 146.000000 3.000000
-1.76114798 -2.07609296 -0.35313299 228.000000 2.000000 186.000000 3.000000
-1.68882406 -2.14224100 -0.42297500 1231.000000 11.000000 164.000000 3.000000
-1.70193601 -2.13183808 -0.42297500 1491.000000 14.000000 129.000000 3.000000
-1.71002495 -2.11522508 -0.42162800 1290.000000 11.000000 138.000000 3.000000
-1.72796905 -2.11079192 -0.42297500 508.000000 4.000000 126.000000 3.000000
-1.73522305 -2.09332204 -0.42146000 867.000000 7.000000 146.000000 3.000000
-1.76008296 -2.09697509 -0.42465800 995.000000 8.000000 141.000000 3.000000
-1.68797898 -2.12276506 -0.48571101 1051.000000 14.000000 200.000000 3.000000
-1.70711696 -2.12002110 -0.48762599 1279.000000 18.000000 158.000000 3.000000
-1.71266305 -2.10036802 -0.48532799 875.000000 12.000000 158.000000 3.000000
-1.72926104 -2.09436607 -0.48647699 547.000000 7.000000 138.000000 3.000000
-1.74019396 -2.08145404 -0.48590299 629.000000 8.000000 146.000000 3.000000
-1.76812696 -2.08873796 -0.49049801 453.000000 5.000000 156.000000 3.000000
-1.69800305 -2.12616205 -0.55705601 1914.000000 19.000000 171.000000 3.000000
-1.68644094 -2.08534598 -0.54842597 1289.000000 12.000000 134.000000 3.000000
-1.74904096 -2.08310294 -0.55684000 996.000000 8.000000 129.000000 3.000000
-1.76938403 -2.08125496 -0.55943000 326.000000 2.000000 148.000000 3.000000
-1.71725297 -2.05972195 -0.61439103 841.000000 11.000000 179.000000 3.000000
-1.74549198 -2.06771994 -0.62035900 809.000000 11.000000 165.000000 3.000000
-1.78523004 -2.08875299 -0.63062298 466.000000 6.000000 199.000000 3.000000
-1.73885095 -2.09622002 -0.69694698 403.000000 3.000000 143.000000 3.000000
-1.75354302 -2.08772707 -0.69773602 443.000000 3.000000 119.000000 3.000000
-1.77194798 -2.08353901 -0.70010298 593.000000 4.000000 159.000000 3.000000
-1.72689605 -2.13064694 -0.77141303 570.000000 7.000000 159.000000 3.000000
-1.72597802 -2.10295200 -0.76484197 424.000000 5.000000 164.000000 3.000000
-1.74618602 -2.10117793 -0.76827002 271.000000 3.000000 165.000000 3.000000
-1.76274204 -2.09482908 -0.76998401 223.000000 2.000000 155.000000 3.000000
-1.77928495 -2.08835602 -0.77169800 204.000000 2.000000 148.000000 3.000000
-1.79768896 -2.08393788 -0.77427000 103.000000 1.000000 175.000000 3.000000
-1.72430599 -2.15448189 -0.85226899 865.000000 8.000000 193.000000 3.000000
-1.71952295 -2.12171006 -0.84297299 1395.000000 13.000000 168.000000 3.000000
-1.73250902 -2.11111999 -0.84297299 1287.000000 12.000000 177.000000 3.000000
-1.74360597 -2.09825706 -0.84204400 1426.000000 13.000000 168.000000 3.000000
-1.75706005 -2.08824611 -0.84235400 1386.000000 13.000000 166.000000 3.000000
-1.77662694 -2.08538294 -0.84576201 983.000000 9.000000 149.000000 3.000000
-1.79933095 -2.08595705 -0.85071999 557.000000 5.000000 165.000000 3.000000
-1.71858394 -2.12863708 -0.91526002 676.000000 9.000000 180.000000 3.000000
-1.73459303 -2.12170696 -0.91692001 1175.000000 18.000000 184.000000 3.000000
-1.74097395 -2.10302210 -0.91326898 527.000000 7.000000 145.000000 3.000000
-1.75444996 -2.09302402 -0.91360098 609.000000 8.000000 171.000000 3.000000
-1.75751102 -2.07069802 -0.90828902 854.000000 12.000000 181.000000 3.000000
-1.78675306 -2.07921600 -0.91725200 420.000000 5.000000 160.000000 3.000000
-1.79947805 -2.06821299 -0.91725200 222.000000 3.000000 154.000000 3.000000
-1.72771597 -2.13105798 -0.99690503 1343.000000 13.000000 180.000000 3.000000
-1.73720002 -2.11608505 -0.99476802 1357.000000 14.000000 165.000000 3.000000
-1.72743797 -2.07808995 -0.98123699 388.000000 3.000000 149.000000 3.000000
-1.75520897 -2.08531690 -0.99013901 295.000000 2.000000 176.000000 3.000000
-1.76615202 -2.07237601 -0.98907101 621.000000 5.000000 159.000000 3.000000
-1.78250003 -2.06574297 -0.99120700 621.000000 5.000000 196.000000 3.000000
-1.72776306 -2.12381411 -1.06760597 611.000000 8.000000 182.000000 3.000000
-1.73958695 -2.11174107 -1.06684995 998.000000 15.000000 189.000000 3.000000
-1.74481499 -2.09177208 -1.06194103 529.000000 7.000000 189.000000 3.000000
-1.74986398 -2.07181907 -1.05703104 349.000000 4.000000 203.000000 3.000000
-1.76314402 -2.06174803 -1.05740798 357.000000 5.000000 181.000000 3.000000
-1.80177796 -2.08102989 -1.07364905 674.000000 9.000000 215.000000 3.000000
-1.80720198 -2.06156898 -1.06911695 432.000000 6.000000 176.000000 3.000000
-1.75282598 -2.15970898 -1.17033601 676.000000 6.000000 411.000000 3.000000
-1.72939301 -2.10436106 -1.14502394 1044.000000 10.000000 219.000000 3.000000
-1.74285901 -2.09441304 -1.14542603 525.000000 4.000000 184.000000 3.000000
-1.75154400 -2.07877994 -1.14261305 166.000000 1.000000 152.000000 3.000000
-1.78091705 -2.08749199 -1.15386295 233.000000 2.000000 161.000000 3.000000
-1.79009902 -2.07236910 -1.15145302 557.000000 5.000000 163.000000 3.000000
-1.74163496 -2.12545991 -1.23182905 745.000000 11.000000 202.000000 3.000000
-1.73211896 -2.08750200 -1.21533406 647.000000 9.000000 183.000000 3.000000
-1.75995004 -2.06885290 -1.21702600 250.000000 3.000000 151.000000 3.000000
-1.77202106 -2.05732799 -1.21660304 266.000000 3.000000 193.000000 3.000000
-1.78758395 -2.04983592 -1.21871805 271.000000 3.000000 179.000000 3.000000
-1.73051202 -2.10201812 -1.30755901 1376.000000 14.000000 185.000000 3.000000
-1.73764396 -2.08449101 -1.30309200 561.000000 5.000000 175.000000 3.000000
-1.75906301 -2.08404112 -1.30979204 692.000000 6.000000 147.000000 3.000000
-1.77356303 -2.07524800 -1.31113195 282.000000 2.000000 151.000000 3.000000
-1.76224601 -2.03659892 -1.29281902 567.000000 5.000000 195.000000 3.000000
-1.84491003 -2.10579491 -1.34597194 901.000000 9.000000 204.000000 3.000000
-1.74130201 -2.08644009 -1.38471997 654.000000 10.000000 227.000000 3.000000
-1.75464106 -2.07639289 -1.38518798 604.000000 9.000000 196.000000 3.000000
-1.76505303 -2.06289697 -1.38331795 814.000000 12.000000 181.000000 3.000000
-1.78230000 -2.05737996 -1.38705802 759.000000 12.000000 190.000000 3.000000
-1.80012703 -2.05239606 -1.39126503 638.000000 10.000000 177.000000 3.000000
-1.72231102 -2.17847800 -1.00972402 635.000000 5.000000 235.000000 3.000000
-1.71986699 -2.14818096 -1.00011003 1246.000000 12.000000 240.000000 3.000000
-1.65073502 -2.17295408 -1.22294700 709.000000 10.000000 305.000000 3.000000
-1.66072798 -2.15846992 -1.22040904 798.000000 12.000000 239.000000 3.000000
-1.66893804 -2.14179802 -1.21660304 854.000000 13.000000 257.000000 3.000000
-1.67868698 -2.12724400 -1.21406496 1038.000000 16.000000 261.000000 3.000000
-1.74335301 -2.15444398 -1.24282503 730.000000 10.000000 217.000000 3.000000
-1.73500395 -2.06502390 -1.20814395 322.000000 4.000000 174.000000 3.000000
-1.55806506 -2.35506797 -1.35803199 1122.000000 12.000000 223.000000 3.000000
-1.61301100 -2.37424111 -1.38125896 1208.000000 13.000000 210.000000 3.000000
-1.69312406 -2.39600897 -1.41297197 1408.000000 17.000000 218.000000 3.000000
-1.68746901 -2.35721302 -1.39555204 1069.000000 11.000000 199.000000 3.000000
-1.69822204 -2.34174609 -1.39242601 1115.000000 12.000000 237.000000 3.000000
-1.72262895 -2.34497690 -1.40091205 1006.000000 10.000000 234.000000 3.000000
-1.65468097 -2.22386193 -1.33212602 1266.000000 14.000000 217.000000 3.000000
-1.62896001 -2.16152811 -1.29951894 1649.000000 18.000000 206.000000 3.000000
-1.66717994 -2.18419504 -1.32006598 1272.000000 13.000000 248.000000 3.000000
-1.67178905 -2.16260290 -1.31291902 1235.000000 12.000000 233.000000 3.000000
-1.67619705 -2.14103699 -1.30577195 1189.000000 12.000000 193.000000 3.000000
-1.68596494 -2.12650704 -1.30309200 1129.000000 11.000000 233.000000 3.000000
-1.70066297 -2.11821389 -1.30443203 1486.000000 16.000000 223.000000 3.000000
-1.71362805 -2.10773897 -1.30443203 1562.000000 17.000000 229.000000 3.000000
-1.51679099 -2.29000401 -1.40014696 698.000000 11.000000 227.000000 3.000000
-1.54506803 -2.30196190 -1.41370296 619.000000 9.000000 171.000000 3.000000
-1.58842897 -2.33561110 -1.44128394 506.000000 7.000000 182.000000 3.000000
-1.55017698 -2.24930906 -1.39219999 672.000000 10.000000 203.000000 3.000000
-1.60788095 -2.30288196 -1.43286896 558.000000 8.000000 187.000000 3.000000
-1.64403796 -2.20705199 -1.40295100 865.000000 14.000000 207.000000 3.000000
-1.63895297 -2.17219496 -1.38659000 1050.000000 17.000000 181.000000 3.000000
-1.65492797 -2.16561389 -1.38892698 965.000000 16.000000 187.000000 3.000000
-1.68708396 -2.17991710 -1.40528905 711.000000 11.000000 205.000000 3.000000
-1.69008696 -2.15628791 -1.39640701 802.000000 13.000000 203.000000 3.000000
-1.66818202 -2.10150790 -1.36648905 662.000000 9.000000 214.000000 3.000000
-1.68325603 -2.09399295 -1.36835897 736.000000 11.000000 174.000000 3.000000
-1.69830096 -2.08637094 -1.37022901 944.000000 14.000000 223.000000 3.000000
-1.71219301 -2.07727695 -1.37116396 880.000000 13.000000 192.000000 3.000000
-1.37655401 -2.13537097 -0.98716003 273.000000 3.000000 182.000000 3.000000
-1.38558900 -2.12067699 -0.98413903 284.000000 3.000000 224.000000 3.000000
-1.37959898 -2.05579090 -0.96072298 63.000000 1.000000 181.000000 3.000000
-1.39218700 -2.04728794 -0.96072298 91.000000 1.000000 166.000000 3.000000
-1.42096901 -2.06237006 -0.97243100 57.000000 1.000000 186.000000 3.000000
-1.43729806 -2.05893302 -0.97507399 74.000000 1.000000 171.000000 3.000000
-1.45150495 -2.05234599 -0.97620702 64.000000 1.000000 142.000000 3.000000
-1.48021197 -2.06600809 -0.98753798 56.000000 1.000000 146.000000 3.000000
-1.48472095 -2.04563308 -0.98187298 142.000000 1.000000 158.000000 3.000000
-1.49724495 -2.03648496 -0.98187298 141.000000 1.000000 163.000000 3.000000
-1.03668296 -1.99530399 -0.93649602 557.000000 3.000000 222.000000 3.000000
-1.04591298 -1.98323703 -0.93368298 329.000000 2.000000 219.000000 3.000000
0.92280102 -1.77779102 -0.88417602 904.000000 8.000000 309.000000 3.000000
-0.71192598 -1.95345497 -0.91970301 113.000000 1.000000 249.000000 3.000000
-0.72170198 -1.94309902 -0.91674203 135.000000 1.000000 215.000000 3.000000
-0.74158603 -1.95983803 -0.92731601 78.000000 1.000000 223.000000 3.000000
-0.75975698 -1.97132802 -0.93535101 84.000000 1.000000 229.000000 3.000000
-0.77282703 -1.96916199 -0.93662000 101.000000 1.000000 196.000000 3.000000
-0.80998600 -2.02754402 -0.96833998 158.000000 1.000000 228.000000 3.000000
0.61818099 -1.84154296 -0.91806602 215.000000 1.000000 185.000000 3.000000
0.61440003 -1.86825395 -0.93012601 153.000000 1.000000 200.000000 3.000000
0.59909302 -1.86006403 -0.92387301 275.000000 1.000000 198.000000 3.000000
1.71245301 1.82027698 -0.69884801 324.000000 3.000000 144.000000 3.000000
1.81578803 1.83778501 -0.72398800 88.000000 1.000000 128.000000 3.000000
1.84124005 1.84086001 -0.72998798 91.000000 1.000000 138.000000 3.000000
1.54095304 1.80902696 -0.72740102 206.000000 1.000000 438.000000 3.000000
1.52903295 1.77291095 -0.71593601 146.000000 1.000000 437.000000 3.000000
1.52987099 1.75204301 -0.71097898 95.000000 1.000000 361.000000 3.000000
1.27704597 1.81916797 -0.73465401 60.000000 1.000000 325.000000 3.000000
1.27182496 1.78820705 -0.72469401 109.000000 1.000000 315.000000 3.000000
1.29432404 1.79646301 -0.73166603 160.000000 1.000000 338.000000 3.000000
1.34183598 1.79199302 -0.74029797 103.000000 1.000000 275.000000 3.000000
1.34086502 1.76792097 -0.73332602 133.000000 1.000000 237.000000 3.000000
1.03741801 1.75518799 -0.72841603 108.000000 1.000000 122.000000 3.000000
1.06019104 1.76881897 -0.73731798 139.000000 1.000000 113.000000 3.000000
1.05499196 1.73593903 -0.72556800 251.000000 1.000000 124.000000 3.000000
1.13931298 1.79908705 -0.76295698 87.000000 1.000000 182.000000 3.000000
1.14982498 1.79127598 -0.76260000 90.000000 1.000000 191.000000 3.000000
-1.81586099 1.44137895 -0.89651698 506.000000 5.000000 109.000000 3.000000
-1.78077698 1.44955599 -0.88745302 80.000000 1.000000 83.000000 3.000000
-1.74107897 1.43518698 -0.87121302 74.000000 1.000000 107.000000 3.000000
-1.36944604 1.47566700 -0.83323598 127.000000 1.000000 97.000000 3.000000
-1.35789299 1.48134005 -0.83162898 116.000000 1.000000 92.000000 3.000000
-1.27955902 1.48481405 -0.80993301 324.000000 1.000000 102.000000 3.000000
-1.21586394 1.42844403 -0.77296799 558.000000 2.000000 171.000000 3.000000
-1.14933801 1.40169096 -0.74524498 191.000000 1.000000 99.000000 3.000000
0.61201203 1.70815802 -0.74604797 118.000000 1.000000 149.000000 3.000000
0.62405503 1.70867002 -0.74805701 121.000000 1.000000 135.000000 3.000000
0.63708800 1.71167195 -0.75127202 139.000000 1.000000 132.000000 3.000000
-1.07835102 1.49190497 -0.80847102 98.000000 1.000000 105.000000 3.000000
-1.06600797 1.49407494 -0.80593300 103.000000 1.000000 91.000000 3.000000
-1.05682099 1.50058699 -0.80593300 114.000000 1.000000 114.000000 3.000000
-1.05226302 1.51373005 -0.80974001 88.000000 1.000000 100.000000 3.000000
-1.03729796 1.51195097 -0.80508798 130.000000 1.000000 104.000000 3.000000
-1.02137399 1.50854802 -0.79958898 184.000000 1.000000 104.000000 3.000000
-1.01715004 1.52231002 -0.80381900 144.000000 1.000000 102.000000 3.000000
-0.96586102 1.52540898 -0.79197699 252.000000 1.000000 139.000000 3.000000
-0.95648301 1.53130603 -0.79197699 335.000000 2.000000 116.000000 3.000000
-0.94707000 1.53714597 -0.79197699 368.000000 2.000000 96.000000 3.000000
-0.93903702 1.54524803 -0.79324502 238.000000 1.000000 99.000000 3.000000
-0.92813498 1.54865205 -0.79197699 186.000000 1.000000 106.000000 3.000000
-0.91491199 1.54808605 -0.78859299 81.000000 1.000000 93.000000 3.000000
-0.90539598 1.55367100 -0.78859299 71.000000 1.000000 101.000000 3.000000
0.37443501 1.66605794 -0.74629998 221.000000 1.000000 121.000000 3.000000
0.38404500 1.66107905 -0.74503100 159.000000 1.000000 120.000000 3.000000
0.39671800 1.66927600 -0.75010598 510.000000 3.000000 129.000000 3.000000
-0.66861099 1.51331496 -0.77423900 107.000000 1.000000 115.000000 3.000000
-0.23662800 1.60849500 -0.75994599 410.000000 2.000000 134.000000 3.000000
-0.22799499 1.61877704 -0.76441300 509.000000 2.000000 112.000000 3.000000
-0.21782100 1.61837196 -0.76351899 460.000000 2.000000 94.000000 3.000000
-0.20822600 1.62234104 -0.76485902 531.000000 2.000000 120.000000 3.000000
-0.19815999 1.62269998 -0.76441300 402.000000 1.000000 94.000000 3.000000
-0.18860801 1.62743998 -0.76619899 475.000000 2.000000 115.000000 3.000000
-0.17861900 1.62856698 -0.76619899 498.000000 2.000000 96.000000 3.000000
-0.16834900 1.62696195 -0.76485902 517.000000 2.000000 94.000000 3.000000
-0.15870599 1.63152695 -0.76664603 611.000000 3.000000 134.000000 3.000000
-0.14861199 1.63157904 -0.76619899 618.000000 3.000000 118.000000 3.000000
-0.13837300 1.62978494 -0.76485902 667.000000 3.000000 98.000000 3.000000
-0.12809300 1.62703598 -0.76307303 747.000000 3.000000 102.000000 3.000000
-0.11817100 1.62868297 -0.76351899 764.000000 4.000000 108.000000 3.000000
-0.10829200 1.63116395 -0.76441300 688.000000 3.000000 89.000000 3.000000
-0.09838800 1.63358402 -0.76530600 732.000000 3.000000 111.000000 3.000000
-0.08841000 1.63505006 -0.76575297 779.000000 4.000000 138.000000 3.000000
-0.07841800 1.63645506 -0.76619899 771.000000 4.000000 109.000000 3.000000
-0.06833900 1.63601196 -0.76575297 706.000000 3.000000 113.000000 3.000000
-0.05814300 1.63192999 -0.76351899 483.000000 2.000000 96.000000 3.000000
-0.04805200 1.62957299 -0.76217902 371.000000 1.000000 105.000000 3.000000
-0.03807300 1.63073099 -0.76262599 440.000000 2.000000 107.000000 3.000000
-0.02809500 1.63272297 -0.76351899 319.000000 1.000000 98.000000 3.000000
-0.01810400 1.63554895 -0.76485902 330.000000 1.000000 104.000000 3.000000
-0.00807900 1.63831306 -0.76619899 321.000000 1.000000 113.000000 3.000000
0.00197900 1.64101601 -0.76753902 324.000000 1.000000 96.000000 3.000000
0.01201200 1.63650000 -0.76530600 377.000000 1.000000 108.000000 3.000000
0.02200200 1.63281703 -0.76351899 410.000000 2.000000 96.000000 3.000000
0.03196500 1.62996805 -0.76217902 522.000000 2.000000 123.000000 3.000000
0.04189400 1.62705696 -0.76083899 499.000000 2.000000 116.000000 3.000000
0.05202300 1.63124096 -0.76307303 462.000000 2.000000 141.000000 3.000000
0.06168400 1.62195098 -0.75860602 570.000000 2.000000 102.000000 3.000000
0.14433900 1.65261996 -0.77647299 100.000000 1.000000 142.000000 3.000000
-1.99681902 1.36896396 1.55100095 920.000000 8.000000 188.000000 3.000000
-1.99254501 1.38408697 1.55420601 961.000000 9.000000 240.000000 3.000000
-1.99507201 1.40407801 1.56275403 419.000000 3.000000 206.000000 3.000000
-1.95408201 1.39320695 1.53764606 575.000000 5.000000 484.000000 3.000000
-1.90095198 1.40878904 1.51627803 626.000000 5.000000 228.000000 3.000000
-1.89700305 1.42398202 1.52001703 1128.000000 10.000000 251.000000 3.000000
-1.88548994 1.43767297 1.13433802 129.000000 1.000000 199.000000 3.000000
-1.89268398 1.37522805 1.05185604 1004.000000 7.000000 161.000000 3.000000
-1.89821899 1.39713895 1.05948400 1485.000000 12.000000 189.000000 3.000000
-1.89254606 1.41095197 1.06108999 1461.000000 12.000000 218.000000 3.000000
-1.89261997 1.42916596 1.06590700 953.000000 7.000000 170.000000 3.000000
-1.93329000 1.35436201 0.99150199 1012.000000 12.000000 138.000000 3.000000
-1.92947900 1.36940598 0.99377102 1233.000000 15.000000 199.000000 3.000000
-1.92404997 1.38337600 0.99528402 765.000000 9.000000 114.000000 3.000000
-1.90803301 1.38971806 0.99150199 976.000000 11.000000 140.000000 3.000000
-1.86882603 1.41456997 0.98469597 174.000000 1.000000 144.000000 3.000000
-1.95425105 1.36374199 0.93502301 812.000000 6.000000 143.000000 3.000000
-1.92677605 1.36220801 0.92613000 1456.000000 12.000000 165.000000 3.000000
-1.92673600 1.37999594 0.93004298 1301.000000 10.000000 143.000000 3.000000
-1.91218305 1.38739800 0.92719698 1435.000000 11.000000 125.000000 3.000000
-1.90815103 1.40242898 0.92933100 1283.000000 10.000000 145.000000 3.000000
-1.89875996 1.41355205 0.92897600 1381.000000 11.000000 152.000000 3.000000
-1.90571499 1.43700099 0.93644702 750.000000 5.000000 155.000000 3.000000
-1.90428603 1.45434403 0.94000399 295.000000 2.000000 161.000000 3.000000
-1.97227204 1.35232496 0.87088400 131.000000 1.000000 89.000000 3.000000
-1.95928395 1.36117995 0.86889100 644.000000 7.000000 124.000000 3.000000
-1.94162798 1.36667705 0.86490601 1508.000000 19.000000 172.000000 3.000000
-1.92397904 1.37200904 0.86092001 1270.000000 16.000000 155.000000 3.000000
-1.91552401 1.38378894 0.86092001 1136.000000 14.000000 159.000000 3.000000
-1.90928400 1.39718294 0.86191601 1277.000000 16.000000 134.000000 3.000000
-1.90067506 1.40887201 0.86191601 1240.000000 15.000000 165.000000 3.000000
-1.90634406 1.43124402 0.86822701 548.000000 6.000000 137.000000 3.000000
-1.86670399 1.41955805 0.85460901 28.000000 1.000000 127.000000 3.000000
-1.96743798 1.37043297 0.80936599 1405.000000 11.000000 136.000000 3.000000
-1.94656599 1.37369895 0.80441600 2042.000000 18.000000 167.000000 3.000000
-1.92959499 1.37952805 0.80101401 1773.000000 15.000000 149.000000 3.000000
-1.91878402 1.38966703 0.80008602 1556.000000 11.000000 166.000000 3.000000
-1.91175401 1.40254104 0.80070400 1844.000000 14.000000 158.000000 3.000000
-1.90311205 1.41424501 0.80070400 1671.000000 12.000000 186.000000 3.000000
-1.90806901 1.43619704 0.80627298 246.000000 1.000000 104.000000 3.000000
-1.89241695 1.44268501 0.80348802 14.000000 1.000000 103.000000 3.000000
-1.94767904 1.35862899 0.73768902 1733.000000 20.000000 132.000000 3.000000
-1.93617201 1.36834705 0.73654598 1823.000000 21.000000 170.000000 3.000000
-1.92851901 1.38075805 0.73683202 1702.000000 19.000000 139.000000 3.000000
-1.92001104 1.39256501 0.73683202 1622.000000 18.000000 154.000000 3.000000
-1.90911102 1.40262198 0.73597503 1667.000000 19.000000 126.000000 3.000000
-1.90431702 1.41716397 0.73740298 1121.000000 11.000000 134.000000 3.000000
-1.91934001 1.44666505 0.74625403 110.000000 1.000000 116.000000 3.000000
-1.95760798 1.34431398 0.67648101 239.000000 1.000000 124.000000 3.000000
-1.95407403 1.35960996 0.67805499 2018.000000 16.000000 190.000000 3.000000
-1.93781102 1.36600995 0.67543101 2306.000000 19.000000 177.000000 3.000000
-1.93096197 1.37899697 0.67595601 2128.000000 17.000000 177.000000 3.000000
-1.92090201 1.38968694 0.67543101 2102.000000 17.000000 196.000000 3.000000
-1.91078305 1.40030503 0.67490602 2192.000000 18.000000 229.000000 3.000000
-1.91299701 1.42006195 0.67857999 1591.000000 11.000000 203.000000 3.000000
-1.93354404 1.45382595 0.68854898 129.000000 1.000000 103.000000 3.000000
-1.98539495 1.37087297 0.62466002 897.000000 9.000000 127.000000 3.000000
-1.94348896 1.35970402 0.61463499 1583.000000 18.000000 164.000000 3.000000
-1.92955697 1.36768198 0.61296397 1854.000000 22.000000 127.000000 3.000000
-1.92112803 1.37949598 0.61296397 1834.000000 21.000000 168.000000 3.000000
-1.91026902 1.38954794 0.61224800 1992.000000 24.000000 154.000000 3.000000
-1.92127597 1.41561198 0.61821502 1694.000000 19.000000 172.000000 3.000000
-1.91878700 1.43201005 0.62012500 424.000000 4.000000 132.000000 3.000000
-1.87040699 1.41395700 0.60795099 20.000000 1.000000 118.000000 3.000000
-1.97460997 1.35399795 0.55951500 439.000000 2.000000 199.000000 3.000000
-1.94381702 1.35047400 0.55349302 1659.000000 12.000000 134.000000 3.000000
-1.93469501 1.36181295 0.55327803 2253.000000 18.000000 188.000000 3.000000
-1.92709804 1.37422502 0.55349302 2364.000000 20.000000 203.000000 3.000000
-1.91942096 1.38659596 0.55370802 2349.000000 20.000000 192.000000 3.000000
-1.91008902 1.39777005 0.55349302 2173.000000 17.000000 193.000000 3.000000
-1.92343497 1.42576003 0.55951500 1160.000000 8.000000 167.000000 3.000000
-1.97032106 1.34622598 0.49811301 568.000000 5.000000 162.000000 3.000000
-1.95152104 1.35104501 0.49562600 1534.000000 17.000000 127.000000 3.000000
-1.94399905 1.36355603 0.49581701 1999.000000 24.000000 147.000000 3.000000
-1.93639600 1.37602603 0.49600899 1993.000000 24.000000 151.000000 3.000000
-1.91994202 1.38215995 0.49409500 1752.000000 20.000000 161.000000 3.000000
-1.91539502 1.39680004 0.49505201 1893.000000 22.000000 136.000000 3.000000
-1.92101598 1.41900003 0.49849600 1453.000000 16.000000 175.000000 3.000000
-1.91148603 1.43017399 0.49830401 150.000000 1.000000 114.000000 3.000000
-1.96354997 1.34540904 0.43789601 1547.000000 11.000000 180.000000 3.000000
-1.94554400 1.35067904 0.43588600 2294.000000 19.000000 203.000000 3.000000
-1.93883097 1.36372697 0.43622100 2426.000000 20.000000 192.000000 3.000000
-1.93042696 1.37559795 0.43622100 2310.000000 19.000000 161.000000 3.000000
-1.92994106 1.39319098 0.43789601 2955.000000 28.000000 217.000000 3.000000
-1.92294705 1.40617204 0.43823099 2564.000000 22.000000 209.000000 3.000000
-1.92061806 1.42264199 0.43957001 989.000000 6.000000 171.000000 3.000000
-1.98139095 1.35576904 0.38283101 1769.000000 20.000000 341.000000 3.000000
-1.95267999 1.35383701 0.37924001 2553.000000 34.000000 190.000000 3.000000
-1.94271505 1.36465800 0.37895301 2611.000000 36.000000 129.000000 3.000000
-1.93188298 1.37483501 0.37852201 2829.000000 41.000000 168.000000 3.000000
-1.93225205 1.39301503 0.38010201 2054.000000 25.000000 157.000000 3.000000
-1.92366803 1.40484500 0.38010201 2142.000000 26.000000 176.000000 3.000000
-1.93492603 1.43130302 0.38369301 656.000000 6.000000 136.000000 3.000000
-1.97768605 1.33634698 0.32292300 806.000000 5.000000 192.000000 3.000000
-1.97518206 1.35238600 0.32376099 1654.000000 12.000000 134.000000 3.000000
-1.94727600 1.35088801 0.32088599 2278.000000 19.000000 177.000000 3.000000
-1.94138706 1.36452496 0.32124600 2676.000000 24.000000 183.000000 3.000000
-1.93297696 1.37641096 0.32124600 3016.000000 29.000000 245.000000 3.000000
-1.92691004 1.38998902 0.32160500 2185.000000 17.000000 222.000000 3.000000
-1.93036401 1.41057897 0.32340199 1498.000000 10.000000 159.000000 3.000000
-1.95278096 1.44544995 0.32807401 209.000000 1.000000 130.000000 3.000000
-1.97318196 1.33397496 0.26536599 426.000000 4.000000 202.000000 3.000000
-1.96002698 1.34268999 0.26479000 1539.000000 17.000000 228.000000 3.000000
-1.95175195 1.35469103 0.26479000 2524.000000 34.000000 218.000000 3.000000
-1.94258797 1.36607003 0.26469401 2499.000000 33.000000 214.000000 3.000000
-1.93173397 1.37623501 0.26440600 2907.000000 43.000000 226.000000 3.000000
-1.92648602 1.39038706 0.26479000 2459.000000 32.000000 194.000000 3.000000
-1.93481302 1.41449106 0.26680601 1233.000000 13.000000 166.000000 3.000000
-1.91007900 1.41451395 0.26488599 169.000000 1.000000 147.000000 3.000000
-1.95834196 1.32227600 0.20604099 512.000000 3.000000 148.000000 3.000000
-1.95924306 1.34046698 0.20682999 1951.000000 15.000000 179.000000 3.000000
-1.95507801 1.35530698 0.20718800 3220.000000 33.000000 284.000000 3.000000
-1.94754100 1.36785102 0.20726000 3124.000000 31.000000 270.000000 3.000000
-1.94073701 1.38093305 0.20740300 3294.000000 35.000000 216.000000 3.000000
-1.93384397 1.39398301 0.20754699 3221.000000 33.000000 221.000000 3.000000
-1.93733299 1.41465199 0.20862199 1039.000000 6.000000 148.000000 3.000000
-1.97207403 1.33421898 0.15127400 672.000000 6.000000 233.000000 3.000000
-1.95890200 1.34291399 0.15098600 1036.000000 10.000000 244.000000 3.000000
-1.93337798 1.34297001 0.14997800 1763.000000 19.000000 177.000000 3.000000
-1.93082500 1.35882199 0.15031400 2283.000000 28.000000 219.000000 3.000000
-1.93466496 1.37932205 0.15103400 2715.000000 37.000000 233.000000 3.000000
-1.92778695 1.39233398 0.15113001 2869.000000 41.000000 280.000000 3.000000
-1.93131399 1.41296303 0.15185000 1369.000000 14.000000 185.000000 3.000000
-1.90653801 1.41291904 0.15088999 137.000000 1.000000 194.000000 3.000000
-1.95533800 1.32024503 0.09315700 1285.000000 8.000000 150.000000 3.000000
-1.96452105 1.34408200 0.09365200 800.000000 5.000000 124.000000 3.000000
-1.95377302 1.35440099 0.09358100 827.000000 5.000000 138.000000 3.000000
-1.93152297 1.35658801 0.09318100 2514.000000 22.000000 192.000000 3.000000
-1.91094995 1.35971296 0.09282700 3165.000000 32.000000 446.000000 3.000000
-1.93621397 1.43213904 0.09431200 70.000000 1.000000 177.000000 3.000000
-1.97515404 1.33629501 0.03819500 1460.000000 16.000000 216.000000 3.000000
-1.96113706 1.34444106 0.03819500 1070.000000 11.000000 190.000000 3.000000
-1.94627297 1.35189605 0.03819500 2053.000000 25.000000 205.000000 3.000000
-1.93957901 1.36496103 0.03819500 2189.000000 28.000000 210.000000 3.000000
-1.93198204 1.37741494 0.03819500 2469.000000 33.000000 219.000000 3.000000
-1.93404496 1.39683795 0.03819500 1493.000000 16.000000 161.000000 3.000000
-1.93594205 1.41633797 0.03819500 332.000000 3.000000 191.000000 3.000000
-1.97789001 1.33499396 -0.01946200 1715.000000 12.000000 167.000000 3.000000
-1.96718705 1.34540999 -0.01938900 2930.000000 28.000000 238.000000 3.000000
-1.95643103 1.35574603 -0.01931600 3309.000000 35.000000 214.000000 3.000000
-1.94807506 1.36772501 -0.01931600 3534.000000 40.000000 192.000000 3.000000
-1.93964601 1.37965202 -0.01931600 3091.000000 31.000000 219.000000 3.000000
-1.93600905 1.39503706 -0.01946200 2479.000000 21.000000 195.000000 3.000000
-1.91772699 1.39981198 -0.01916900 937.000000 6.000000 148.000000 3.000000
-1.99708498 1.33281398 -0.07584300 383.000000 3.000000 182.000000 3.000000
-1.98141503 1.34001899 -0.07541200 1315.000000 14.000000 170.000000 3.000000
-1.95005906 1.33637905 -0.07406800 934.000000 9.000000 150.000000 3.000000
-1.94839394 1.35286605 -0.07445200 1516.000000 16.000000 174.000000 3.000000
-1.94005597 1.36479604 -0.07445200 1987.000000 24.000000 172.000000 3.000000
-1.93897498 1.38187897 -0.07488400 1501.000000 16.000000 142.000000 3.000000
-1.94181001 1.40191805 -0.07555600 1327.000000 14.000000 130.000000 3.000000
-1.92752099 1.40968800 -0.07522000 348.000000 3.000000 104.000000 3.000000
-1.97910702 1.33581603 -0.13350300 1385.000000 9.000000 128.000000 3.000000
-1.96017504 1.34060895 -0.13256000 1688.000000 12.000000 107.000000 3.000000
-1.94945395 1.35090601 -0.13234299 2700.000000 24.000000 181.000000 3.000000
-1.94194400 1.36341500 -0.13241500 2742.000000 25.000000 211.000000 3.000000
-1.94247901 1.38166904 -0.13321300 2510.000000 21.000000 137.000000 3.000000
-1.90403700 1.37197196 -0.13052900 2193.000000 17.000000 250.000000 3.000000
-1.99203897 1.34517801 -0.19108801 809.000000 8.000000 115.000000 3.000000
-1.96072102 1.34167397 -0.18840000 1560.000000 17.000000 128.000000 3.000000
-1.94999504 1.35198200 -0.18811201 1381.000000 15.000000 92.000000 3.000000
-1.92943096 1.35535896 -0.18667100 490.000000 4.000000 85.000000 3.000000
-1.94543600 1.38444698 -0.18955199 1074.000000 11.000000 107.000000 3.000000
-1.94983804 1.40565002 -0.19108801 328.000000 3.000000 119.000000 3.000000
-1.97218394 1.33163297 -0.24774700 783.000000 5.000000 88.000000 3.000000
-1.96315706 1.34314799 -0.24762700 1727.000000 12.000000 137.000000 3.000000
-1.95650995 1.35630095 -0.24786800 2774.000000 25.000000 203.000000 3.000000
-1.95627201 1.37399006 -0.24907400 2305.000000 19.000000 128.000000 3.000000
-1.93810201 1.37905598 -0.24762700 1987.000000 15.000000 131.000000 3.000000
-1.95375299 1.40834999 -0.25124601 407.000000 2.000000 79.000000 3.000000
-1.98895502 1.34110606 -0.30615401 158.000000 1.000000 94.000000 3.000000
-1.95941997 1.33880401 -0.30241901 684.000000 6.000000 97.000000 3.000000
-1.96175802 1.35810697 -0.30428699 997.000000 10.000000 91.000000 3.000000
-1.95338798 1.37011898 -0.30428699 1033.000000 10.000000 118.000000 3.000000
-1.94332898 1.38093495 -0.30399901 695.000000 6.000000 95.000000 3.000000
-1.98709404 1.32402802 -0.36490500 833.000000 5.000000 172.000000 3.000000
-1.97403300 1.33288300 -0.36389601 1211.000000 8.000000 130.000000 3.000000
-1.97394896 1.35054100 -0.36557901 1585.000000 11.000000 96.000000 3.000000
-1.94861901 1.35082400 -0.36204401 2098.000000 16.000000 170.000000 3.000000
-1.95803404 1.37522995 -0.36574700 1551.000000 11.000000 137.000000 3.000000
-1.95919299 1.39408100 -0.36776701 1630.000000 12.000000 139.000000 3.000000
-1.95779598 1.41126800 -0.36928201 368.000000 2.000000 127.000000 3.000000
-1.97515595 1.27674699 -0.41543299 636.000000 6.000000 394.000000 3.000000
-1.97245598 1.34468997 -0.42232600 605.000000 5.000000 74.000000 3.000000
-1.96917999 1.31256795 -0.47873601 1900.000000 14.000000 158.000000 3.000000
-1.95057404 1.31751502 -0.47593099 2428.000000 21.000000 123.000000 3.000000
-1.93439806 1.32393897 -0.47377399 2404.000000 20.000000 117.000000 3.000000
-1.97300994 1.32347798 -0.53920001 866.000000 8.000000 97.000000 3.000000
-1.97369695 1.34154999 -0.54182500 1037.000000 10.000000 94.000000 3.000000
-1.95014703 1.30381596 -0.65313798 360.000000 3.000000 78.000000 3.000000
-1.96991098 1.33452296 -0.66313702 903.000000 9.000000 119.000000 3.000000
-1.96880496 1.35145402 -0.66570801 1300.000000 14.000000 117.000000 3.000000
-1.94235897 1.35095406 -0.65913701 1064.000000 11.000000 107.000000 3.000000
-1.98289895 1.30765104 -0.85660702 252.000000 1.000000 87.000000 3.000000
-1.97794497 1.32187200 -0.85803097 1082.000000 8.000000 106.000000 3.000000
-1.96592999 1.33136106 -0.85625100 1156.000000 9.000000 114.000000 3.000000
-1.95541298 1.34181094 -0.85518301 1213.000000 9.000000 131.000000 3.000000
-1.93640602 1.34631002 -0.85019797 1088.000000 8.000000 128.000000 3.000000
-1.99620605 1.32208395 -0.92748702 267.000000 2.000000 88.000000 3.000000
-1.98805594 1.33430696 -0.92748702 1144.000000 14.000000 127.000000 3.000000
-1.99492395 1.31707299 -0.99877298 805.000000 6.000000 110.000000 3.000000
-1.98908806 1.33081806 -0.99997801 1484.000000 12.000000 154.000000 3.000000
-1.97861099 1.34145498 -0.99877298 885.000000 6.000000 105.000000 3.000000
-1.96279800 1.34838104 -0.99475503 1010.000000 7.000000 147.000000 3.000000
-1.95148301 1.35830498 -0.99314803 709.000000 5.000000 151.000000 3.000000
-1.99239898 1.32975101 -1.06730700 1279.000000 16.000000 107.000000 3.000000
-1.97969306 1.33891296 -1.06476903 559.000000 6.000000 101.000000 3.000000
-1.96171105 1.34439301 -1.05927098 444.000000 4.000000 95.000000 3.000000
-1.91616404 1.33062899 -1.03812397 565.000000 6.000000 126.000000 3.000000
-1.99704504 1.33864605 -1.14854598 1235.000000 10.000000 154.000000 3.000000
-1.99397302 1.35439599 -1.15167201 668.000000 5.000000 113.000000 3.000000
-1.99997401 1.34305203 -1.22157395 533.000000 7.000000 140.000000 3.000000
-1.98520899 1.35094202 -1.29904604 382.000000 3.000000 114.000000 3.000000
