2.60908890 -1.67990994 -0.71798801 405.000000 5.000000 232.000000 0.000000
2.66921210 -1.59690201 -0.80242199 1448.000000 16.000000 145.000000 0.000000
2.69224691 -1.72738099 -0.90740001 1032.000000 17.000000 295.000000 0.000000
2.56776690 -1.78436601 -0.88597399 100.000000 1.000000 231.000000 0.000000
2.67903590 -1.62836802 -0.97465801 1496.000000 18.000000 294.000000 0.000000
2.63174510 -1.66671395 -0.96815199 919.000000 10.000000 146.000000 0.000000
2.58787394 -1.66124403 -0.95513803 778.000000 7.000000 148.000000 0.000000
2.60631299 -1.69577098 -0.96629202 1332.000000 15.000000 161.000000 0.000000
2.63394904 -1.73687100 -0.98116499 1760.000000 22.000000 196.000000 0.000000
2.63430595 -1.76040006 -0.98550302 1727.000000 21.000000 182.000000 0.000000
2.61401010 -1.77012897 -0.98178500 749.000000 8.000000 168.000000 0.000000
2.70521688 -1.65916097 -1.06930697 1128.000000 19.000000 200.000000 0.000000
2.71502805 -1.68815601 -1.07760704 418.000000 6.000000 335.000000 0.000000
2.64398909 -1.68941402 -1.05669105 608.000000 10.000000 289.000000 0.000000
2.63357306 -1.70560503 -1.05669105 601.000000 9.000000 246.000000 0.000000
2.63252902 -1.72793102 -1.06067502 515.000000 8.000000 327.000000 0.000000
2.64624500 -1.76021600 -1.07096696 947.000000 16.000000 210.000000 0.000000
2.67923403 -1.80588901 -1.08955896 1324.000000 24.000000 233.000000 0.000000
2.67044210 -1.82388699 -1.09055495 1335.000000 24.000000 203.000000 0.000000
2.66929293 -1.84720397 -1.09487104 1100.000000 19.000000 185.000000 0.000000
2.66873097 -1.87111497 -1.09951794 857.000000 15.000000 275.000000 0.000000
2.70120502 -1.66529000 -1.16070402 1409.000000 16.000000 190.000000 0.000000
2.67819810 -1.69681096 -1.15963602 1019.000000 11.000000 281.000000 0.000000
2.67458510 -1.76435602 -1.17245495 1096.000000 12.000000 202.000000 0.000000
2.67147493 -1.78593099 -1.17601597 1510.000000 18.000000 156.000000 0.000000
2.67748189 -1.81382596 -1.18385005 1957.000000 27.000000 193.000000 0.000000
2.66630197 -1.83021998 -1.18385005 2065.000000 29.000000 209.000000 0.000000
2.62511110 -1.82572496 -1.16996300 1824.000000 23.000000 137.000000 0.000000
2.66273189 -1.87626600 -1.19275200 1644.000000 21.000000 141.000000 0.000000
2.60688210 -1.93436205 -1.18847895 1277.000000 15.000000 156.000000 0.000000
1.70806301 -1.68801606 -0.66970801 1369.000000 17.000000 297.000000 0.000000
1.69903100 -1.69981802 -0.67027903 2408.000000 37.000000 337.000000 0.000000
1.68519700 -1.70680702 -0.66885102 2037.000000 29.000000 307.000000 0.000000
1.68675697 -1.72944403 -0.67399299 927.000000 11.000000 265.000000 0.000000
1.68876803 -1.75285304 -0.67942101 1295.000000 16.000000 289.000000 0.000000
1.68261302 -1.76803398 -0.68142098 354.000000 3.000000 275.000000 0.000000
1.66877902 -1.54987502 -0.69517601 1439.000000 10.000000 159.000000 0.000000
1.75616002 -1.65132296 -0.73855501 2016.000000 18.000000 188.000000 0.000000
1.76182497 -1.67715394 -0.74568200 736.000000 5.000000 158.000000 0.000000
1.70834506 -1.68723905 -0.73545700 742.000000 5.000000 139.000000 0.000000
1.70871103 -1.70845199 -0.74041402 1322.000000 10.000000 159.000000 0.000000
1.69018197 -1.71078300 -0.73669600 2810.000000 30.000000 182.000000 0.000000
1.68164396 -1.72316396 -0.73762500 2871.000000 31.000000 232.000000 0.000000
1.67169905 -1.73413503 -0.73793501 1994.000000 18.000000 179.000000 0.000000
1.75739098 -1.66755497 -0.80503798 1625.000000 21.000000 302.000000 0.000000
1.74848902 -1.67961097 -0.80570197 647.000000 7.000000 290.000000 0.000000
1.70077205 -1.73716605 -0.80802602 683.000000 7.000000 291.000000 0.000000
1.69336498 -1.75095403 -0.80968601 1715.000000 23.000000 296.000000 0.000000
1.66823006 -1.74633002 -0.80238199 1861.000000 25.000000 307.000000 0.000000
1.66591406 -1.76543701 -0.80669802 1273.000000 16.000000 290.000000 0.000000
1.74380195 -1.66055202 -0.86906999 2251.000000 21.000000 194.000000 0.000000
1.74366605 -1.68095398 -0.87441099 838.000000 6.000000 181.000000 0.000000
1.65463805 -1.67534304 -0.84877300 118.000000 1.000000 135.000000 0.000000
1.66780496 -1.70955706 -0.86159199 245.000000 1.000000 121.000000 0.000000
1.67348504 -1.73658895 -0.87049401 950.000000 7.000000 138.000000 0.000000
1.67953897 -1.76443195 -0.87975299 2021.000000 18.000000 199.000000 0.000000
1.67060006 -1.77674794 -0.88082099 2081.000000 19.000000 184.000000 0.000000
1.78899598 -1.71011102 -0.96034497 687.000000 8.000000 314.000000 0.000000
1.72848499 -1.67284596 -0.93201900 1272.000000 16.000000 285.000000 0.000000
1.69704294 -1.74629402 -0.94410503 245.000000 2.000000 272.000000 0.000000
1.70363903 -1.77468002 -0.95430201 982.000000 11.000000 252.000000 0.000000
1.68569696 -1.77772105 -0.95014799 1622.000000 21.000000 275.000000 0.000000
1.67348897 -1.78668106 -0.94939202 1735.000000 23.000000 262.000000 0.000000
1.67635405 -1.81184494 -0.95770103 992.000000 12.000000 251.000000 0.000000
1.73792601 -1.67715204 -1.00962102 1433.000000 12.000000 325.000000 0.000000
1.73545802 -1.69546795 -1.01444304 1169.000000 9.000000 290.000000 0.000000
1.70277798 -1.79073000 -1.03412998 1133.000000 10.000000 325.000000 0.000000
1.69489205 -1.80448401 -1.03613901 2246.000000 25.000000 233.000000 0.000000
1.68378794 -1.81484902 -1.03613901 2194.000000 24.000000 214.000000 0.000000
1.68436801 -1.83798099 -1.04377306 1047.000000 9.000000 255.000000 0.000000
1.77514195 -1.73005903 -1.10621703 685.000000 9.000000 610.000000 0.000000
1.73283303 -1.70978701 -1.08549297 1111.000000 13.000000 343.000000 0.000000
1.75771499 -1.86660099 -1.14597297 607.000000 8.000000 294.000000 0.000000
1.68811297 -1.81507695 -1.10621703 1532.000000 24.000000 240.000000 0.000000
1.68369997 -1.83273005 -1.11086905 1710.000000 27.000000 295.000000 0.000000
1.68279505 -1.85441697 -1.11805904 1118.000000 16.000000 229.000000 0.000000
1.76894200 -1.97318196 -1.18615198 513.000000 7.000000 221.000000 0.000000
1.72635198 -1.71035194 -1.16149902 1792.000000 18.000000 205.000000 0.000000
1.73326504 -1.74119401 -1.24681795 960.000000 13.000000 333.000000 0.000000
0.77132100 -1.84409297 -1.00467002 247.000000 2.000000 298.000000 0.000000
0.74951702 -1.82346702 -0.99017799 325.000000 2.000000 303.000000 0.000000
0.70536298 -1.74695504 -0.94389898 982.000000 9.000000 306.000000 0.000000
0.69725299 -1.75781798 -0.94763899 864.000000 8.000000 326.000000 0.000000
0.69420099 -1.78181505 -0.95885801 178.000000 1.000000 281.000000 0.000000
0.70034599 -1.89954603 -1.01822603 1007.000000 9.000000 297.000000 0.000000
0.68383801 -1.89051700 -1.01074696 1221.000000 12.000000 259.000000 0.000000
0.67044097 -1.88968301 -1.00794196 1351.000000 13.000000 238.000000 0.000000
0.66000301 -1.89709795 -1.00981200 1304.000000 12.000000 212.000000 0.000000
0.64634001 -1.89525902 -1.00653994 877.000000 8.000000 241.000000 0.000000
0.64146698 -1.91929698 -1.01775897 375.000000 3.000000 310.000000 0.000000
0.74191099 -1.80233800 -1.04434597 1047.000000 6.000000 234.000000 0.000000
0.72105497 -1.78261805 -1.02962399 1425.000000 9.000000 219.000000 0.000000
0.72294998 -1.81940699 -1.04925394 972.000000 6.000000 224.000000 0.000000
0.76773697 -1.96751499 -1.13611698 732.000000 4.000000 279.000000 0.000000
0.77058798 -2.01125312 -1.15967298 720.000000 4.000000 240.000000 0.000000
0.73343098 -1.94986999 -1.11992204 1027.000000 7.000000 299.000000 0.000000
0.70338100 -1.90527797 -1.09047699 1483.000000 11.000000 238.000000 0.000000
0.68989998 -1.90464103 -1.08753300 2114.000000 18.000000 295.000000 0.000000
0.67936498 -1.91212404 -1.08949494 2337.000000 20.000000 280.000000 0.000000
0.66590297 -1.91131794 -1.08655095 1985.000000 16.000000 257.000000 0.000000
0.65669298 -1.92279100 -1.09096801 1292.000000 9.000000 246.000000 0.000000
0.66696000 -1.99289894 -1.13022804 587.000000 3.000000 398.000000 0.000000
0.74301600 -1.85295999 -1.13174295 819.000000 8.000000 324.000000 0.000000
0.72814697 -1.84869301 -1.12612605 884.000000 9.000000 337.000000 0.000000
0.74423999 -1.92363000 -1.17106700 715.000000 7.000000 313.000000 0.000000
0.73457199 -1.93378198 -1.17464197 745.000000 7.000000 294.000000 0.000000
0.71997398 -1.93100798 -1.17004502 943.000000 10.000000 280.000000 0.000000
0.70098102 -1.91602600 -1.15778899 1059.000000 11.000000 310.000000 0.000000
0.68658203 -1.91301405 -1.15319300 1410.000000 16.000000 271.000000 0.000000
0.67712802 -1.92367399 -1.15727794 1227.000000 13.000000 266.000000 0.000000
0.66644102 -1.93104100 -1.15932095 1186.000000 13.000000 246.000000 0.000000
0.65458000 -1.93509400 -1.15932095 1101.000000 12.000000 220.000000 0.000000
0.64405501 -1.94315100 -1.16187406 911.000000 9.000000 215.000000 0.000000
0.65884399 -2.02878499 -1.21294403 570.000000 5.000000 254.000000 0.000000
0.66526300 -2.09174204 -1.24971402 502.000000 5.000000 216.000000 0.000000
0.86551899 -1.84472501 -1.23137999 1222.000000 9.000000 290.000000 0.000000
0.84533602 -1.83080304 -1.21803296 1423.000000 10.000000 246.000000 0.000000
0.83757800 -1.84365594 -1.22337198 1576.000000 12.000000 232.000000 0.000000
0.82693899 -1.85030496 -1.22443998 1481.000000 11.000000 241.000000 0.000000
0.75290501 -1.86615503 -1.21536303 1026.000000 7.000000 264.000000 0.000000
0.73428798 -1.85265505 -1.20308304 1077.000000 7.000000 240.000000 0.000000
0.73545903 -1.88944101 -1.22497296 873.000000 6.000000 224.000000 0.000000
0.72204399 -1.88917696 -1.22177005 964.000000 6.000000 254.000000 0.000000
0.71043801 -1.89357197 -1.22177005 1238.000000 9.000000 254.000000 0.000000
0.69589001 -1.88995898 -1.21643102 1277.000000 9.000000 293.000000 0.000000
0.68112701 -1.88544297 -1.21055806 1206.000000 8.000000 258.000000 0.000000
0.66869903 -1.88719594 -1.20895600 1326.000000 9.000000 280.000000 0.000000
0.64935303 -1.86889398 -1.19400704 1631.000000 12.000000 271.000000 0.000000
0.63270497 -1.85763204 -1.18386197 1781.000000 14.000000 291.000000 0.000000
0.63919097 -1.91522896 -1.21963406 1237.000000 9.000000 267.000000 0.000000
0.63398200 -1.93921196 -1.23298204 1028.000000 7.000000 279.000000 0.000000
0.71052200 -1.84796000 -1.25944400 967.000000 10.000000 373.000000 0.000000
0.69857800 -1.85072803 -1.25833702 1034.000000 11.000000 313.000000 0.000000
0.69070202 -1.86434400 -1.26497805 995.000000 10.000000 350.000000 0.000000
0.66264200 -1.82318199 -1.23288095 1234.000000 14.000000 326.000000 0.000000
0.64890897 -1.82015896 -1.22790098 1322.000000 15.000000 355.000000 0.000000
0.63772899 -1.82410598 -1.22790098 1322.000000 15.000000 302.000000 0.000000
-0.29422799 -1.89711499 -0.79225397 1280.000000 7.000000 780.000000 0.000000
-0.29504699 -1.90968394 -0.85118699 1063.000000 10.000000 264.000000 0.000000
-0.30874601 -1.92036796 -0.85710800 1083.000000 10.000000 312.000000 0.000000
-0.33202001 -1.98817599 -0.89009702 858.000000 7.000000 275.000000 0.000000
-0.34406000 -1.98520899 -0.88967401 1214.000000 11.000000 338.000000 0.000000
-0.38189799 -1.98566103 -0.89305800 1132.000000 10.000000 346.000000 0.000000
-0.39355001 -1.98061299 -0.89178902 642.000000 5.000000 338.000000 0.000000
-0.40127701 -1.84016597 -0.82834899 534.000000 3.000000 320.000000 0.000000
-0.24415000 -1.95778596 -0.93325299 146.000000 1.000000 144.000000 0.000000
-0.25393900 -1.93939698 -0.92476600 164.000000 1.000000 145.000000 0.000000
-0.26497900 -1.93159902 -0.92163903 132.000000 1.000000 182.000000 0.000000
-0.27363399 -1.90779805 -0.91047299 179.000000 1.000000 126.000000 0.000000
-0.28546801 -1.90696800 -0.91091901 161.000000 1.000000 132.000000 0.000000
-0.29494801 -1.89103699 -0.90377301 171.000000 1.000000 147.000000 0.000000
-0.30582500 -1.88477695 -0.90153903 194.000000 1.000000 141.000000 0.000000
-0.31768301 -1.88462901 -0.90243298 174.000000 1.000000 152.000000 0.000000
-0.32986000 -1.88616896 -0.90421897 187.000000 1.000000 165.000000 0.000000
-0.35135800 -1.93868506 -0.93191200 251.000000 1.000000 160.000000 0.000000
-0.36705500 -1.95671499 -0.94218600 331.000000 1.000000 147.000000 0.000000
-0.40628001 -1.96539700 -0.95022601 176.000000 1.000000 204.000000 0.000000
-0.41889399 -1.96549106 -0.95156598 311.000000 1.000000 188.000000 0.000000
-0.45699400 -1.91285598 -0.93012601 1549.000000 10.000000 234.000000 0.000000
-0.47856000 -1.94997895 -0.95067298 1605.000000 10.000000 260.000000 0.000000
-0.50191301 -1.99211299 -0.97389901 1262.000000 8.000000 227.000000 0.000000
-0.30164301 -1.91607702 -0.97334898 1216.000000 11.000000 372.000000 0.000000
-0.31311300 -1.91244495 -0.97241402 1175.000000 11.000000 304.000000 0.000000
-0.34078300 -2.00551701 -1.02336800 600.000000 5.000000 424.000000 0.000000
-0.35005000 -1.98597002 -1.01401901 1341.000000 13.000000 352.000000 0.000000
-0.36458299 -1.99683404 -1.02103102 1433.000000 14.000000 339.000000 0.000000
-0.37617901 -1.99108303 -1.01916099 1826.000000 19.000000 343.000000 0.000000
-0.38905999 -1.99220896 -1.02103102 1472.000000 15.000000 372.000000 0.000000
-0.40335101 -2.00018811 -1.02664101 796.000000 8.000000 377.000000 0.000000
-0.40813100 -1.96130896 -1.00700700 367.000000 3.000000 351.000000 0.000000
-0.42015699 -1.95876801 -1.00700700 403.000000 3.000000 496.000000 0.000000
-0.43424600 -1.96565294 -1.01214898 551.000000 4.000000 383.000000 0.000000
-0.44804600 -1.97071302 -1.01635599 660.000000 5.000000 361.000000 0.000000
-0.46252301 -1.97826195 -1.02196598 342.000000 2.000000 374.000000 0.000000
-0.28866401 -1.91699803 -1.03845704 631.000000 3.000000 231.000000 0.000000
-0.29838601 -1.90227997 -1.03109598 1595.000000 11.000000 230.000000 0.000000
-0.32174999 -1.97177994 -1.07182801 808.000000 4.000000 319.000000 0.000000
-0.34290701 -2.02302289 -1.10225499 1432.000000 10.000000 306.000000 0.000000
-0.35319301 -2.00886798 -1.09538400 1907.000000 15.000000 239.000000 0.000000
-0.36535600 -2.00580597 -1.09489405 1915.000000 15.000000 279.000000 0.000000
-0.37717000 -2.00095797 -1.09342098 2078.000000 17.000000 239.000000 0.000000
-0.38860500 -1.99433100 -1.09096801 1651.000000 12.000000 240.000000 0.000000
-0.40600899 -2.01752996 -1.10569000 623.000000 4.000000 280.000000 0.000000
-0.42548901 -2.04912090 -1.12531996 445.000000 2.000000 510.000000 0.000000
-0.42839900 -1.94335794 -1.06741202 955.000000 5.000000 343.000000 0.000000
-0.30512801 -1.90677905 -1.09293103 1056.000000 10.000000 406.000000 0.000000
-0.32113501 -1.93117201 -1.10876203 613.000000 5.000000 414.000000 0.000000
-0.35419601 -2.05375695 -1.18383396 680.000000 7.000000 423.000000 0.000000
-0.35856599 -2.00497890 -1.15574598 1263.000000 14.000000 397.000000 0.000000
-0.37055200 -2.00105000 -1.15472496 1293.000000 14.000000 378.000000 0.000000
-0.38266400 -1.99789405 -1.15421402 1754.000000 21.000000 412.000000 0.000000
-0.39409000 -1.99128902 -1.15165997 1402.000000 16.000000 359.000000 0.000000
-0.40953600 -2.00484610 -1.16136396 1226.000000 13.000000 368.000000 0.000000
-0.42516300 -2.01828694 -1.17106700 751.000000 7.000000 360.000000 0.000000
-0.43735799 -2.01480007 -1.17055595 845.000000 9.000000 386.000000 0.000000
-0.45435601 -2.03306508 -1.18332303 988.000000 10.000000 367.000000 0.000000
-0.45975900 -1.99922097 -1.16442800 669.000000 6.000000 359.000000 0.000000
-0.47182199 -1.99552500 -1.16391695 686.000000 7.000000 399.000000 0.000000
-0.48305100 -1.98841298 -1.16136396 577.000000 5.000000 399.000000 0.000000
-0.50597000 -2.02881408 -1.18791997 370.000000 3.000000 450.000000 0.000000
-0.36458600 -1.99190402 -1.22337198 1145.000000 8.000000 279.000000 0.000000
-0.37601200 -1.98547602 -1.22070205 1816.000000 14.000000 308.000000 0.000000
-0.38949099 -1.98976898 -1.22497296 1208.000000 8.000000 284.000000 0.000000
-0.40303800 -1.99397099 -1.22924495 909.000000 6.000000 260.000000 0.000000
-0.43085200 -2.06594610 -1.27729702 603.000000 4.000000 261.000000 0.000000
-0.45278901 -2.10624290 -1.30506003 669.000000 5.000000 305.000000 0.000000
-0.46955499 -2.12075901 -1.31627202 597.000000 4.000000 304.000000 0.000000
-0.50656998 -2.16175508 -1.34670496 618.000000 4.000000 305.000000 0.000000
-0.30002299 -2.09759808 -1.35186005 749.000000 9.000000 421.000000 0.000000
-0.30731100 -2.05781102 -1.32640398 798.000000 9.000000 380.000000 0.000000
-0.31589001 -2.02954102 -1.30869603 832.000000 9.000000 366.000000 0.000000
-0.31874901 -1.96752298 -1.26829803 1097.000000 12.000000 332.000000 0.000000
-0.33299801 -1.97867703 -1.27715302 909.000000 9.000000 363.000000 0.000000
-0.34569800 -1.97987902 -1.27936602 830.000000 8.000000 361.000000 0.000000
-0.35696101 -1.97280097 -1.27604604 1047.000000 11.000000 396.000000 0.000000
-0.37148300 -1.98367798 -1.28489995 1263.000000 14.000000 462.000000 0.000000
-0.38114399 -1.96827197 -1.27604604 835.000000 9.000000 423.000000 0.000000
-0.39515200 -1.97570205 -1.28268600 811.000000 8.000000 388.000000 0.000000
-0.41725901 -2.02220607 -1.31588995 554.000000 5.000000 404.000000 0.000000
-0.43789399 -2.05873108 -1.34245300 637.000000 7.000000 352.000000 0.000000
-0.31016001 -1.95293403 -1.33608496 1041.000000 7.000000 256.000000 0.000000
-0.32106701 -1.94454300 -1.33147705 1069.000000 7.000000 289.000000 0.000000
-0.33604401 -1.96025896 -1.34414899 1319.000000 10.000000 287.000000 0.000000
-0.36007401 -1.95598698 -1.34414899 1283.000000 9.000000 356.000000 0.000000
-1.29029095 -2.19178200 -0.84753299 1143.000000 16.000000 192.000000 0.000000
-1.28249705 -2.14815307 -0.83292502 1731.000000 23.000000 270.000000 0.000000
-1.29662800 -2.14185905 -0.83358902 2038.000000 29.000000 288.000000 0.000000
-1.29498196 -2.10972095 -0.82362902 1770.000000 24.000000 234.000000 0.000000
-1.29149902 -2.07527900 -0.81267399 1643.000000 21.000000 217.000000 0.000000
-1.29768300 -2.05693412 -0.80835801 298.000000 3.000000 231.000000 0.000000
-1.28571200 -2.20538902 -0.92426300 1158.000000 10.000000 199.000000 0.000000
-1.29636395 -2.19263411 -0.92212701 2454.000000 28.000000 194.000000 0.000000
-1.31027400 -2.18543911 -0.92248303 2469.000000 29.000000 242.000000 0.000000
-1.30325401 -2.14383292 -0.90752703 1966.000000 17.000000 222.000000 0.000000
-1.27761698 -2.07297301 -0.87939698 1937.000000 17.000000 164.000000 0.000000
-1.28634703 -2.05875707 -0.87654799 1228.000000 9.000000 183.000000 0.000000
-1.24530101 -2.38926196 -1.04985499 394.000000 5.000000 237.000000 0.000000
-1.19906294 -2.26607990 -0.99660200 974.000000 13.000000 238.000000 0.000000
-1.21425498 -2.26113009 -0.99773502 1071.000000 15.000000 281.000000 0.000000
-1.21617901 -2.23166490 -0.98753798 736.000000 10.000000 228.000000 0.000000
-1.36345196 -2.39658093 -1.07553697 433.000000 6.000000 271.000000 0.000000
-1.36382198 -2.36328697 -1.06382895 483.000000 6.000000 428.000000 0.000000
-1.34347498 -2.40201211 -1.15747905 412.000000 3.000000 290.000000 0.000000
-1.33195496 -2.34754205 -1.13417602 806.000000 7.000000 258.000000 0.000000
-1.31158805 -2.27902293 -1.10363996 1080.000000 9.000000 259.000000 0.000000
-1.24238002 -2.12861991 -1.03131795 1469.000000 14.000000 310.000000 0.000000
-1.35817099 -2.14174891 -1.06265700 409.000000 3.000000 189.000000 0.000000
-1.25789905 -2.28911090 -1.16838801 495.000000 7.000000 476.000000 0.000000
-1.29523695 -2.29008198 -1.17727005 455.000000 6.000000 459.000000 0.000000
-1.32635200 -2.31198597 -1.19334102 840.000000 12.000000 273.000000 0.000000
-1.30006301 -2.23403406 -1.15569997 1010.000000 14.000000 277.000000 0.000000
-1.31833899 -2.23382592 -1.15992999 1201.000000 17.000000 243.000000 0.000000
-1.35151196 -2.25838399 -1.17769301 1408.000000 23.000000 254.000000 0.000000
-1.35784304 -2.23764110 -1.17092597 920.000000 14.000000 249.000000 0.000000
-1.34739304 -2.18986702 -1.14935601 376.000000 5.000000 537.000000 0.000000
-1.33917797 -2.06105399 -1.09648895 776.000000 10.000000 293.000000 0.000000
-1.45568705 -2.21114898 -1.18488300 372.000000 5.000000 309.000000 0.000000
-1.27485502 -2.24251294 -1.23609197 1457.000000 15.000000 313.000000 0.000000
-1.29038000 -2.23774791 -1.23787904 2053.000000 24.000000 273.000000 0.000000
-1.30905902 -2.23828101 -1.24279201 1642.000000 18.000000 262.000000 0.000000
-1.33555996 -2.25174594 -1.25529897 2233.000000 27.000000 295.000000 0.000000
-1.35581303 -2.25424004 -1.26155198 1846.000000 21.000000 283.000000 0.000000
-1.37521398 -2.25504208 -1.26691198 1509.000000 16.000000 262.000000 0.000000
-1.36642098 -2.21004510 -1.24547195 1217.000000 12.000000 252.000000 0.000000
-1.29530394 -2.06672406 -1.16596603 1707.000000 17.000000 231.000000 0.000000
-1.37327003 -2.16140509 -1.22671199 1130.000000 10.000000 264.000000 0.000000
-1.41462600 -2.19655108 -1.25261903 1806.000000 20.000000 251.000000 0.000000
-1.43052495 -2.19157410 -1.25485206 1786.000000 20.000000 240.000000 0.000000
-1.34669602 -2.14515996 -1.28701997 1067.000000 15.000000 247.000000 0.000000
-1.34137297 -2.10773897 -1.26878905 830.000000 11.000000 223.000000 0.000000
2.41291189 1.93509495 -0.63925999 973.000000 10.000000 147.000000 0.000000
2.43852401 1.93115902 -0.64314401 2130.000000 26.000000 171.000000 0.000000
2.44226098 1.83845305 -0.63127702 804.000000 8.000000 150.000000 0.000000
2.46368790 1.83099997 -0.63408202 2435.000000 32.000000 161.000000 0.000000
2.47251296 1.81411695 -0.63343501 2293.000000 29.000000 175.000000 0.000000
2.51365805 1.82066500 -0.64163297 694.000000 6.000000 109.000000 0.000000
2.35798907 1.92949295 -0.70414400 56.000000 1.000000 184.000000 0.000000
2.41052699 1.94800103 -0.71703303 98.000000 1.000000 215.000000 0.000000
2.44214892 1.94894803 -0.72324002 259.000000 3.000000 214.000000 0.000000
2.43729901 1.92068195 -0.71798801 1106.000000 18.000000 226.000000 0.000000
2.44597602 1.90330100 -0.71703303 635.000000 9.000000 252.000000 0.000000
2.47301197 1.87608099 -0.71822703 546.000000 8.000000 250.000000 0.000000
2.44992304 1.78837204 -0.70080203 1170.000000 19.000000 343.000000 0.000000
2.46006298 1.77273703 -0.70056301 1048.000000 17.000000 297.000000 0.000000
2.46535993 1.75366199 -0.69889200 276.000000 4.000000 305.000000 0.000000
2.42772293 1.89782298 -0.79453099 1840.000000 21.000000 165.000000 0.000000
2.42327905 1.87051797 -0.78900802 509.000000 4.000000 119.000000 0.000000
2.48460793 1.86962795 -0.80215901 1523.000000 17.000000 154.000000 0.000000
2.49913192 1.85664797 -0.80321097 1748.000000 20.000000 167.000000 0.000000
2.48090506 1.81960905 -0.79321599 829.000000 8.000000 131.000000 0.000000
2.44277596 1.76872694 -0.77664500 2043.000000 25.000000 149.000000 0.000000
2.46064997 1.75875103 -0.77901298 2515.000000 34.000000 140.000000 0.000000
2.46035504 1.73583806 -0.77533001 942.000000 9.000000 136.000000 0.000000
1.37900996 1.76575100 -0.62171203 1938.000000 23.000000 262.000000 0.000000
1.38151395 1.74671900 -0.61771202 2602.000000 36.000000 305.000000 0.000000
1.40177000 1.75019395 -0.62228298 2737.000000 39.000000 274.000000 0.000000
1.41007304 1.73857796 -0.62114102 2107.000000 26.000000 305.000000 0.000000
1.42374897 1.73360205 -0.62256902 732.000000 7.000000 201.000000 0.000000
2.41797996 1.88751698 -0.86826098 697.000000 10.000000 235.000000 0.000000
2.44998908 1.88846803 -0.87597501 910.000000 14.000000 295.000000 0.000000
2.44770002 1.74681497 -0.85026300 478.000000 7.000000 305.000000 0.000000
2.44663191 1.72346902 -0.84597701 1073.000000 17.000000 307.000000 0.000000
2.45480204 1.70677996 -0.84512001 869.000000 13.000000 363.000000 0.000000
2.45654511 1.68570995 -0.84197801 188.000000 2.000000 361.000000 0.000000
1.40194595 1.77429402 -0.68990898 790.000000 5.000000 537.000000 0.000000
1.37713897 1.72113705 -0.67131799 1274.000000 9.000000 532.000000 0.000000
1.39306402 1.71930003 -0.67410702 1492.000000 10.000000 494.000000 0.000000
1.39634502 1.70190406 -0.67038900 1377.000000 9.000000 528.000000 0.000000
1.41588199 1.70426798 -0.67503601 1078.000000 7.000000 443.000000 0.000000
2.43445611 1.87578106 -0.95451802 2005.000000 24.000000 195.000000 0.000000
2.45121789 1.86483598 -0.95668697 902.000000 9.000000 329.000000 0.000000
2.46793699 1.85375500 -0.95885599 700.000000 7.000000 580.000000 0.000000
2.44937301 1.70254803 -0.92508298 2037.000000 25.000000 225.000000 0.000000
2.45820498 1.68641198 -0.92446297 2528.000000 34.000000 185.000000 0.000000
2.47086906 1.67289495 -0.92539299 1259.000000 13.000000 226.000000 0.000000
1.42434597 1.78543401 -0.75623399 1644.000000 19.000000 258.000000 0.000000
1.41753101 1.75461602 -0.74627399 952.000000 9.000000 196.000000 0.000000
1.40025997 1.71151996 -0.73066998 1754.000000 20.000000 239.000000 0.000000
1.38972104 1.67743301 -0.71905100 2415.000000 32.000000 248.000000 0.000000
1.41087496 1.68190300 -0.72502601 2716.000000 39.000000 219.000000 0.000000
1.41385698 1.66457295 -0.72104299 2139.000000 27.000000 228.000000 0.000000
1.43018103 1.66303003 -0.72436202 920.000000 9.000000 172.000000 0.000000
1.55018198 1.73722506 -0.77183801 393.000000 3.000000 174.000000 0.000000
2.40926409 1.84077096 -1.01950705 757.000000 11.000000 268.000000 0.000000
2.39042211 1.80318999 -1.00622702 625.000000 9.000000 292.000000 0.000000
2.56392908 1.90984702 -1.07760704 390.000000 6.000000 285.000000 0.000000
2.23072100 1.57730103 -0.91393298 344.000000 4.000000 455.000000 0.000000
2.27629399 1.56804097 -0.92522001 236.000000 3.000000 425.000000 0.000000
2.40042901 1.63217199 -0.97402400 446.000000 6.000000 341.000000 0.000000
2.45187306 1.64532697 -0.99162000 762.000000 12.000000 363.000000 0.000000
2.46663690 1.63338304 -0.99361199 693.000000 10.000000 412.000000 0.000000
2.49002504 1.62700701 -0.99925601 588.000000 9.000000 514.000000 0.000000
1.41423702 1.76681995 -0.81387699 525.000000 3.000000 534.000000 0.000000
1.42328405 1.75593197 -0.81280899 771.000000 5.000000 554.000000 0.000000
1.44649100 1.76232696 -0.82028598 406.000000 2.000000 592.000000 0.000000
1.41603601 1.70385599 -0.79571599 850.000000 5.000000 531.000000 0.000000
1.39154196 1.65368700 -0.77506298 1113.000000 7.000000 532.000000 0.000000
1.39984298 1.64298499 -0.77399498 1524.000000 11.000000 507.000000 0.000000
1.41050899 1.63507199 -0.77435100 1613.000000 12.000000 491.000000 0.000000
1.44204497 1.65100598 -0.78681397 776.000000 5.000000 489.000000 0.000000
1.49984598 1.69599795 -0.81423301 794.000000 5.000000 523.000000 0.000000
1.58070695 1.76539004 -0.85447103 1009.000000 7.000000 429.000000 0.000000
1.59778905 1.76257801 -0.85803097 1035.000000 8.000000 409.000000 0.000000
1.58328497 1.72521603 -0.84378803 688.000000 5.000000 384.000000 0.000000
1.55501795 1.67373204 -0.82206702 392.000000 2.000000 368.000000 0.000000
2.44028902 1.85586202 -1.11975396 1357.000000 16.000000 141.000000 0.000000
2.45760989 1.84534001 -1.12260306 1752.000000 22.000000 159.000000 0.000000
2.43604589 1.64872706 -1.07239497 1232.000000 13.000000 154.000000 0.000000
2.41580200 1.61352205 -1.05850804 1780.000000 21.000000 137.000000 0.000000
2.42409611 1.59764099 -1.05779600 2384.000000 31.000000 153.000000 0.000000
2.44247293 1.58833599 -1.06171298 2172.000000 27.000000 194.000000 0.000000
2.44587898 1.56928599 -1.05886400 1795.000000 21.000000 166.000000 0.000000
2.47125793 1.56423700 -1.06598604 1557.000000 17.000000 164.000000 0.000000
1.45075703 1.80481398 -0.89538401 519.000000 5.000000 185.000000 0.000000
1.44489002 1.77502298 -0.88443100 1464.000000 16.000000 273.000000 0.000000
1.45457900 1.76469302 -0.88367599 1375.000000 15.000000 215.000000 0.000000
1.42630601 1.70874596 -0.85874897 1159.000000 12.000000 159.000000 0.000000
1.40098000 1.65746498 -0.83608800 1172.000000 12.000000 159.000000 0.000000
1.39730799 1.63263094 -0.82740200 1934.000000 23.000000 229.000000 0.000000
1.40306401 1.61912000 -0.82475799 2271.000000 29.000000 182.000000 0.000000
1.41297197 1.61047995 -0.82475799 2221.000000 28.000000 185.000000 0.000000
1.42957699 1.60940802 -0.82891297 1277.000000 14.000000 233.000000 0.000000
1.53919101 1.62953198 -0.86517000 537.000000 5.000000 131.000000 0.000000
1.57514203 1.62718201 -0.87461197 993.000000 10.000000 121.000000 0.000000
1.58250904 1.61483705 -0.87310100 1281.000000 14.000000 179.000000 0.000000
1.58718002 1.59982800 -0.87007999 943.000000 9.000000 214.000000 0.000000
1.48052394 1.84757304 -0.98872799 524.000000 3.000000 664.000000 0.000000
1.49760699 1.84556103 -0.99274600 705.000000 5.000000 606.000000 0.000000
1.46352506 1.78117704 -0.96140701 948.000000 7.000000 626.000000 0.000000
1.49318099 1.79467797 -0.97426403 736.000000 5.000000 616.000000 0.000000
1.51184106 1.79458296 -0.97948700 459.000000 3.000000 606.000000 0.000000
1.44491899 1.69404900 -0.92685300 363.000000 2.000000 620.000000 0.000000
1.41276097 1.63597000 -0.89832598 731.000000 4.000000 608.000000 0.000000
1.40769303 1.61004603 -0.88828099 1072.000000 7.000000 548.000000 0.000000
1.42301297 1.60754597 -0.89189702 1302.000000 9.000000 522.000000 0.000000
1.44079995 1.60764396 -0.89712101 980.000000 6.000000 426.000000 0.000000
1.52760804 1.68349695 -0.94734401 903.000000 6.000000 453.000000 0.000000
1.53604996 1.67207003 -0.94613898 639.000000 4.000000 456.000000 0.000000
1.53317499 1.64854002 -0.93770099 437.000000 2.000000 331.000000 0.000000
1.58157802 1.67974806 -0.96221000 601.000000 4.000000 442.000000 0.000000
1.50659895 1.83772898 -1.05842495 881.000000 10.000000 260.000000 0.000000
1.45951295 1.75792599 -1.01570904 1592.000000 21.000000 223.000000 0.000000
1.44758105 1.72184503 -0.99921501 737.000000 7.000000 250.000000 0.000000
1.51379704 1.77858603 -1.03939295 941.000000 11.000000 211.000000 0.000000
1.45405996 1.66618502 -0.98145097 1135.000000 12.000000 206.000000 0.000000
1.41396499 1.60009503 -0.94592500 1805.000000 21.000000 178.000000 0.000000
1.42194796 1.58935905 -0.94465601 2348.000000 31.000000 180.000000 0.000000
1.43652904 1.58598697 -0.94803900 2079.000000 26.000000 199.000000 0.000000
1.45173395 1.58316398 -0.95184600 939.000000 9.000000 177.000000 0.000000
1.65521300 1.78379905 -1.08507001 954.000000 11.000000 223.000000 0.000000
1.51900804 1.57713795 -0.97130102 916.000000 9.000000 299.000000 0.000000
1.43153703 1.71766305 -1.06457198 645.000000 4.000000 633.000000 0.000000
1.44147205 1.70816398 -1.06412601 429.000000 3.000000 594.000000 0.000000
1.46355796 1.71288395 -1.07305896 445.000000 3.000000 590.000000 0.000000
1.51270199 1.74850595 -1.10253894 540.000000 4.000000 571.000000 0.000000
1.42919099 1.59194696 -1.01633298 1079.000000 7.000000 514.000000 0.000000
1.42688799 1.56991398 -1.00739896 1517.000000 11.000000 516.000000 0.000000
1.44437599 1.56968296 -1.01320601 1359.000000 10.000000 445.000000 0.000000
1.45764101 1.56471705 -1.01588595 1071.000000 7.000000 380.000000 0.000000
1.56134796 1.59557700 -1.06278598 765.000000 5.000000 309.000000 0.000000
1.43544400 1.71878004 -1.13182104 850.000000 10.000000 188.000000 0.000000
1.49027395 1.74071896 -1.15940106 900.000000 11.000000 144.000000 0.000000
1.45643699 1.63885701 -1.10704505 1004.000000 10.000000 194.000000 0.000000
1.43047595 1.58973205 -1.07852900 1239.000000 13.000000 183.000000 0.000000
1.42297697 1.56193900 -1.06497300 1429.000000 16.000000 191.000000 0.000000
1.43313301 1.55382895 -1.06544006 2070.000000 26.000000 163.000000 0.000000
1.45287395 1.55601203 -1.07338703 1933.000000 24.000000 197.000000 0.000000
1.45997000 1.54449296 -1.07151699 1414.000000 16.000000 175.000000 0.000000
1.52248096 1.59117806 -1.11218703 840.000000 8.000000 126.000000 0.000000
1.42374599 1.66344500 -1.17979395 569.000000 4.000000 589.000000 0.000000
1.43221295 1.65270305 -1.17832100 621.000000 4.000000 662.000000 0.000000
1.44232702 1.64388394 -1.17832100 774.000000 6.000000 594.000000 0.000000
1.43327701 1.61351895 -1.16212702 653.000000 4.000000 591.000000 0.000000
1.42507601 1.58462298 -1.14691305 890.000000 6.000000 501.000000 0.000000
1.41364002 1.55267000 -1.12924600 1016.000000 7.000000 517.000000 0.000000
1.42314005 1.54396701 -1.12924600 1428.000000 10.000000 437.000000 0.000000
1.43496704 1.53775203 -1.13120902 1491.000000 11.000000 483.000000 0.000000
1.45455396 1.53967798 -1.13955200 1165.000000 8.000000 447.000000 0.000000
1.46578205 1.53261197 -1.14102399 1040.000000 7.000000 387.000000 0.000000
1.48486197 1.53359902 -1.14887595 928.000000 6.000000 361.000000 0.000000
1.38963103 1.55546403 -1.18485498 1325.000000 15.000000 185.000000 0.000000
1.39454603 1.54179704 -1.18077004 1505.000000 17.000000 174.000000 0.000000
1.40629804 1.53575301 -1.18281305 2059.000000 26.000000 180.000000 0.000000
1.41569400 1.52709496 -1.18281305 1458.000000 17.000000 194.000000 0.000000
1.42797303 1.52152002 -1.18536603 1211.000000 13.000000 182.000000 0.000000
1.44023705 1.51585305 -1.18791997 1246.000000 14.000000 168.000000 0.000000
1.45248401 1.51009095 -1.19047296 1239.000000 14.000000 195.000000 0.000000
-1.53889596 1.32743704 -0.72592402 1861.000000 13.000000 153.000000 0.000000
-1.52579796 1.33254802 -0.72343099 3033.000000 27.000000 167.000000 0.000000
-1.51619399 1.34064603 -0.72271901 3504.000000 36.000000 184.000000 0.000000
-1.50585198 1.34805298 -0.72165102 3050.000000 27.000000 200.000000 0.000000
-1.50723898 1.36605895 -0.72663599 2852.000000 24.000000 129.000000 0.000000
-1.49882901 1.37528205 -0.72663599 1476.000000 9.000000 141.000000 0.000000
-1.51384199 1.44132495 -0.74800098 2511.000000 20.000000 167.000000 0.000000
-1.50295305 1.44863999 -0.74693298 2025.000000 14.000000 133.000000 0.000000
-1.54855895 1.29310000 -0.77377099 443.000000 3.000000 113.000000 0.000000
-1.50518095 1.27275801 -0.75488698 1416.000000 14.000000 123.000000 0.000000
-1.49734294 1.28197002 -0.75488698 1432.000000 14.000000 108.000000 0.000000
-1.49365401 1.29476297 -0.75715399 1680.000000 17.000000 142.000000 0.000000
-1.51496398 1.32949495 -0.77301598 2825.000000 37.000000 202.000000 0.000000
-1.50677800 1.33876598 -0.77301598 2603.000000 32.000000 167.000000 0.000000
-1.50888002 1.35725403 -0.77868098 1272.000000 12.000000 164.000000 0.000000
-1.53550303 1.39821100 -0.79794300 382.000000 3.000000 92.000000 0.000000
-1.53098702 1.41136396 -0.80020899 512.000000 4.000000 114.000000 0.000000
-1.54806900 1.44468701 -0.81456101 263.000000 2.000000 96.000000 0.000000
-1.53445494 1.44971597 -0.81191701 1527.000000 15.000000 154.000000 0.000000
-1.51480496 1.44888496 -0.80587399 1900.000000 20.000000 133.000000 0.000000
-1.53575301 1.27749801 -0.82640600 1406.000000 9.000000 157.000000 0.000000
-1.51738501 1.27804101 -0.82037902 2103.000000 15.000000 149.000000 0.000000
-1.51090705 1.28851700 -0.82118303 2077.000000 15.000000 179.000000 0.000000
-1.50435805 1.29896104 -0.82198602 2091.000000 15.000000 155.000000 0.000000
-1.49704897 1.30877101 -0.82238799 2373.000000 18.000000 148.000000 0.000000
-1.49515796 1.32339799 -0.82600403 1894.000000 13.000000 151.000000 0.000000
-1.51116395 1.42265904 -0.86055797 1470.000000 9.000000 149.000000 0.000000
-1.50306904 1.43253696 -0.86096001 2067.000000 15.000000 163.000000 0.000000
-1.48239601 1.43027997 -0.85372800 488.000000 2.000000 143.000000 0.000000
-1.36406398 1.45187604 -0.82399499 282.000000 1.000000 106.000000 0.000000
0.40182200 1.64430904 -0.69261098 1555.000000 9.000000 200.000000 0.000000
-1.55631399 1.27672195 -0.88882899 790.000000 7.000000 135.000000 0.000000
-1.53797698 1.27758396 -0.88248497 1496.000000 15.000000 137.000000 0.000000
-1.52663505 1.28408694 -0.88037002 1675.000000 17.000000 148.000000 0.000000
-1.51872802 1.29342997 -0.88037002 1132.000000 10.000000 105.000000 0.000000
-1.51076305 1.30272496 -0.88037002 1571.000000 16.000000 112.000000 0.000000
-1.50752795 1.31613195 -0.88332999 2118.000000 24.000000 138.000000 0.000000
-1.50078404 1.32655394 -0.88417602 1835.000000 19.000000 156.000000 0.000000
-1.49870503 1.34116399 -0.88798302 1084.000000 10.000000 145.000000 0.000000
-1.41790295 1.30078697 -0.84738100 341.000000 2.000000 92.000000 0.000000
-1.51296997 1.42212903 -0.91843402 1435.000000 14.000000 161.000000 0.000000
-1.51342297 1.44011199 -0.92435497 1288.000000 14.000000 124.000000 0.000000
0.33397400 1.62471199 -0.72346097 156.000000 1.000000 131.000000 0.000000
0.35024899 1.65278804 -0.73784101 178.000000 1.000000 141.000000 0.000000
0.36191300 1.65769398 -0.74122399 179.000000 1.000000 120.000000 0.000000
0.39163399 1.60339105 -0.71965498 1465.000000 10.000000 164.000000 0.000000
0.39819199 1.58776498 -0.71331102 1553.000000 11.000000 172.000000 0.000000
0.40144399 1.55982602 -0.70104599 1544.000000 11.000000 149.000000 0.000000
0.40413901 1.53103101 -0.68835801 2154.000000 17.000000 178.000000 0.000000
0.41165099 1.52151895 -0.68497401 2439.000000 21.000000 203.000000 0.000000
0.42169800 1.52158594 -0.68624300 2371.000000 20.000000 218.000000 0.000000
0.43519199 1.53380096 -0.69343299 1928.000000 15.000000 203.000000 0.000000
0.44684899 1.53893995 -0.69723898 963.000000 6.000000 130.000000 0.000000
-1.53654099 1.26449299 -0.94173902 1374.000000 9.000000 130.000000 0.000000
-1.53218806 1.27676404 -0.94397300 2638.000000 22.000000 227.000000 0.000000
-1.51749098 1.28036594 -0.93950599 2270.000000 17.000000 189.000000 0.000000
-1.50824702 1.28849006 -0.93861300 1337.000000 8.000000 143.000000 0.000000
-1.50572300 1.30240703 -0.94218600 1769.000000 12.000000 196.000000 0.000000
-1.50039399 1.31398106 -0.94397300 2015.000000 14.000000 159.000000 0.000000
-1.50033104 1.33029103 -0.94933200 2154.000000 16.000000 153.000000 0.000000
-1.51010597 1.35562098 -0.96139300 761.000000 4.000000 110.000000 0.000000
-1.50256205 1.39966500 -0.97345197 900.000000 5.000000 142.000000 0.000000
-1.51541197 1.42912996 -0.98819202 2358.000000 20.000000 157.000000 0.000000
-1.50402796 1.43592799 -0.98640603 965.000000 6.000000 113.000000 0.000000
-0.51114899 1.46208894 -0.72153300 1772.000000 10.000000 192.000000 0.000000
-0.50158900 1.46350396 -0.72063899 1871.000000 11.000000 162.000000 0.000000
-0.49146301 1.46316099 -0.71885300 1882.000000 11.000000 162.000000 0.000000
-0.48526499 1.47465003 -0.72331899 2142.000000 14.000000 201.000000 0.000000
-0.47237599 1.46567500 -0.71706599 1942.000000 11.000000 176.000000 0.000000
0.40920201 1.62518597 -0.78495902 2025.000000 13.000000 206.000000 0.000000
0.41310501 1.59926105 -0.77289897 1136.000000 6.000000 178.000000 0.000000
0.40521500 1.53011501 -0.73850602 2068.000000 13.000000 204.000000 0.000000
0.41224501 1.51896703 -0.73403901 2428.000000 17.000000 211.000000 0.000000
0.41963500 1.50951505 -0.73046601 2676.000000 19.000000 231.000000 0.000000
0.42839801 1.50519097 -0.72957301 2105.000000 13.000000 216.000000 0.000000
0.42984599 1.47591197 -0.71572602 1649.000000 9.000000 203.000000 0.000000
-1.54199195 1.25662005 -0.99952799 1027.000000 9.000000 108.000000 0.000000
-1.53015399 1.26269102 -0.99672300 1278.000000 12.000000 134.000000 0.000000
-1.51422298 1.26527202 -0.99111301 1676.000000 17.000000 171.000000 0.000000
-1.50643098 1.27453899 -0.99111301 1756.000000 18.000000 168.000000 0.000000
-1.50396299 1.28834796 -0.99485302 1299.000000 12.000000 157.000000 0.000000
-1.49268401 1.29466295 -0.99251598 1509.000000 15.000000 146.000000 0.000000
-1.48670900 1.30554295 -0.99391800 1423.000000 14.000000 158.000000 0.000000
-1.49455595 1.32870305 -1.00513697 1013.000000 9.000000 263.000000 0.000000
-1.52558601 1.42457998 -1.05141604 860.000000 9.000000 283.000000 0.000000
-1.51617301 1.43330801 -1.05094898 1022.000000 11.000000 174.000000 0.000000
-0.52231801 1.44694805 -0.76111901 1426.000000 10.000000 171.000000 0.000000
-0.50331998 1.42182100 -0.74522501 2074.000000 15.000000 179.000000 0.000000
-0.49897000 1.43739700 -0.75223702 2225.000000 16.000000 158.000000 0.000000
-0.47894299 1.40782499 -0.73400599 2011.000000 14.000000 162.000000 0.000000
-0.47283301 1.41827703 -0.73821300 1947.000000 13.000000 144.000000 0.000000
-0.47187400 1.44465899 -0.75130302 1604.000000 10.000000 163.000000 0.000000
-0.47332501 1.47949398 -0.76906598 968.000000 6.000000 140.000000 0.000000
0.40450799 1.47778499 -0.75784701 1877.000000 14.000000 193.000000 0.000000
0.42065501 1.50083101 -0.77187097 2138.000000 17.000000 202.000000 0.000000
0.42768300 1.49056804 -0.76766402 2000.000000 16.000000 187.000000 0.000000
0.44101399 1.50234699 -0.77561098 977.000000 6.000000 176.000000 0.000000
0.44342399 1.47673404 -0.76298898 264.000000 1.000000 152.000000 0.000000
0.48544800 1.36812997 -0.71530801 521.000000 2.000000 148.000000 0.000000
-1.57700598 1.28394103 -1.09194899 978.000000 6.000000 217.000000 0.000000
-1.52542496 1.25753701 -1.06005001 1591.000000 10.000000 139.000000 0.000000
-1.51567400 1.26519597 -1.05857801 1749.000000 12.000000 152.000000 0.000000
-1.50788295 1.27447295 -1.05857801 1830.000000 13.000000 172.000000 0.000000
-1.50003397 1.28370094 -1.05857801 1992.000000 14.000000 161.000000 0.000000
-1.48489106 1.28659904 -1.05317998 2658.000000 22.000000 194.000000 0.000000
-1.48220503 1.30028701 -1.05710602 2101.000000 15.000000 190.000000 0.000000
-1.47419798 1.30935705 -1.05710602 1237.000000 8.000000 192.000000 0.000000
-1.65908206 1.49212694 -1.20334995 785.000000 6.000000 186.000000 0.000000
-1.60777998 1.50040197 -1.18519199 1669.000000 14.000000 213.000000 0.000000
-1.51879001 1.43479502 -1.12335706 1378.000000 10.000000 228.000000 0.000000
-0.50031900 1.40707195 -0.78768301 2565.000000 17.000000 233.000000 0.000000
-0.49453700 1.41834605 -0.79259098 3019.000000 23.000000 192.000000 0.000000
-0.48385701 1.41558003 -0.78915501 2578.000000 17.000000 260.000000 0.000000
-0.45943201 1.37141502 -0.76118302 2116.000000 13.000000 167.000000 0.000000
-0.43529701 1.32617795 -0.73271900 2090.000000 13.000000 165.000000 0.000000
-0.45426399 1.41346002 -0.78277600 1254.000000 6.000000 154.000000 0.000000
-0.46409300 1.47524905 -0.81761903 523.000000 2.000000 133.000000 0.000000
0.37104800 1.50763595 -0.82105398 1219.000000 6.000000 242.000000 0.000000
0.39442700 1.56107199 -0.85344398 1221.000000 6.000000 191.000000 0.000000
0.39785701 1.53501201 -0.83970302 1094.000000 6.000000 167.000000 0.000000
0.39873600 1.50055099 -0.82105398 1655.000000 10.000000 210.000000 0.000000
0.40862501 1.50059700 -0.82252699 2302.000000 15.000000 222.000000 0.000000
0.41758901 1.49722302 -0.82203603 2352.000000 16.000000 236.000000 0.000000
0.42628801 1.49295700 -0.82105398 2037.000000 13.000000 256.000000 0.000000
0.43421501 1.48613298 -0.81860101 1178.000000 6.000000 187.000000 0.000000
0.46714801 1.43401694 -0.79602599 253.000000 1.000000 160.000000 0.000000
-1.71727395 1.37122500 -1.25124598 538.000000 6.000000 140.000000 0.000000
-1.66664195 1.34776402 -1.21907198 479.000000 4.000000 144.000000 0.000000
-1.54906595 1.26885700 -1.13531804 722.000000 7.000000 164.000000 0.000000
-1.51672101 1.25808299 -1.11642301 1367.000000 13.000000 182.000000 0.000000
-1.50303698 1.26240206 -1.11182594 1775.000000 19.000000 168.000000 0.000000
-1.49329400 1.26993406 -1.11029398 1549.000000 16.000000 157.000000 0.000000
-1.48547399 1.27907300 -1.11029398 1891.000000 21.000000 193.000000 0.000000
-1.47824705 1.28872705 -1.11080503 1814.000000 19.000000 162.000000 0.000000
-1.48193705 1.30798805 -1.11999798 1169.000000 11.000000 197.000000 0.000000
-1.55868196 1.44485295 -1.20834696 779.000000 8.000000 135.000000 0.000000
-1.52654600 1.43266904 -1.18945205 970.000000 10.000000 147.000000 0.000000
-0.52426898 1.38367295 -0.82481700 441.000000 2.000000 148.000000 0.000000
-0.51969600 1.39732802 -0.83145601 1284.000000 9.000000 201.000000 0.000000
-0.51111197 1.40049005 -0.83145601 2019.000000 16.000000 179.000000 0.000000
-0.49841899 1.39227998 -0.82430601 2506.000000 20.000000 210.000000 0.000000
-0.49072799 1.39774299 -0.82583803 2470.000000 19.000000 224.000000 0.000000
-0.46746600 1.35849702 -0.79928201 1717.000000 11.000000 154.000000 0.000000
-0.46910301 1.39063799 -0.81766701 1148.000000 7.000000 179.000000 0.000000
-0.47444600 1.43508196 -0.84371299 393.000000 2.000000 121.000000 0.000000
-0.44897899 1.44685304 -0.84575498 348.000000 2.000000 111.000000 0.000000
0.37965101 1.55876195 -0.89886701 706.000000 4.000000 230.000000 0.000000
0.40261701 1.61065495 -0.93206197 1271.000000 10.000000 184.000000 0.000000
0.40065300 1.56148601 -0.90346402 1434.000000 10.000000 220.000000 0.000000
0.39268899 1.49160194 -0.86209798 1596.000000 12.000000 168.000000 0.000000
0.40360701 1.49581003 -0.86618298 1666.000000 12.000000 180.000000 0.000000
0.41277701 1.49330604 -0.86618298 1719.000000 13.000000 194.000000 0.000000
0.42123699 1.48826098 -0.86465102 1483.000000 11.000000 169.000000 0.000000
0.43035999 1.48564804 -0.86465102 1028.000000 7.000000 178.000000 0.000000
-1.53465295 1.26737702 -1.20148098 914.000000 6.000000 151.000000 0.000000
-1.48600805 1.24256897 -1.16784501 1880.000000 13.000000 143.000000 0.000000
-1.48029006 1.25330400 -1.16944695 2278.000000 18.000000 190.000000 0.000000
-1.46808195 1.25850797 -1.16570902 2484.000000 20.000000 218.000000 0.000000
-1.46416104 1.27082002 -1.16891301 2060.000000 15.000000 203.000000 0.000000
-1.46204805 1.28480804 -1.17371798 1468.000000 10.000000 175.000000 0.000000
-1.54188704 1.37194204 -1.24793196 938.000000 6.000000 139.000000 0.000000
-1.51145804 1.41283596 -1.25113499 1339.000000 10.000000 129.000000 0.000000
-1.54203999 1.45930600 -1.28530502 852.000000 6.000000 194.000000 0.000000
-1.53732800 1.47283804 -1.28904295 901.000000 7.000000 136.000000 0.000000
-0.52455997 1.39707100 -0.88700902 1337.000000 7.000000 226.000000 0.000000
-0.50810498 1.37883401 -0.87259299 2061.000000 13.000000 226.000000 0.000000
-0.50078201 1.38510799 -0.87472898 2750.000000 21.000000 207.000000 0.000000
-0.49171001 1.38655996 -0.87366098 2589.000000 19.000000 231.000000 0.000000
-0.48263901 1.38795400 -0.87259299 2075.000000 13.000000 182.000000 0.000000
-0.47819400 1.40289795 -0.88060200 1431.000000 8.000000 199.000000 0.000000
-0.47117999 1.41061902 -0.88380498 512.000000 2.000000 220.000000 0.000000
-0.35068101 1.25043201 -0.76474297 610.000000 3.000000 142.000000 0.000000
-0.34678301 1.26642799 -0.77381998 1420.000000 8.000000 202.000000 0.000000
-0.33813599 1.26526403 -0.77168399 1686.000000 9.000000 203.000000 0.000000
-0.33312801 1.27795398 -0.77862501 776.000000 3.000000 144.000000 0.000000
0.40608999 1.68764997 -1.04077494 695.000000 3.000000 303.000000 0.000000
0.39771301 1.60962403 -0.99165499 802.000000 4.000000 276.000000 0.000000
0.39590201 1.56126595 -0.96175599 958.000000 5.000000 192.000000 0.000000
0.39949399 1.53590000 -0.94680601 1066.000000 6.000000 204.000000 0.000000
0.40147799 1.50564897 -0.92865402 1391.000000 8.000000 236.000000 0.000000
0.40511900 1.48277104 -0.91530597 2015.000000 13.000000 241.000000 0.000000
0.41558099 1.48514199 -0.91850901 1899.000000 12.000000 224.000000 0.000000
0.42468601 1.48256397 -0.91850901 1305.000000 7.000000 189.000000 0.000000
0.43902400 1.49777603 -0.93025500 537.000000 2.000000 293.000000 0.000000
-1.51102698 1.24289799 -1.24394906 878.000000 9.000000 176.000000 0.000000
-1.48862302 1.23991895 -1.23122096 1181.000000 13.000000 170.000000 0.000000
-1.47907400 1.24742401 -1.22956097 1593.000000 19.000000 251.000000 0.000000
-1.47583401 1.26025105 -1.23343503 1349.000000 15.000000 172.000000 0.000000
-1.46933699 1.27037001 -1.23454106 1379.000000 16.000000 192.000000 0.000000
-1.46842206 1.28538001 -1.24062896 997.000000 11.000000 188.000000 0.000000
-1.46487999 1.29822302 -1.24450195 974.000000 10.000000 159.000000 0.000000
-1.49850905 1.34435999 -1.28157997 824.000000 8.000000 166.000000 0.000000
-1.48633897 1.38360500 -1.29320097 873.000000 9.000000 184.000000 0.000000
-0.53462201 1.39355898 -0.93571001 754.000000 5.000000 310.000000 0.000000
-0.51895899 1.37812698 -0.92242801 1545.000000 11.000000 240.000000 0.000000
-0.50903797 1.37738395 -0.91966200 1930.000000 15.000000 223.000000 0.000000
-0.50114900 1.38204598 -0.92076802 2079.000000 17.000000 218.000000 0.000000
-0.49125201 1.38117504 -0.91800100 2255.000000 19.000000 263.000000 0.000000
-0.48830199 1.39987600 -0.92906898 1521.000000 11.000000 245.000000 0.000000
-0.47997600 1.40363300 -0.92962301 849.000000 5.000000 250.000000 0.000000
-0.32307199 1.26886594 -0.81396401 503.000000 2.000000 208.000000 0.000000
0.31261101 1.55815899 -0.99990302 569.000000 3.000000 279.000000 0.000000
0.32966000 1.59293699 -1.02480602 397.000000 3.000000 325.000000 0.000000
0.44366801 1.80878901 -1.18141603 1033.000000 10.000000 206.000000 0.000000
0.39574000 1.56922996 -1.01927197 1357.000000 11.000000 241.000000 0.000000
0.39751801 1.53610897 -0.99824297 1354.000000 10.000000 209.000000 0.000000
0.40165299 1.51349902 -0.98440802 1440.000000 10.000000 194.000000 0.000000
0.40660700 1.49491894 -0.97333997 1619.000000 12.000000 221.000000 0.000000
0.41444501 1.48757803 -0.97002000 1766.000000 14.000000 244.000000 0.000000
0.42379001 1.48580801 -0.97057301 1341.000000 10.000000 218.000000 0.000000
0.43081999 1.47597802 -0.96559298 725.000000 4.000000 236.000000 0.000000
0.45422900 1.45586002 -0.95729202 711.000000 4.000000 294.000000 0.000000
0.47718701 1.49752796 -0.98828202 903.000000 6.000000 278.000000 0.000000
0.48636699 1.49457204 -0.98828202 1020.000000 7.000000 203.000000 0.000000
0.49552801 1.49155998 -0.98828202 990.000000 7.000000 249.000000 0.000000
0.52482498 1.54849899 -1.03033996 597.000000 4.000000 282.000000 0.000000
-1.48311698 1.22733402 -1.29921997 1479.000000 11.000000 202.000000 0.000000
-1.47368002 1.23483396 -1.29749203 1418.000000 11.000000 185.000000 0.000000
-1.45984602 1.23855996 -1.29173195 1357.000000 10.000000 188.000000 0.000000
-1.44850099 1.24429500 -1.28827596 1258.000000 9.000000 222.000000 0.000000
-1.44946802 1.26067698 -1.29633999 1558.000000 12.000000 200.000000 0.000000
-1.44293201 1.27062798 -1.29749203 1433.000000 11.000000 208.000000 0.000000
-1.43632805 1.28054702 -1.29864395 1500.000000 11.000000 208.000000 0.000000
-1.43147504 1.29207695 -1.30152404 1330.000000 10.000000 212.000000 0.000000
-1.42653501 1.30359495 -1.30440402 1375.000000 10.000000 193.000000 0.000000
-0.59432799 1.45085800 -1.04750597 810.000000 4.000000 291.000000 0.000000
-0.57323402 1.42413294 -1.02446604 1116.000000 6.000000 182.000000 0.000000
-0.55159098 1.39492297 -0.99969798 988.000000 5.000000 197.000000 0.000000
-0.52914798 1.36245406 -0.97262597 1405.000000 8.000000 222.000000 0.000000
-0.51787299 1.35803401 -0.96686602 1865.000000 12.000000 222.000000 0.000000
-0.51153100 1.36654699 -0.97089797 2101.000000 14.000000 253.000000 0.000000
-0.49835801 1.35661101 -0.96110600 2297.000000 16.000000 224.000000 0.000000
-0.49693400 1.37887597 -0.97550601 1721.000000 11.000000 215.000000 0.000000
-0.48493299 1.37187600 -0.96801800 1254.000000 7.000000 220.000000 0.000000
-0.47837400 1.38023400 -0.97205001 545.000000 2.000000 183.000000 0.000000
-0.50104398 1.50548303 -1.06075501 971.000000 5.000000 366.000000 0.000000
-0.48522800 1.48831606 -1.04577804 1402.000000 8.000000 205.000000 0.000000
-0.48178801 1.50918102 -1.05902600 1060.000000 6.000000 193.000000 0.000000
-0.47494999 1.51991403 -1.06478703 513.000000 2.000000 262.000000 0.000000
-0.46271199 1.65820098 -1.15579498 1084.000000 6.000000 252.000000 0.000000
-0.43881899 1.61052001 -1.11893106 1438.000000 9.000000 194.000000 0.000000
-0.44107199 1.65901303 -1.15233898 1158.000000 7.000000 226.000000 0.000000
0.40583301 1.63515401 -1.12987494 836.000000 4.000000 246.000000 0.000000
0.38548899 1.51383698 -1.04347396 1238.000000 7.000000 217.000000 0.000000
0.38917300 1.49009395 -1.02792203 1489.000000 9.000000 229.000000 0.000000
0.39618701 1.47978306 -1.02216196 1885.000000 12.000000 275.000000 0.000000
0.40482500 1.47574794 -1.02101004 1825.000000 11.000000 255.000000 0.000000
0.41586900 1.48031700 -1.02619398 1411.000000 8.000000 226.000000 0.000000
0.41837099 1.45496094 -1.00949001 836.000000 4.000000 234.000000 0.000000
0.44164300 1.50097406 -1.04520202 442.000000 2.000000 248.000000 0.000000
0.54940498 1.64101398 -1.16213095 961.000000 6.000000 321.000000 0.000000
-0.53852099 1.35934997 -1.02434003 879.000000 6.000000 295.000000 0.000000
-0.52429402 1.34766603 -1.01244104 1211.000000 9.000000 236.000000 0.000000
-0.51572597 1.35010695 -1.01184595 1292.000000 9.000000 246.000000 0.000000
-0.50771600 1.35399795 -1.01244104 1591.000000 12.000000 268.000000 0.000000
-0.49911901 1.35633504 -1.01184595 1405.000000 10.000000 259.000000 0.000000
-0.49161300 1.36163700 -1.01363099 1048.000000 7.000000 278.000000 0.000000
-0.48297799 1.36387098 -1.01303601 473.000000 3.000000 257.000000 0.000000
-0.59646499 1.71417105 -1.28552902 454.000000 4.000000 249.000000 0.000000
-0.54481602 1.73549199 -1.28850400 534.000000 4.000000 281.000000 0.000000
0.32389700 1.55412602 -1.11715400 512.000000 4.000000 302.000000 0.000000
0.38202399 1.54583597 -1.12072396 690.000000 5.000000 226.000000 0.000000
0.37704599 1.48576903 -1.07669699 1326.000000 10.000000 280.000000 0.000000
0.38475499 1.47797799 -1.07253206 1576.000000 12.000000 257.000000 0.000000
0.39381599 1.47558904 -1.07253206 1506.000000 11.000000 269.000000 0.000000
0.40328199 1.47469699 -1.07372200 1379.000000 10.000000 271.000000 0.000000
0.41318101 1.47529304 -1.07610202 1010.000000 7.000000 232.000000 0.000000
0.43844399 1.52995396 -1.12012899 610.000000 4.000000 220.000000 0.000000
0.43416500 1.48014700 -1.08383596 1071.000000 7.000000 282.000000 0.000000
0.45375600 1.51289999 -1.11120498 711.000000 5.000000 247.000000 0.000000
-0.63656902 1.48232400 -1.20595503 568.000000 3.000000 202.000000 0.000000
-0.66075802 1.59253299 -1.29297602 991.000000 6.000000 239.000000 0.000000
-0.54870301 1.34510398 -1.08005095 1355.000000 8.000000 265.000000 0.000000
-0.52934498 1.32068098 -1.05659902 1757.000000 11.000000 271.000000 0.000000
-0.52094400 1.32317102 -1.05598104 1640.000000 10.000000 268.000000 0.000000
-0.51196599 1.32413995 -1.05412996 1683.000000 10.000000 233.000000 0.000000
-0.49909800 1.31474602 -1.04363799 2002.000000 13.000000 241.000000 0.000000
-0.49102199 1.31778395 -1.04363799 1915.000000 12.000000 228.000000 0.000000
-0.48562101 1.32816505 -1.04981005 1743.000000 11.000000 215.000000 0.000000
-0.47693199 1.32963800 -1.04857504 1671.000000 10.000000 247.000000 0.000000
-0.46876499 1.33253896 -1.04857504 1748.000000 11.000000 237.000000 0.000000
-0.46134701 1.33762300 -1.05042696 1907.000000 12.000000 247.000000 0.000000
-0.45262799 1.33893704 -1.04919302 1303.000000 7.000000 244.000000 0.000000
-0.46339300 1.39922202 -1.09671497 684.000000 3.000000 235.000000 0.000000
-0.48505300 1.56084001 -1.22261798 537.000000 3.000000 226.000000 0.000000
0.35279301 1.49020600 -1.14176905 1174.000000 7.000000 312.000000 0.000000
0.35726199 1.46890497 -1.12633896 1394.000000 8.000000 256.000000 0.000000
0.36703399 1.46973801 -1.12880802 1444.000000 9.000000 277.000000 0.000000
0.37506500 1.46364796 -1.12572205 1633.000000 10.000000 249.000000 0.000000
0.38403800 1.46131897 -1.12572205 1700.000000 11.000000 270.000000 0.000000
0.39402500 1.46273303 -1.12880802 1415.000000 9.000000 239.000000 0.000000
0.41517600 1.50426698 -1.16460395 692.000000 4.000000 239.000000 0.000000
0.46225601 1.52750504 -1.19237697 610.000000 3.000000 257.000000 0.000000
-0.66167903 1.41118705 -1.22237396 446.000000 3.000000 260.000000 0.000000
-0.63442498 1.46833897 -1.25605094 464.000000 3.000000 283.000000 0.000000
-0.59378302 1.39838505 -1.18996799 569.000000 4.000000 305.000000 0.000000
-0.56361401 1.35076296 -1.14421904 832.000000 5.000000 272.000000 0.000000
-0.54202700 1.32208896 -1.11562598 1029.000000 7.000000 308.000000 0.000000
-0.53099501 1.31823695 -1.10927200 1181.000000 8.000000 294.000000 0.000000
-0.52346998 1.32290494 -1.11054301 1275.000000 9.000000 298.000000 0.000000
-0.51506001 1.32537305 -1.10990703 1443.000000 11.000000 341.000000 0.000000
-0.50747401 1.32994998 -1.11117804 1362.000000 10.000000 322.000000 0.000000
-0.50012398 1.33520496 -1.11308503 1317.000000 10.000000 350.000000 0.000000
-0.49407199 1.34403896 -1.11816800 1273.000000 9.000000 285.000000 0.000000
-0.48713800 1.35067296 -1.12134504 930.000000 6.000000 290.000000 0.000000
-0.50210398 1.47552001 -1.22237396 547.000000 4.000000 313.000000 0.000000
-0.48712400 1.46101105 -1.20712399 617.000000 5.000000 264.000000 0.000000
-0.47669801 1.45957196 -1.20331204 741.000000 6.000000 266.000000 0.000000
-0.47058401 1.47128701 -1.21093702 615.000000 5.000000 264.000000 0.000000
0.35304999 1.46413898 -1.17916703 986.000000 8.000000 286.000000 0.000000
0.36019501 1.45444298 -1.17281199 1242.000000 11.000000 302.000000 0.000000
0.36967599 1.45445299 -1.17471898 1306.000000 11.000000 325.000000 0.000000
0.37782300 1.44916606 -1.17217696 1604.000000 15.000000 290.000000 0.000000
0.38749599 1.44980705 -1.17471898 1339.000000 12.000000 283.000000 0.000000
0.39638501 1.44740200 -1.17471898 1319.000000 11.000000 302.000000 0.000000
0.40422699 1.44122195 -1.17154205 1254.000000 11.000000 285.000000 0.000000
0.41517001 1.44614303 -1.17789602 1113.000000 9.000000 265.000000 0.000000
0.42575800 1.44950104 -1.18297899 833.000000 7.000000 334.000000 0.000000
0.43442401 1.44612098 -1.18234301 876.000000 7.000000 271.000000 0.000000
0.44620600 1.45303404 -1.19060397 691.000000 5.000000 304.000000 0.000000
-0.61502999 1.36717498 -1.24506903 576.000000 3.000000 222.000000 0.000000
-0.61119401 1.38126802 -1.25492501 394.000000 2.000000 219.000000 0.000000
-0.58980399 1.35525799 -1.22667003 569.000000 3.000000 253.000000 0.000000
-0.57053202 1.33319902 -1.20235705 792.000000 4.000000 233.000000 0.000000
-0.55096900 1.30956399 -1.17672896 1018.000000 6.000000 216.000000 0.000000
-0.54119998 1.30873895 -1.17278600 1157.000000 7.000000 237.000000 0.000000
-0.52721602 1.29736400 -1.15898705 1555.000000 10.000000 288.000000 0.000000
-0.51924598 1.30057395 -1.15898705 1545.000000 9.000000 265.000000 0.000000
-0.51180398 1.30514002 -1.16030097 1563.000000 10.000000 194.000000 0.000000
-0.50243598 1.30473697 -1.15701604 1469.000000 9.000000 244.000000 0.000000
-0.49840799 1.31837595 -1.16687298 1264.000000 7.000000 219.000000 0.000000
-0.49893701 1.34474003 -1.18855703 843.000000 4.000000 209.000000 0.000000
-0.49118999 1.34919298 -1.18987095 761.000000 4.000000 210.000000 0.000000
-0.48517799 1.35857296 -1.19578505 916.000000 5.000000 215.000000 0.000000
-0.47708100 1.36223602 -1.19644296 844.000000 4.000000 210.000000 0.000000
-0.47310600 1.37797594 -1.20827103 1099.000000 7.000000 230.000000 0.000000
-0.46320400 1.37656498 -1.20432794 819.000000 5.000000 209.000000 0.000000
-0.46321800 1.40516198 -1.22798395 709.000000 4.000000 245.000000 0.000000
-0.47120899 1.45964301 -1.27529597 497.000000 2.000000 203.000000 0.000000
-0.45816699 1.44956505 -1.26346803 459.000000 2.000000 188.000000 0.000000
-0.60333502 1.32835805 -1.27012300 605.000000 5.000000 287.000000 0.000000
-0.58667499 1.31318903 -1.25123894 709.000000 5.000000 301.000000 0.000000
-0.57231998 1.30259097 -1.23707604 896.000000 7.000000 283.000000 0.000000
-0.56431597 1.30607796 -1.23707604 847.000000 7.000000 284.000000 0.000000
-0.55600101 1.30883706 -1.23640203 787.000000 5.000000 276.000000 0.000000
-0.53763098 1.28773296 -1.21212196 1141.000000 8.000000 262.000000 0.000000
-0.53169900 1.29578197 -1.21684301 1343.000000 10.000000 267.000000 0.000000
-0.52485198 1.30175495 -1.21954095 1460.000000 11.000000 275.000000 0.000000
-0.51657999 1.30426502 -1.21886694 1385.000000 11.000000 300.000000 0.000000
-0.50694698 1.30328798 -1.21482003 1214.000000 9.000000 277.000000 0.000000
-0.50133401 1.31257296 -1.22089005 1084.000000 8.000000 273.000000 0.000000
-0.49405599 1.31769502 -1.22291303 967.000000 7.000000 275.000000 0.000000
-0.48750499 1.32485402 -1.22695994 777.000000 5.000000 249.000000 0.000000
-0.48341799 1.33891797 -1.23775101 656.000000 5.000000 265.000000 0.000000
-0.47817999 1.35020006 -1.24584401 583.000000 4.000000 244.000000 0.000000
-0.54550999 1.28184605 -1.28511202 823.000000 5.000000 160.000000 0.000000
-0.53735799 1.28450596 -1.28441596 799.000000 5.000000 142.000000 0.000000
-0.52892101 1.28645003 -1.28302503 724.000000 4.000000 159.000000 0.000000
-0.49437499 1.29166102 -1.27537096 716.000000 4.000000 151.000000 0.000000
-0.48719600 1.29668796 -1.27745795 718.000000 4.000000 168.000000 0.000000
