1.85646701 -1.68315601 -0.70084798 74.000000 1.000000 233.000000 3.000000
1.36349797 -1.61574900 -0.69647503 97.000000 1.000000 185.000000 3.000000
1.06962395 -1.76926398 -0.79416603 202.000000 1.000000 229.000000 3.000000
1.00451100 -1.68523705 -0.75111097 116.000000 1.000000 223.000000 3.000000
0.99838901 -1.69854403 -0.75450999 106.000000 1.000000 230.000000 3.000000
0.98748302 -1.70383799 -0.75413197 105.000000 1.000000 224.000000 3.000000
0.98530900 -1.72431898 -0.76093000 128.000000 1.000000 233.000000 3.000000
0.97425401 -1.72952604 -0.76055300 333.000000 2.000000 218.000000 3.000000
0.77271998 -1.66194606 -0.75408399 229.000000 1.000000 165.000000 3.000000
0.75680298 -1.65416098 -0.74805701 438.000000 2.000000 209.000000 3.000000
0.74926502 -1.66462004 -0.75086999 308.000000 1.000000 149.000000 3.000000
0.74088800 -1.67337501 -0.75287902 257.000000 1.000000 161.000000 3.000000
0.72549701 -1.66613102 -0.74725401 121.000000 1.000000 132.000000 3.000000
0.71669900 -1.67391896 -0.74886101 87.000000 1.000000 166.000000 3.000000
-1.57084000 -1.88989604 -0.88794303 129.000000 1.000000 146.000000 3.000000
-1.59023404 -1.88951099 -0.89257199 155.000000 1.000000 160.000000 3.000000
-1.24468005 -1.82958901 -0.85346198 144.000000 1.000000 161.000000 3.000000
-1.25692999 -1.82344401 -0.85421699 172.000000 1.000000 179.000000 3.000000
-1.27285397 -1.82253802 -0.85761601 144.000000 1.000000 143.000000 3.000000
-0.82010800 -1.81750906 -0.82479900 227.000000 1.000000 216.000000 3.000000
-0.83009797 -1.80994594 -0.82359397 269.000000 1.000000 239.000000 3.000000
-0.84002602 -1.80233002 -0.82238799 247.000000 1.000000 182.000000 3.000000
-0.84910601 -1.79300499 -0.82037902 127.000000 1.000000 188.000000 3.000000
-0.86049002 -1.78858602 -0.82078099 166.000000 1.000000 193.000000 3.000000
