2.14931011 1.79301202 -0.93750399 781.000000 11.000000 186.000000 0.000000
2.15881705 1.77858901 -0.93684000 902.000000 13.000000 152.000000 0.000000
2.18284392 1.77604401 -0.94281602 756.000000 11.000000 175.000000 0.000000
2.19370103 1.76261699 -0.94281602 847.000000 12.000000 218.000000 0.000000
2.20890307 1.75264800 -0.94480801 706.000000 10.000000 184.000000 0.000000
2.21293998 1.73381495 -0.94182003 783.000000 11.000000 179.000000 0.000000
2.21235895 1.71153104 -0.93684000 816.000000 12.000000 242.000000 0.000000
2.16516304 1.65374899 -0.91127700 1380.000000 22.000000 263.000000 0.000000
2.17301297 1.63872600 -0.91028100 1184.000000 18.000000 286.000000 0.000000
2.18227100 1.62479699 -0.90994900 380.000000 5.000000 273.000000 0.000000
2.12536812 1.76558101 -1.00438297 832.000000 7.000000 134.000000 0.000000
2.16001105 1.77205396 -1.01613402 2446.000000 31.000000 197.000000 0.000000
2.15123200 1.74289405 -1.00651896 842.000000 8.000000 129.000000 0.000000
2.13969493 1.62746596 -0.97589600 926.000000 8.000000 126.000000 0.000000
2.16010594 1.62215698 -0.98088098 2568.000000 33.000000 147.000000 0.000000
2.17227101 1.61054099 -0.98194897 2663.000000 35.000000 126.000000 0.000000
2.18512988 1.59938800 -0.98337400 1251.000000 12.000000 148.000000 0.000000
2.13317704 1.74411798 -1.07478201 787.000000 11.000000 136.000000 0.000000
2.16038799 1.74440098 -1.08346796 960.000000 14.000000 278.000000 0.000000
2.15124202 1.67245102 -1.06231797 244.000000 3.000000 170.000000 0.000000
2.14402795 1.58386898 -1.03814697 723.000000 10.000000 243.000000 0.000000
2.16117907 1.57615101 -1.04192400 1023.000000 15.000000 271.000000 0.000000
2.16405392 1.55798101 -1.03852499 639.000000 9.000000 244.000000 0.000000
2.19166708 1.55757403 -1.04758894 146.000000 2.000000 261.000000 0.000000
2.14075708 1.73257899 -1.15828300 1445.000000 15.000000 224.000000 0.000000
2.13846707 1.70912600 -1.15105104 1537.000000 16.000000 171.000000 0.000000
2.15515900 1.57576001 -1.12131798 621.000000 5.000000 412.000000 0.000000
2.15141702 1.55286598 -1.11408603 1959.000000 22.000000 162.000000 0.000000
2.15568209 1.53591895 -1.11127400 2309.000000 28.000000 158.000000 0.000000
2.17255902 1.52792704 -1.11529195 1394.000000 14.000000 183.000000 0.000000
2.11968994 1.49496198 -1.15992999 449.000000 5.000000 288.000000 0.000000
2.15110898 1.49749506 -1.17261803 665.000000 9.000000 281.000000 0.000000
2.15801907 1.48272502 -1.17134905 741.000000 11.000000 299.000000 0.000000
2.17306900 1.47353399 -1.17473197 330.000000 4.000000 272.000000 0.000000
2.11564803 1.48521900 -1.23877203 1275.000000 13.000000 154.000000 0.000000
2.11368608 1.46457195 -1.23207200 1958.000000 21.000000 168.000000 0.000000
2.12632704 1.45409906 -1.23430598 2288.000000 26.000000 156.000000 0.000000
2.14559603 1.44802594 -1.24055898 1413.000000 15.000000 134.000000 0.000000
1.13307703 1.81167197 -0.88747799 118.000000 1.000000 190.000000 0.000000
1.17086697 1.68251896 -0.84930801 475.000000 2.000000 442.000000 0.000000
1.13905203 1.72852099 -0.91547298 699.000000 6.000000 577.000000 0.000000
1.10297704 1.65132201 -0.87614101 1161.000000 11.000000 577.000000 0.000000
1.11916494 1.65354204 -0.88121599 1497.000000 15.000000 499.000000 0.000000
1.11651599 1.62793398 -0.87064201 1813.000000 19.000000 461.000000 0.000000
1.13524795 1.63372099 -0.87783200 1529.000000 15.000000 426.000000 0.000000
1.15617204 1.64230800 -0.88671398 715.000000 6.000000 387.000000 0.000000
1.12462497 1.72347498 -0.97568601 537.000000 3.000000 239.000000 0.000000
1.13270903 1.71281302 -0.97345197 1112.000000 7.000000 343.000000 0.000000
1.14868200 1.71400201 -0.97836602 1438.000000 10.000000 356.000000 0.000000
1.13301301 1.66845095 -0.95513898 1142.000000 7.000000 341.000000 0.000000
1.12749195 1.63862896 -0.94129300 1505.000000 10.000000 404.000000 0.000000
1.11908603 1.60527098 -0.92521298 1694.000000 11.000000 430.000000 0.000000
1.13356495 1.60494804 -0.92923301 1493.000000 10.000000 466.000000 0.000000
1.14339101 1.59796202 -0.92923301 757.000000 4.000000 494.000000 0.000000
1.19837606 1.65318406 -0.96764600 392.000000 2.000000 521.000000 0.000000
1.21322894 1.63117802 -0.96317899 301.000000 1.000000 570.000000 0.000000
1.15922201 1.72517204 -1.04674196 627.000000 6.000000 563.000000 0.000000
1.12861598 1.65729201 -1.00794196 769.000000 7.000000 506.000000 0.000000
1.11474001 1.61535895 -0.98550302 774.000000 7.000000 394.000000 0.000000
1.10695696 1.58309305 -0.96914202 828.000000 7.000000 393.000000 0.000000
1.10799003 1.56398904 -0.96119499 974.000000 9.000000 386.000000 0.000000
1.12475896 1.56723201 -0.96774000 1291.000000 12.000000 332.000000 0.000000
1.16648495 1.60470402 -0.99672300 643.000000 5.000000 311.000000 0.000000
1.19564605 1.62389696 -1.01401901 225.000000 1.000000 282.000000 0.000000
1.17537701 1.75051904 -1.13415396 479.000000 3.000000 493.000000 0.000000
1.17530298 1.72743297 -1.12335706 1079.000000 7.000000 388.000000 0.000000
1.18538499 1.71947205 -1.12286699 1170.000000 8.000000 401.000000 0.000000
1.17244101 1.67860901 -1.09980094 720.000000 4.000000 399.000000 0.000000
1.10412896 1.56048501 -1.02324402 586.000000 3.000000 423.000000 0.000000
1.11419106 1.55438900 -1.02373505 711.000000 4.000000 471.000000 0.000000
1.12268198 1.54611301 -1.02275300 785.000000 4.000000 540.000000 0.000000
1.13421500 1.54200196 -1.02471602 579.000000 3.000000 526.000000 0.000000
1.20931101 1.62300098 -1.08655095 313.000000 2.000000 577.000000 0.000000
1.22449994 1.62250102 -1.09145796 365.000000 2.000000 676.000000 0.000000
1.05865598 1.63037801 -1.10059094 202.000000 1.000000 661.000000 0.000000
1.13753498 1.70609200 -1.16391695 455.000000 4.000000 545.000000 0.000000
1.18437898 1.70750499 -1.18025899 821.000000 8.000000 348.000000 0.000000
1.13017094 1.58692503 -1.10314500 535.000000 4.000000 294.000000 0.000000
1.12835300 1.56389701 -1.09139895 1239.000000 12.000000 273.000000 0.000000
1.13084698 1.54721105 -1.08424902 1675.000000 17.000000 290.000000 0.000000
1.14440000 1.54577994 -1.08833504 1435.000000 14.000000 275.000000 0.000000
1.16003299 1.54699695 -1.09446299 879.000000 8.000000 231.000000 0.000000
1.13065696 1.70333803 -1.23565197 415.000000 2.000000 323.000000 0.000000
1.13872504 1.69286203 -1.23298204 430.000000 2.000000 339.000000 0.000000
1.16863596 1.71447504 -1.25487196 476.000000 3.000000 363.000000 0.000000
1.18182302 1.68892598 -1.24633002 746.000000 5.000000 454.000000 0.000000
1.22202301 1.72369897 -1.27889800 596.000000 4.000000 428.000000 0.000000
1.22912097 1.71136296 -1.27516103 425.000000 2.000000 461.000000 0.000000
1.17536700 1.61563206 -1.20628703 596.000000 4.000000 567.000000 0.000000
1.12852097 1.53151298 -1.14595497 818.000000 5.000000 583.000000 0.000000
1.13435400 1.51981997 -1.14221704 950.000000 6.000000 544.000000 0.000000
1.14212596 1.51080799 -1.14061606 900.000000 5.000000 615.000000 0.000000
1.16372395 1.51987505 -1.15342999 675.000000 4.000000 640.000000 0.000000
1.17194200 1.66038704 -1.29430795 659.000000 6.000000 325.000000 0.000000
1.19611502 1.67284405 -1.31035602 450.000000 4.000000 289.000000 0.000000
1.18492305 1.63574600 -1.28600705 752.000000 8.000000 275.000000 0.000000
1.13205600 1.54234898 -1.21517301 900.000000 8.000000 280.000000 0.000000
1.12911403 1.51863396 -1.20133805 1221.000000 12.000000 253.000000 0.000000
1.13691199 1.50967705 -1.19967794 1658.000000 17.000000 257.000000 0.000000
1.14565098 1.50200999 -1.19912398 1745.000000 19.000000 227.000000 0.000000
1.15383005 1.49363101 -1.19801700 1308.000000 13.000000 225.000000 0.000000
1.17422998 1.50098205 -1.21019197 1019.000000 10.000000 219.000000 0.000000
1.20146596 1.51664197 -1.22956097 777.000000 8.000000 215.000000 0.000000
1.23101699 1.53462696 -1.25114298 626.000000 6.000000 195.000000 0.000000
1.06940699 1.62916803 -1.31592500 353.000000 2.000000 296.000000 0.000000
1.12864697 1.58870196 -1.31592500 525.000000 3.000000 458.000000 0.000000
1.13263798 1.57378900 -1.30901206 617.000000 4.000000 527.000000 0.000000
1.12057996 1.53710198 -1.28309202 717.000000 5.000000 499.000000 0.000000
1.11151898 1.50522304 -1.26120400 884.000000 5.000000 504.000000 0.000000
1.12024403 1.49772096 -1.26062799 1119.000000 7.000000 555.000000 0.000000
1.12990606 1.49146998 -1.26120400 1088.000000 7.000000 592.000000 0.000000
1.13953495 1.48515701 -1.26178002 1105.000000 7.000000 572.000000 0.000000
1.17840803 1.47862506 -1.27502799 767.000000 5.000000 566.000000 0.000000
1.08777905 1.49683499 -1.31170702 1349.000000 14.000000 303.000000 0.000000
1.09646797 1.48948395 -1.31111205 1416.000000 15.000000 258.000000 0.000000
1.10750198 1.48530996 -1.31349194 1257.000000 12.000000 272.000000 0.000000
1.11273205 1.47334599 -1.30873299 1079.000000 10.000000 277.000000 0.000000
1.12077796 1.46521199 -1.30754304 943.000000 9.000000 246.000000 0.000000
1.12974703 1.45830703 -1.30754304 846.000000 8.000000 226.000000 0.000000
1.14164102 1.45514905 -1.31111205 912.000000 8.000000 243.000000 0.000000
1.15503395 1.45379198 -1.31646705 742.000000 8.000000 263.000000 0.000000
1.16192400 1.44416702 -1.31408703 893.000000 8.000000 245.000000 0.000000
0.10751800 1.52572405 -0.91050100 993.000000 5.000000 149.000000 0.000000
0.11746700 1.53262305 -0.91530597 1974.000000 12.000000 185.000000 0.000000
0.12686899 1.53187299 -0.91530597 1936.000000 12.000000 205.000000 0.000000
0.13641700 1.53275001 -0.91637403 1509.000000 9.000000 205.000000 0.000000
0.04802900 1.47515094 -0.92464203 236.000000 1.000000 253.000000 0.000000
0.11210900 1.48252797 -0.93183601 1056.000000 7.000000 278.000000 0.000000
0.12414600 1.51917803 -0.95673901 1294.000000 9.000000 263.000000 0.000000
0.13121000 1.49182904 -0.93902999 1111.000000 8.000000 255.000000 0.000000
-0.00373800 1.76078296 -1.18344402 989.000000 6.000000 338.000000 0.000000
0.00613200 1.56785703 -1.04750597 484.000000 2.000000 408.000000 0.000000
0.07251000 1.54655194 -1.03368199 410.000000 2.000000 453.000000 0.000000
0.10173900 1.71608400 -1.15406704 765.000000 4.000000 374.000000 0.000000
0.09934200 1.52048504 -1.01640201 1009.000000 5.000000 288.000000 0.000000
0.19488899 1.53099203 -1.03022599 411.000000 2.000000 452.000000 0.000000
0.20286199 1.51923501 -1.02273798 331.000000 1.000000 296.000000 0.000000
0.05970800 1.79067600 -1.26827502 280.000000 2.000000 267.000000 0.000000
0.09168800 1.57279301 -1.10822999 360.000000 2.000000 376.000000 0.000000
0.12487400 1.50276899 -1.05825305 718.000000 4.000000 287.000000 0.000000
0.13554201 1.51879001 -1.07074702 520.000000 3.000000 312.000000 0.000000
-0.05484500 1.75399899 -1.31704605 399.000000 2.000000 240.000000 0.000000
0.03088800 1.73333704 -1.30038202 639.000000 4.000000 240.000000 0.000000
0.05310700 1.76349902 -1.32445204 752.000000 4.000000 251.000000 0.000000
0.06416000 1.76943004 -1.32938898 862.000000 5.000000 226.000000 0.000000
0.08929800 1.63439500 -1.22447002 930.000000 5.000000 226.000000 0.000000
0.09200600 1.51523101 -1.13127697 1234.000000 7.000000 193.000000 0.000000
0.10092900 1.50914299 -1.12695599 1793.000000 11.000000 262.000000 0.000000
0.10983800 1.50378704 -1.12325299 1729.000000 11.000000 284.000000 0.000000
0.11918900 1.50465298 -1.12448800 1375.000000 8.000000 262.000000 0.000000
0.12848701 1.50467706 -1.12510502 812.000000 4.000000 194.000000 0.000000
0.15331200 1.67230797 -1.25779700 609.000000 3.000000 257.000000 0.000000
0.17341100 1.66638803 -1.25471103 642.000000 4.000000 275.000000 0.000000
0.06838500 1.71399903 -1.35136104 511.000000 4.000000 333.000000 0.000000
0.07059300 1.52145398 -1.19314599 812.000000 6.000000 391.000000 0.000000
0.07947000 1.51173699 -1.18552101 986.000000 8.000000 287.000000 0.000000
0.08874500 1.51122105 -1.18552101 1018.000000 8.000000 343.000000 0.000000
0.09796800 1.50987697 -1.18488503 1124.000000 9.000000 341.000000 0.000000
0.10723100 1.50924802 -1.18488503 1144.000000 10.000000 378.000000 0.000000
0.11660300 1.51010203 -1.18615603 760.000000 6.000000 303.000000 0.000000
0.12864500 1.54399502 -1.21474898 403.000000 3.000000 316.000000 0.000000
0.13505900 1.50778794 -1.18552101 697.000000 5.000000 353.000000 0.000000
0.14566100 1.52154005 -1.19759297 625.000000 5.000000 315.000000 0.000000
0.15590499 1.52983797 -1.20521796 431.000000 3.000000 324.000000 0.000000
0.16577201 1.53346097 -1.20903099 490.000000 3.000000 365.000000 0.000000
0.19224200 1.68590498 -1.33611202 343.000000 3.000000 332.000000 0.000000
0.04712400 1.50368094 -1.24966896 1035.000000 6.000000 198.000000 0.000000
0.05600200 1.49432504 -1.24178302 1228.000000 8.000000 224.000000 0.000000
0.06496800 1.48943496 -1.23784101 1292.000000 8.000000 247.000000 0.000000
0.07402900 1.48750305 -1.23652601 1660.000000 11.000000 251.000000 0.000000
0.08246900 1.47497904 -1.22601295 1430.000000 9.000000 248.000000 0.000000
0.09223000 1.48573005 -1.23586905 1288.000000 8.000000 222.000000 0.000000
0.10447100 1.53025496 -1.27529597 979.000000 6.000000 210.000000 0.000000
0.11550300 1.55138302 -1.29435205 949.000000 5.000000 224.000000 0.000000
0.14657800 1.57601202 -1.31800795 551.000000 3.000000 211.000000 0.000000
0.03287100 1.53465104 -1.33958995 568.000000 4.000000 310.000000 0.000000
0.04173100 1.51153898 -1.31868196 589.000000 4.000000 290.000000 0.000000
0.05001500 1.47878206 -1.28900695 725.000000 6.000000 344.000000 0.000000
0.05884500 1.47180700 -1.28293800 903.000000 7.000000 324.000000 0.000000
0.06787500 1.47141802 -1.28293800 985.000000 8.000000 368.000000 0.000000
0.07690200 1.47097397 -1.28293800 988.000000 8.000000 365.000000 0.000000
0.08584500 1.46899998 -1.28158903 881.000000 7.000000 337.000000 0.000000
0.09476700 1.46697199 -1.28024006 921.000000 8.000000 344.000000 0.000000
0.10411400 1.47151899 -1.28496099 801.000000 6.000000 333.000000 0.000000
0.11287000 1.46717095 -1.28158903 847.000000 7.000000 363.000000 0.000000
0.12222200 1.47086704 -1.28563499 827.000000 7.000000 315.000000 0.000000
0.13162400 1.47450304 -1.28968203 715.000000 6.000000 333.000000 0.000000
0.14073700 1.47440302 -1.29035604 599.000000 4.000000 314.000000 0.000000
0.04804000 1.44041502 -1.33173001 638.000000 3.000000 192.000000 0.000000
0.05670300 1.43578804 -1.32755494 675.000000 4.000000 188.000000 0.000000
0.06541100 1.43325996 -1.32546794 726.000000 4.000000 137.000000 0.000000
0.07420400 1.43283200 -1.32546794 611.000000 3.000000 181.000000 0.000000
0.08286700 1.43019903 -1.32337999 702.000000 4.000000 169.000000 0.000000
0.09150100 1.42751300 -1.32129300 699.000000 4.000000 158.000000 0.000000
0.10041100 1.42907405 -1.32337999 840.000000 5.000000 169.000000 0.000000
0.10906700 1.42699897 -1.32198906 744.000000 4.000000 203.000000 0.000000
0.11973900 1.44920599 -1.34425402 534.000000 3.000000 170.000000 0.000000
-0.79613400 1.56262898 -0.82381898 2170.000000 15.000000 210.000000 0.000000
-0.79614598 1.58668399 -0.83453900 2891.000000 24.000000 183.000000 0.000000
-0.78560400 1.58993399 -0.83364600 3341.000000 31.000000 185.000000 0.000000
-0.77309799 1.58909094 -0.83051902 3065.000000 26.000000 164.000000 0.000000
-0.80574000 1.73701596 -0.90421897 317.000000 1.000000 223.000000 0.000000
-0.77874702 1.70610297 -0.88456601 167.000000 1.000000 111.000000 0.000000
-0.76826400 1.71084905 -0.88456601 178.000000 1.000000 107.000000 0.000000
-0.77934998 1.46905398 -0.82703203 710.000000 4.000000 131.000000 0.000000
-0.76744002 1.46833098 -0.82375997 1603.000000 12.000000 154.000000 0.000000
-0.79339302 1.54051399 -0.86396199 1930.000000 18.000000 155.000000 0.000000
-0.78392500 1.54535306 -0.86396199 2521.000000 26.000000 183.000000 0.000000
-0.77204603 1.54539502 -0.86115700 2320.000000 23.000000 150.000000 0.000000
-0.76568699 1.55644095 -0.86489701 1975.000000 18.000000 153.000000 0.000000
-0.76038301 1.56985104 -0.87003899 1527.000000 13.000000 131.000000 0.000000
-0.75570798 1.58484805 -0.87611598 1152.000000 9.000000 105.000000 0.000000
-0.80103302 1.50621700 -0.90742701 1578.000000 10.000000 167.000000 0.000000
-0.79298699 1.51341999 -0.90889901 2816.000000 23.000000 177.000000 0.000000
-0.78169101 1.51438403 -0.90644503 2994.000000 25.000000 207.000000 0.000000
-0.77396101 1.52225995 -0.90840799 2879.000000 24.000000 179.000000 0.000000
-0.73500699 1.46774495 -0.87111098 2110.000000 14.000000 170.000000 0.000000
-0.81538600 1.50121295 -0.96066099 1037.000000 8.000000 125.000000 0.000000
-0.80656701 1.50694501 -0.96117198 1742.000000 16.000000 147.000000 0.000000
-0.79327500 1.50427103 -0.95606500 2150.000000 21.000000 190.000000 0.000000
-0.78442901 1.50987196 -0.95657599 2268.000000 23.000000 192.000000 0.000000
-0.77987403 1.52382898 -0.96270400 1803.000000 16.000000 150.000000 0.000000
-0.77673203 1.54085398 -0.97087502 793.000000 6.000000 133.000000 0.000000
-0.81886500 1.47661400 -1.01087606 919.000000 5.000000 357.000000 0.000000
-0.80979002 1.48161101 -1.01087606 1888.000000 12.000000 206.000000 0.000000
-0.79788101 1.48133802 -1.00713801 2288.000000 17.000000 198.000000 0.000000
-0.78877699 1.48620605 -1.00713801 2247.000000 16.000000 232.000000 0.000000
-0.78042501 1.49251699 -1.00820601 1666.000000 11.000000 178.000000 0.000000
-0.77473098 1.50404596 -1.01301098 1173.000000 7.000000 197.000000 0.000000
-0.81437498 1.60532999 -1.08135200 449.000000 2.000000 342.000000 0.000000
-0.95543599 1.62093306 -1.19414401 501.000000 4.000000 258.000000 0.000000
-0.89798301 1.54550397 -1.13161099 774.000000 7.000000 182.000000 0.000000
-0.84689897 1.47881603 -1.07627106 942.000000 7.000000 193.000000 0.000000
-0.82916999 1.46877599 -1.06465006 1182.000000 10.000000 182.000000 0.000000
-0.81729299 1.46874905 -1.06077600 1766.000000 16.000000 202.000000 0.000000
-0.80504602 1.46790195 -1.05634904 2042.000000 20.000000 199.000000 0.000000
-0.79881001 1.47793603 -1.06022298 1847.000000 17.000000 206.000000 0.000000
-0.79444802 1.49161899 -1.06686401 1355.000000 11.000000 164.000000 0.000000
-0.80356401 1.53108096 -1.09287298 892.000000 7.000000 217.000000 0.000000
-0.84644198 1.63646996 -1.16813397 1045.000000 10.000000 222.000000 0.000000
-0.79466999 1.60851502 -1.13603795 655.000000 6.000000 237.000000 0.000000
-0.78258801 1.60887206 -1.13271701 737.000000 6.000000 185.000000 0.000000
-0.78644300 1.64215600 -1.15374601 370.000000 3.000000 204.000000 0.000000
-0.77292800 1.74922502 -1.21461904 1071.000000 10.000000 237.000000 0.000000
-0.75950998 1.74782896 -1.21019197 1094.000000 10.000000 296.000000 0.000000
-0.88873601 1.49631798 -1.16904294 1202.000000 8.000000 294.000000 0.000000
-0.83993500 1.43399405 -1.11374700 1347.000000 8.000000 214.000000 0.000000
-0.82867098 1.43487203 -1.11029100 1556.000000 10.000000 208.000000 0.000000
-0.81702501 1.43495405 -1.10625899 2045.000000 14.000000 204.000000 0.000000
-0.80980200 1.44279301 -1.10856295 2504.000000 19.000000 217.000000 0.000000
-0.80330497 1.45202899 -1.11201894 2235.000000 16.000000 212.000000 0.000000
-0.79281700 1.45405805 -1.10971498 1571.000000 10.000000 221.000000 0.000000
-0.79199201 1.47402406 -1.12181103 1334.000000 8.000000 212.000000 0.000000
-0.78560603 1.48391604 -1.12584305 1324.000000 8.000000 187.000000 0.000000
-0.83460599 1.60037506 -1.21454799 1150.000000 7.000000 231.000000 0.000000
-0.87138897 1.69639301 -1.28654802 691.000000 4.000000 233.000000 0.000000
-0.74762601 1.52346694 -1.13851500 929.000000 5.000000 217.000000 0.000000
-0.75743300 1.56778800 -1.16961896 515.000000 3.000000 229.000000 0.000000
-0.96071798 1.56821001 -1.30337799 398.000000 3.000000 282.000000 0.000000
-0.91267800 1.51088202 -1.24864101 526.000000 4.000000 218.000000 0.000000
-0.85050499 1.42820704 -1.17248595 943.000000 7.000000 254.000000 0.000000
-0.83559197 1.42302001 -1.16356099 1257.000000 11.000000 259.000000 0.000000
-0.82684398 1.42812002 -1.16356099 1347.000000 11.000000 272.000000 0.000000
-0.81726497 1.43177295 -1.16237199 1409.000000 12.000000 253.000000 0.000000
-0.80925697 1.43815899 -1.16356099 1315.000000 11.000000 257.000000 0.000000
-0.80198503 1.44590497 -1.16594100 1065.000000 9.000000 263.000000 0.000000
-0.81441098 1.48952699 -1.19866395 739.000000 6.000000 236.000000 0.000000
-0.83591002 1.55101895 -1.24626100 576.000000 5.000000 240.000000 0.000000
-0.82827199 1.55966401 -1.24923599 703.000000 6.000000 241.000000 0.000000
-0.87111402 1.66428196 -1.33253098 360.000000 3.000000 231.000000 0.000000
-0.91642398 1.46509802 -1.29606199 802.000000 5.000000 188.000000 0.000000
-0.90906698 1.47337306 -1.29853106 738.000000 4.000000 207.000000 0.000000
-0.86324900 1.41839802 -1.24298501 1146.000000 7.000000 193.000000 0.000000
-0.83997399 1.39936805 -1.22076702 1579.000000 10.000000 249.000000 0.000000
-0.83377200 1.40856099 -1.22447002 1979.000000 14.000000 232.000000 0.000000
-0.82471800 1.41296995 -1.22385299 1909.000000 13.000000 228.000000 0.000000
-0.81368202 1.41391003 -1.22014999 1830.000000 12.000000 228.000000 0.000000
-0.80072701 1.41134405 -1.21336102 1637.000000 11.000000 206.000000 0.000000
-0.79856998 1.42791104 -1.22385299 1323.000000 8.000000 256.000000 0.000000
-0.79472297 1.44174695 -1.23187602 913.000000 5.000000 221.000000 0.000000
-0.78623700 1.44728804 -1.23249304 1052.000000 6.000000 221.000000 0.000000
-0.77622902 1.45000303 -1.23064196 1029.000000 6.000000 186.000000 0.000000
-0.77647901 1.47214496 -1.24607098 898.000000 5.000000 220.000000 0.000000
-0.76706898 1.47618401 -1.24545395 926.000000 5.000000 244.000000 0.000000
-0.76408100 1.49277496 -1.25594604 856.000000 5.000000 182.000000 0.000000
-0.75455397 1.49673200 -1.25532806 788.000000 5.000000 212.000000 0.000000
-0.77015299 1.55139399 -1.29914796 943.000000 6.000000 241.000000 0.000000
-0.90590602 1.42105401 -1.32658005 765.000000 7.000000 296.000000 0.000000
-0.88602000 1.40896797 -1.30942404 934.000000 9.000000 278.000000 0.000000
-0.87899399 1.41699803 -1.31196594 856.000000 8.000000 285.000000 0.000000
-0.85287201 1.39409196 -1.28464401 1206.000000 10.000000 296.000000 0.000000
-0.84229797 1.39599895 -1.28146696 1379.000000 12.000000 272.000000 0.000000
-0.83451003 1.40246606 -1.28273702 1515.000000 14.000000 277.000000 0.000000
-0.82471102 1.40556598 -1.28083098 1336.000000 12.000000 280.000000 0.000000
-0.81607097 1.41059899 -1.28083098 1361.000000 12.000000 272.000000 0.000000
-0.80624598 1.41357100 -1.27892494 1133.000000 9.000000 241.000000 0.000000
-0.80668801 1.43461895 -1.29417503 852.000000 8.000000 289.000000 0.000000
-0.80088103 1.44493604 -1.29925799 783.000000 7.000000 275.000000 0.000000
-0.79907000 1.46267796 -1.31133103 712.000000 6.000000 280.000000 0.000000
-0.79339200 1.47366297 -1.31704903 644.000000 6.000000 274.000000 0.000000
-0.78979301 1.48872006 -1.32658005 628.000000 6.000000 251.000000 0.000000
-0.86153799 1.38140202 -1.35743499 1070.000000 7.000000 251.000000 0.000000
-0.83326000 1.39249599 -1.35283506 1026.000000 6.000000 188.000000 0.000000
-0.81934500 1.38848805 -1.34363604 1091.000000 7.000000 192.000000 0.000000
-0.81118900 1.39414203 -1.34429300 1031.000000 6.000000 208.000000 0.000000
-0.80261898 1.39909303 -1.34429300 1122.000000 7.000000 203.000000 0.000000
-0.79179698 1.40005195 -1.34035003 1057.000000 7.000000 216.000000 0.000000
-1.81192100 1.54342103 -0.72864002 2426.000000 24.000000 129.000000 0.000000
-1.80241704 1.55451000 -0.72864002 3177.000000 38.000000 187.000000 0.000000
-1.79499197 1.56741703 -0.72956902 2682.000000 28.000000 163.000000 0.000000
-1.77750897 1.57147002 -0.72616100 2318.000000 22.000000 119.000000 0.000000
-1.77774596 1.59123003 -0.73049903 2459.000000 24.000000 121.000000 0.000000
-1.75668204 1.59188700 -0.72554100 1632.000000 12.000000 122.000000 0.000000
-1.79519904 1.64701295 -0.74692100 822.000000 6.000000 132.000000 0.000000
-1.79620004 1.66835594 -0.75187802 2743.000000 29.000000 160.000000 0.000000
-1.78039098 1.67413294 -0.74940002 578.000000 4.000000 111.000000 0.000000
-1.83195496 1.46132398 -0.77714998 811.000000 8.000000 132.000000 0.000000
-1.80899203 1.46129894 -0.77084202 1135.000000 12.000000 120.000000 0.000000
-1.81973302 1.48846197 -0.77980602 1409.000000 15.000000 126.000000 0.000000
-1.81056595 1.49960005 -0.77980602 1634.000000 18.000000 133.000000 0.000000
-1.79843497 1.50826204 -0.77847803 1718.000000 20.000000 132.000000 0.000000
-1.80570900 1.53328300 -0.78611398 2008.000000 28.000000 114.000000 0.000000
-1.80271399 1.54985702 -0.78910202 2327.000000 35.000000 196.000000 0.000000
-1.79530799 1.56274295 -0.79009801 2208.000000 32.000000 150.000000 0.000000
-1.78781104 1.57559705 -0.79109401 891.000000 10.000000 107.000000 0.000000
-1.80870295 1.65398705 -0.81499702 1219.000000 15.000000 154.000000 0.000000
-1.80129302 1.66761196 -0.81632501 1437.000000 18.000000 103.000000 0.000000
-1.83356905 1.48629105 -0.85091001 1230.000000 9.000000 134.000000 0.000000
-1.80853200 1.48446095 -0.84307599 2155.000000 20.000000 120.000000 0.000000
-1.80513597 1.50031197 -0.84592497 2502.000000 25.000000 161.000000 0.000000
-1.79160905 1.50774705 -0.84378803 2316.000000 22.000000 141.000000 0.000000
-1.78303397 1.51931798 -0.84414399 2310.000000 22.000000 152.000000 0.000000
-1.78782201 1.54244602 -0.85126603 810.000000 6.000000 102.000000 0.000000
-1.80271196 1.63421297 -0.87868398 1452.000000 12.000000 155.000000 0.000000
-1.80022001 1.65219796 -0.88260102 2739.000000 29.000000 155.000000 0.000000
-1.78867996 1.66193998 -0.88188899 521.000000 3.000000 89.000000 0.000000
-1.83300102 1.47333097 -0.91011399 1181.000000 14.000000 125.000000 0.000000
-1.81889200 1.48046803 -0.90746999 1534.000000 20.000000 130.000000 0.000000
-1.80333304 1.48631203 -0.90407097 1042.000000 12.000000 130.000000 0.000000
-1.80201101 1.50386095 -0.90822500 1523.000000 20.000000 101.000000 0.000000
-1.79487395 1.51667905 -0.90935802 1973.000000 28.000000 157.000000 0.000000
-1.78764796 1.52946496 -0.91049099 1405.000000 18.000000 159.000000 0.000000
-1.76771605 1.53132999 -0.90482599 396.000000 4.000000 102.000000 0.000000
-1.81716299 1.63342297 -0.94750398 699.000000 8.000000 104.000000 0.000000
-1.79681802 1.63521194 -0.94183898 1546.000000 20.000000 141.000000 0.000000
-1.85446894 1.46745396 -0.98752302 614.000000 4.000000 132.000000 0.000000
-1.82971597 1.46619797 -0.97868401 1525.000000 13.000000 114.000000 0.000000
-1.82210696 1.47855198 -0.97948700 2067.000000 19.000000 141.000000 0.000000
-1.81299996 1.48970401 -0.97948700 1490.000000 12.000000 116.000000 0.000000
-1.80523300 1.50197303 -0.98029101 1609.000000 13.000000 130.000000 0.000000
-1.79528296 1.51243103 -0.97988898 1800.000000 16.000000 139.000000 0.000000
-1.78666496 1.52401304 -0.98029101 1774.000000 15.000000 150.000000 0.000000
-1.80393195 1.61694002 -1.01283598 1333.000000 11.000000 103.000000 0.000000
-1.80210996 1.63536799 -1.01765704 1586.000000 13.000000 101.000000 0.000000
-1.86301196 1.47083604 -1.05715704 935.000000 11.000000 493.000000 0.000000
-1.82418394 1.45852602 -1.03939295 1418.000000 18.000000 165.000000 0.000000
-1.81590605 1.47026098 -1.03981602 1425.000000 18.000000 132.000000 0.000000
-1.80474496 1.47965598 -1.03854704 1337.000000 17.000000 119.000000 0.000000
-1.80051994 1.49474394 -1.04150796 1190.000000 15.000000 130.000000 0.000000
-1.78992498 1.50460005 -1.04066205 1266.000000 16.000000 100.000000 0.000000
-1.78964400 1.52317405 -1.04615998 754.000000 8.000000 218.000000 0.000000
-1.77407598 1.52881300 -1.04235399 358.000000 4.000000 79.000000 0.000000
-1.82140601 1.62873006 -1.08972299 1309.000000 19.000000 197.000000 0.000000
-1.78783000 1.61863005 -1.07492006 582.000000 6.000000 210.000000 0.000000
-1.83497202 1.45458400 -1.11727905 1453.000000 12.000000 187.000000 0.000000
-1.81694698 1.45852995 -1.11147201 2300.000000 22.000000 147.000000 0.000000
-1.80796301 1.46965098 -1.11147201 2254.000000 22.000000 174.000000 0.000000
-1.79753101 1.47957897 -1.11057901 2696.000000 29.000000 216.000000 0.000000
-1.79047894 1.49230003 -1.11191905 2422.000000 24.000000 176.000000 0.000000
-1.78812301 1.50903201 -1.11638606 1363.000000 11.000000 172.000000 0.000000
-1.86027300 1.64988303 -1.18963897 1609.000000 16.000000 200.000000 0.000000
-1.81751096 1.63195801 -1.16775203 1492.000000 14.000000 184.000000 0.000000
-1.88391101 1.47728801 -1.21362698 526.000000 7.000000 177.000000 0.000000
-1.83182895 1.45481205 -1.18464398 1041.000000 12.000000 124.000000 0.000000
-1.80493104 1.45165300 -1.17249000 1555.000000 21.000000 163.000000 0.000000
-1.79187095 1.45935905 -1.16968596 1835.000000 26.000000 145.000000 0.000000
-1.78424895 1.47144794 -1.17061996 1868.000000 26.000000 144.000000 0.000000
-1.78605998 1.49141395 -1.17809999 1356.000000 17.000000 142.000000 0.000000
-1.83704901 1.55303204 -1.21970403 708.000000 9.000000 163.000000 0.000000
-1.81360698 1.61112404 -1.23045599 991.000000 14.000000 130.000000 0.000000
-1.84297395 1.44516802 -1.26567495 1132.000000 9.000000 185.000000 0.000000
-1.79587996 1.42608297 -1.23819304 1670.000000 14.000000 128.000000 0.000000
-1.78777504 1.43762195 -1.23868406 1665.000000 14.000000 155.000000 0.000000
-1.78026998 1.44966495 -1.23966599 1727.000000 15.000000 140.000000 0.000000
-1.77067006 1.46000695 -1.23917496 1435.000000 12.000000 120.000000 0.000000
-1.83654904 1.53343296 -1.29413903 1014.000000 9.000000 134.000000 0.000000
-1.80206597 1.42066395 -1.30895400 951.000000 11.000000 138.000000 0.000000
-1.77851105 1.41992199 -1.29771900 1256.000000 16.000000 160.000000 0.000000
-1.77579200 1.43566096 -1.30231500 1387.000000 18.000000 128.000000 0.000000
-1.76161802 1.44218397 -1.29822898 1228.000000 15.000000 144.000000 0.000000
-1.76931000 1.46665096 -1.31099701 977.000000 12.000000 116.000000 0.000000
2.10631299 -1.79133499 -0.70825702 1616.000000 15.000000 323.000000 0.000000
2.15019202 -1.72096300 -0.77484101 663.000000 8.000000 197.000000 0.000000
2.12170291 -1.71966803 -0.76798499 1224.000000 17.000000 227.000000 0.000000
2.12614012 -1.72311699 -0.84483200 1537.000000 16.000000 159.000000 0.000000
2.05769801 -1.79707694 -0.84328300 1049.000000 9.000000 183.000000 0.000000
2.11498094 -1.87016499 -0.87302899 2068.000000 24.000000 184.000000 0.000000
2.09213710 -1.87295401 -0.86807102 1785.000000 19.000000 170.000000 0.000000
2.00384903 -1.81612206 -0.83429801 1253.000000 11.000000 185.000000 0.000000
1.99546897 -1.83095598 -0.83553702 642.000000 5.000000 133.000000 0.000000
2.08996105 -1.79595900 -0.92223197 437.000000 6.000000 343.000000 0.000000
2.07035089 -1.80133200 -0.91824800 538.000000 7.000000 370.000000 0.000000
2.07981300 -1.83205295 -0.92787600 904.000000 13.000000 274.000000 0.000000
2.08403993 -1.85856998 -0.93518001 1086.000000 16.000000 214.000000 0.000000
2.09783506 -1.89404202 -0.94713199 1333.000000 21.000000 277.000000 0.000000
2.08756804 -1.90814900 -0.94779599 1321.000000 21.000000 248.000000 0.000000
2.08622003 -1.93051803 -0.95277601 881.000000 13.000000 266.000000 0.000000
2.08260608 -1.95100904 -0.95675999 527.000000 7.000000 389.000000 0.000000
2.19622207 -1.80305398 -1.03429401 1200.000000 12.000000 172.000000 0.000000
2.14201903 -1.78063405 -1.01292896 1533.000000 16.000000 183.000000 0.000000
2.14986491 -1.83225799 -1.02788401 1031.000000 10.000000 200.000000 0.000000
2.09685898 -1.80937600 -1.00687504 1158.000000 11.000000 241.000000 0.000000
2.15254092 -1.88064694 -1.04070306 831.000000 7.000000 205.000000 0.000000
2.18084002 -1.92912805 -1.06099999 726.000000 7.000000 228.000000 0.000000
2.10842609 -1.88820899 -1.03002095 1486.000000 15.000000 212.000000 0.000000
2.10233688 -1.90613401 -1.03287005 1453.000000 15.000000 139.000000 0.000000
2.11537290 -1.94175804 -1.04568899 1860.000000 22.000000 157.000000 0.000000
2.11778688 -1.96806598 -1.05316603 1702.000000 20.000000 164.000000 0.000000
2.10771298 -1.98294604 -1.05423498 1704.000000 20.000000 170.000000 0.000000
2.06371689 -1.96553600 -1.03749895 1298.000000 13.000000 143.000000 0.000000
2.08523703 -2.01060796 -1.05530298 1577.000000 18.000000 210.000000 0.000000
2.07085609 -2.02140594 -1.05423498 1565.000000 17.000000 164.000000 0.000000
2.07302999 -2.04853106 -1.06206906 1097.000000 11.000000 203.000000 0.000000
2.03797007 -2.03873205 -1.04996204 1488.000000 16.000000 158.000000 0.000000
2.02739096 -2.05319405 -1.05103004 1945.000000 23.000000 163.000000 0.000000
2.02258110 -2.07362604 -1.05530298 1123.000000 12.000000 189.000000 0.000000
1.22103500 -1.66707003 -0.62639099 1699.000000 11.000000 212.000000 0.000000
1.13036799 -1.76041806 -0.63475603 1671.000000 11.000000 189.000000 0.000000
1.18379796 -1.69790995 -0.68087101 1288.000000 12.000000 215.000000 0.000000
1.18032897 -1.71522999 -0.68518698 1528.000000 15.000000 249.000000 0.000000
1.16978204 -1.72244000 -0.68518698 412.000000 3.000000 212.000000 0.000000
1.15287399 -1.76655996 -0.69481498 1793.000000 18.000000 265.000000 0.000000
1.13586700 -1.76409495 -0.69083101 2298.000000 26.000000 276.000000 0.000000
1.12857199 -1.77659798 -0.69315499 2257.000000 25.000000 254.000000 0.000000
1.12468398 -1.79466605 -0.69780302 1437.000000 14.000000 275.000000 0.000000
1.15820801 -1.68814600 -0.73162103 535.000000 3.000000 172.000000 0.000000
1.16122794 -1.78501999 -0.76295698 808.000000 4.000000 167.000000 0.000000
1.14722800 -1.78739095 -0.76081997 2448.000000 19.000000 188.000000 0.000000
1.14023495 -1.80071497 -0.76366901 2828.000000 24.000000 188.000000 0.000000
1.12669206 -1.80371296 -0.76188803 2323.000000 17.000000 197.000000 0.000000
1.11805105 -1.81457198 -0.76366901 908.000000 5.000000 161.000000 0.000000
1.18455601 -1.71251202 -0.80020899 498.000000 4.000000 255.000000 0.000000
1.15371394 -1.80639100 -0.82513601 1444.000000 16.000000 275.000000 0.000000
1.13914299 -1.80795896 -0.82249200 1784.000000 21.000000 217.000000 0.000000
1.12851799 -1.81570005 -0.82287002 1787.000000 21.000000 251.000000 0.000000
1.11978304 -1.82653296 -0.82475799 893.000000 9.000000 225.000000 0.000000
1.23840499 -1.76043797 -0.89430797 735.000000 4.000000 734.000000 0.000000
1.19888103 -1.72661495 -0.87221003 1803.000000 12.000000 234.000000 0.000000
1.19653904 -1.74602997 -0.87863898 547.000000 3.000000 496.000000 0.000000
1.21015406 -1.86244094 -0.92444199 434.000000 2.000000 485.000000 0.000000
1.19623494 -1.86597502 -0.92243302 514.000000 3.000000 515.000000 0.000000
1.15542305 -1.82682502 -0.89832598 1371.000000 10.000000 233.000000 0.000000
1.14370799 -1.83310294 -0.89792401 2096.000000 17.000000 166.000000 0.000000
1.14490497 -1.86037099 -0.90837097 1905.000000 15.000000 160.000000 0.000000
1.13204396 -1.86501205 -0.90716499 1286.000000 9.000000 189.000000 0.000000
1.32940602 -1.79099703 -0.99033302 1215.000000 13.000000 233.000000 0.000000
1.19108796 -1.73501599 -0.93154502 1510.000000 17.000000 270.000000 0.000000
1.21457398 -1.79248703 -0.95988202 841.000000 8.000000 458.000000 0.000000
1.17042100 -1.87204695 -0.97975898 753.000000 7.000000 327.000000 0.000000
1.15604997 -1.87457097 -0.97722203 1450.000000 16.000000 269.000000 0.000000
1.13696802 -1.86925602 -0.97045499 1636.000000 19.000000 236.000000 0.000000
1.13295901 -1.88861597 -0.97722203 1334.000000 14.000000 229.000000 0.000000
1.13986397 -1.92669296 -0.99413902 621.000000 6.000000 291.000000 0.000000
1.18597102 -1.75685000 -1.00650597 1914.000000 15.000000 232.000000 0.000000
1.20271099 -1.93151498 -1.08422601 1363.000000 11.000000 180.000000 0.000000
1.15715599 -1.88394594 -1.05206597 2280.000000 19.000000 260.000000 0.000000
1.15113199 -1.90019703 -1.05742598 2692.000000 25.000000 237.000000 0.000000
1.14036703 -1.90876102 -1.05831897 2024.000000 16.000000 193.000000 0.000000
1.13589299 -1.92806101 -1.06546605 1266.000000 10.000000 180.000000 0.000000
1.23611295 -1.83539104 -1.11779702 909.000000 11.000000 230.000000 0.000000
1.17820799 -1.77308798 -1.07338703 1137.000000 12.000000 200.000000 0.000000
1.18726397 -1.88514495 -1.12574399 1098.000000 13.000000 223.000000 0.000000
1.17333496 -1.88864505 -1.12340605 1143.000000 14.000000 243.000000 0.000000
1.15801704 -1.88978601 -1.11966705 1457.000000 19.000000 235.000000 0.000000
1.14639997 -1.89685595 -1.11966705 1729.000000 24.000000 276.000000 0.000000
1.13655603 -1.90688801 -1.12153602 1635.000000 22.000000 241.000000 0.000000
1.12573302 -1.91534805 -1.12247097 1414.000000 18.000000 276.000000 0.000000
1.11573803 -1.92527604 -1.12434101 1240.000000 15.000000 257.000000 0.000000
1.11534500 -1.95202005 -1.13649499 840.000000 10.000000 244.000000 0.000000
1.20554495 -1.81314504 -1.17292297 1447.000000 12.000000 194.000000 0.000000
1.19153202 -1.81613505 -1.16997898 1507.000000 11.000000 207.000000 0.000000
0.17766500 -1.71774495 -0.81041902 1248.000000 7.000000 209.000000 0.000000
0.16918200 -1.74017596 -0.82113898 1935.000000 13.000000 189.000000 0.000000
0.16638100 -1.82850802 -0.86491299 1555.000000 9.000000 197.000000 0.000000
0.15695700 -1.85089195 -0.87563300 1945.000000 13.000000 190.000000 0.000000
0.14552800 -1.85092795 -0.87518603 2266.000000 16.000000 204.000000 0.000000
0.13500001 -1.86338699 -0.88099301 2008.000000 13.000000 192.000000 0.000000
0.12338800 -1.86150205 -0.87965298 1869.000000 12.000000 190.000000 0.000000
0.11249400 -1.87115598 -0.88411897 1438.000000 8.000000 178.000000 0.000000
0.09910900 -1.83607304 -0.86625302 598.000000 3.000000 116.000000 0.000000
0.28609699 -2.14700294 -1.09302104 852.000000 8.000000 262.000000 0.000000
0.25266799 -1.99178100 -1.00934398 616.000000 5.000000 222.000000 0.000000
0.18127599 -1.78196502 -0.89481503 799.000000 6.000000 284.000000 0.000000
0.16723600 -1.75137103 -0.87798601 1185.000000 9.000000 232.000000 0.000000
0.16020200 -1.79285800 -0.89949000 818.000000 6.000000 217.000000 0.000000
0.15379600 -1.84753597 -0.92800498 1191.000000 9.000000 223.000000 0.000000
0.14462601 -1.87576306 -0.94249701 1414.000000 14.000000 233.000000 0.000000
0.13382401 -1.88631296 -0.94763899 1368.000000 13.000000 221.000000 0.000000
0.12207000 -1.88445306 -0.94623601 1690.000000 17.000000 216.000000 0.000000
0.11050500 -1.88516605 -0.94623601 1326.000000 13.000000 204.000000 0.000000
0.09908100 -1.88845694 -0.94763899 505.000000 4.000000 269.000000 0.000000
0.25298300 -1.98704600 -1.07477295 1148.000000 7.000000 260.000000 0.000000
0.23078901 -1.90551603 -1.02766097 1707.000000 12.000000 223.000000 0.000000
0.22047700 -1.91901600 -1.03453100 2047.000000 15.000000 251.000000 0.000000
0.20692100 -1.90387297 -1.02520704 1783.000000 12.000000 245.000000 0.000000
0.18015499 -1.75688004 -0.94128799 1429.000000 8.000000 192.000000 0.000000
0.17426100 -1.80912602 -0.97024298 1228.000000 7.000000 251.000000 0.000000
0.17013600 -1.88826704 -1.01441002 1297.000000 8.000000 214.000000 0.000000
0.15941299 -1.89969504 -1.02029896 1571.000000 10.000000 197.000000 0.000000
0.14782099 -1.90150595 -1.02078998 1733.000000 12.000000 193.000000 0.000000
0.13596600 -1.89977002 -1.01931798 1703.000000 11.000000 205.000000 0.000000
0.12441900 -1.90230703 -1.02029896 1694.000000 11.000000 204.000000 0.000000
0.11330400 -1.91260302 -1.02569795 1343.000000 8.000000 228.000000 0.000000
0.10803400 -2.03681803 -1.09538400 673.000000 4.000000 206.000000 0.000000
0.07294600 -2.10986710 -1.13562596 794.000000 5.000000 214.000000 0.000000
0.05453400 -1.91343606 -1.02471602 662.000000 3.000000 214.000000 0.000000
0.31939399 -1.97327900 -1.13327599 1260.000000 14.000000 269.000000 0.000000
0.31532201 -2.02615595 -1.16391695 961.000000 10.000000 235.000000 0.000000
0.24124999 -2.04236507 -1.16749203 982.000000 10.000000 205.000000 0.000000
0.21984600 -1.96607196 -1.12101901 915.000000 8.000000 218.000000 0.000000
0.19791400 -1.87592006 -1.06637502 721.000000 6.000000 234.000000 0.000000
0.17909600 -1.80524898 -1.02347600 1026.000000 8.000000 250.000000 0.000000
0.16834199 -1.80973697 -1.02551901 1004.000000 9.000000 220.000000 0.000000
0.16250999 -1.86982501 -1.06075704 1173.000000 11.000000 234.000000 0.000000
0.15238599 -1.88706601 -1.07045996 1386.000000 14.000000 236.000000 0.000000
0.13994700 -1.87682199 -1.06382096 1219.000000 12.000000 249.000000 0.000000
0.12909600 -1.88707900 -1.06943905 1410.000000 14.000000 243.000000 0.000000
0.11751500 -1.88783598 -1.06943905 1580.000000 16.000000 282.000000 0.000000
0.10633000 -1.89538801 -1.07352400 1036.000000 10.000000 235.000000 0.000000
0.09604500 -1.92176199 -1.08884501 899.000000 8.000000 251.000000 0.000000
0.08429100 -1.92317402 -1.08935595 1062.000000 10.000000 224.000000 0.000000
0.06484000 -2.04694009 -1.16238499 511.000000 5.000000 237.000000 0.000000
0.04949600 -1.94674504 -1.10263395 413.000000 3.000000 311.000000 0.000000
0.35222501 -1.92454004 -1.18012500 1202.000000 8.000000 251.000000 0.000000
0.32839599 -1.85837901 -1.13634396 991.000000 6.000000 273.000000 0.000000
0.31048301 -1.82201195 -1.11178505 1417.000000 9.000000 271.000000 0.000000
0.30011499 -1.82888997 -1.11498797 1457.000000 9.000000 241.000000 0.000000
0.29046100 -1.84072101 -1.12139499 1417.000000 9.000000 219.000000 0.000000
0.27815300 -1.83577895 -1.11712396 1489.000000 10.000000 260.000000 0.000000
0.28127000 -1.93703699 -1.18065906 1331.000000 10.000000 242.000000 0.000000
0.27412501 -1.97306705 -1.20254898 1653.000000 13.000000 234.000000 0.000000
0.25758901 -1.94118094 -1.18119299 1310.000000 9.000000 257.000000 0.000000
0.24525100 -1.93937004 -1.17905700 886.000000 6.000000 185.000000 0.000000
0.23184200 -1.92824399 -1.17104900 945.000000 5.000000 217.000000 0.000000
0.22076800 -1.93635201 -1.17532003 1204.000000 7.000000 234.000000 0.000000
0.20330200 -1.88554394 -1.14221704 917.000000 5.000000 238.000000 0.000000
0.18561900 -1.82618499 -1.10377598 1046.000000 6.000000 193.000000 0.000000
0.17512800 -1.83486497 -1.10858095 1162.000000 7.000000 257.000000 0.000000
0.16319500 -1.82832503 -1.10377598 1290.000000 8.000000 241.000000 0.000000
0.15356900 -1.84867406 -1.11605597 1472.000000 10.000000 237.000000 0.000000
0.14402001 -1.87318802 -1.13100505 1639.000000 11.000000 278.000000 0.000000
0.13122500 -1.85547996 -1.11925900 1486.000000 10.000000 220.000000 0.000000
0.11860000 -1.83684194 -1.10697901 1294.000000 8.000000 234.000000 0.000000
0.10791100 -1.84766495 -1.11338603 1585.000000 11.000000 215.000000 0.000000
0.09578900 -1.83309305 -1.10377598 1648.000000 11.000000 247.000000 0.000000
0.08584100 -1.86236501 -1.12192905 988.000000 6.000000 212.000000 0.000000
0.33124900 -1.85471499 -1.19580400 1121.000000 11.000000 281.000000 0.000000
0.31670800 -1.83866096 -1.18362904 1402.000000 14.000000 306.000000 0.000000
0.30542099 -1.84056997 -1.18362904 1457.000000 15.000000 238.000000 0.000000
0.27629399 -1.87800705 -1.20521200 1190.000000 11.000000 293.000000 0.000000
0.26287600 -1.86647499 -1.19635701 1198.000000 12.000000 290.000000 0.000000
0.25107899 -1.86557698 -1.19469702 1287.000000 13.000000 245.000000 0.000000
0.23811600 -1.85552001 -1.18694997 1404.000000 14.000000 291.000000 0.000000
0.19513801 -1.88565302 -1.20355105 646.000000 6.000000 263.000000 0.000000
0.18182901 -1.86941004 -1.19193006 853.000000 8.000000 263.000000 0.000000
0.16694400 -1.83400095 -1.16758096 1200.000000 12.000000 275.000000 0.000000
0.15597700 -1.83831000 -1.16979504 1267.000000 12.000000 293.000000 0.000000
0.14482901 -1.84089303 -1.17090094 1278.000000 13.000000 321.000000 0.000000
0.13477600 -1.85835898 -1.18196905 1036.000000 10.000000 304.000000 0.000000
0.12268500 -1.84917903 -1.17532802 1203.000000 12.000000 296.000000 0.000000
0.10961900 -1.82246494 -1.15706694 1383.000000 14.000000 308.000000 0.000000
0.09787100 -1.81312394 -1.15042603 1485.000000 15.000000 359.000000 0.000000
0.08724600 -1.82367301 -1.15706694 1125.000000 11.000000 338.000000 0.000000
-0.90856302 -1.89225602 -0.92900699 1186.000000 12.000000 381.000000 0.000000
-0.93044198 -1.90784204 -0.94000399 1611.000000 18.000000 256.000000 0.000000
-0.96622199 -1.89200795 -0.94085002 366.000000 3.000000 235.000000 0.000000
-0.96659499 -1.86430097 -0.92943001 642.000000 6.000000 257.000000 0.000000
-0.99441200 -1.88964105 -0.94592500 760.000000 7.000000 257.000000 0.000000
-0.90895700 -1.91490197 -1.00650597 885.000000 6.000000 390.000000 0.000000
-0.92769402 -1.92378998 -1.01454604 2254.000000 19.000000 305.000000 0.000000
-0.93711603 -1.91324198 -1.01186597 1602.000000 12.000000 290.000000 0.000000
-0.94165599 -1.89304197 -1.00382602 963.000000 6.000000 402.000000 0.000000
-0.96173501 -1.90399301 -1.01320601 568.000000 3.000000 692.000000 0.000000
-0.97485501 -1.84484804 -0.98997903 763.000000 5.000000 502.000000 0.000000
-0.95445901 -2.13954210 -1.18651402 600.000000 7.000000 282.000000 0.000000
-0.96175200 -2.12075305 -1.17903495 397.000000 4.000000 396.000000 0.000000
-0.94011497 -1.88437402 -1.06123304 339.000000 3.000000 113.000000 0.000000
-0.97632802 -1.92751396 -1.09021604 904.000000 9.000000 302.000000 0.000000
-0.99538600 -1.93565202 -1.09862995 977.000000 10.000000 227.000000 0.000000
-1.00765204 -1.93029201 -1.09909797 618.000000 6.000000 308.000000 0.000000
-1.01535296 -1.91625404 -1.09442306 683.000000 7.000000 258.000000 0.000000
-1.02542305 -1.90687001 -1.09255302 648.000000 6.000000 266.000000 0.000000
-1.06031001 -1.94326794 -1.11826396 456.000000 5.000000 315.000000 0.000000
-0.90235198 -2.05695891 -1.21169305 716.000000 5.000000 280.000000 0.000000
-0.88545698 -1.98535502 -1.17095995 1024.000000 7.000000 321.000000 0.000000
-0.87456399 -1.92911196 -1.13955200 1235.000000 9.000000 288.000000 0.000000
-0.85498101 -1.85567605 -1.09734702 1415.000000 10.000000 302.000000 0.000000
-0.88892102 -1.89851403 -1.12728298 1852.000000 15.000000 299.000000 0.000000
-0.92240298 -1.90863705 -1.14053404 2040.000000 17.000000 308.000000 0.000000
-0.93102098 -1.89668596 -1.13660800 1555.000000 11.000000 236.000000 0.000000
-0.98857200 -1.98292100 -1.19451594 1026.000000 8.000000 294.000000 0.000000
-1.03736401 -2.04908991 -1.24015605 947.000000 7.000000 268.000000 0.000000
-1.01283097 -1.97064102 -1.19451594 970.000000 7.000000 249.000000 0.000000
-0.85445601 -1.99942696 -1.23745704 914.000000 11.000000 283.000000 0.000000
-0.86159199 -1.98230803 -1.22979701 992.000000 12.000000 240.000000 0.000000
-0.87027901 -1.96911299 -1.22468996 981.000000 12.000000 279.000000 0.000000
-0.87743402 -1.95274699 -1.21754003 1023.000000 11.000000 287.000000 0.000000
-0.86664200 -1.89722800 -1.18485498 832.000000 8.000000 241.000000 0.000000
-0.86997801 -1.87392104 -1.17311001 822.000000 8.000000 230.000000 0.000000
-0.89424098 -1.89579105 -1.19098401 1110.000000 12.000000 251.000000 0.000000
-0.85797101 -1.88825703 -1.25433898 1342.000000 10.000000 319.000000 0.000000
-0.86634600 -1.87605000 -1.24953306 1122.000000 8.000000 293.000000 0.000000
-0.87640202 -1.86763799 -1.24739802 1220.000000 9.000000 314.000000 0.000000
-1.73584998 -1.99112701 -0.67458898 1083.000000 9.000000 182.000000 0.000000
-1.76017296 -1.99417603 -0.67958701 582.000000 4.000000 215.000000 0.000000
-1.81483698 -1.98135102 -0.68695199 974.000000 8.000000 141.000000 0.000000
-1.84336901 -1.98785603 -0.69352698 2346.000000 26.000000 134.000000 0.000000
-1.83240700 -1.95190001 -0.68432099 2651.000000 32.000000 180.000000 0.000000
-1.83903003 -1.93502796 -0.68221700 2545.000000 30.000000 197.000000 0.000000
-1.79531896 -1.86602998 -0.66038501 2231.000000 21.000000 179.000000 0.000000
-1.84250700 -2.03279400 -0.77169800 1324.000000 19.000000 170.000000 0.000000
-1.85106397 -2.01720810 -0.76998401 2008.000000 33.000000 215.000000 0.000000
-1.86145306 -2.00370312 -0.76912701 2108.000000 36.000000 223.000000 0.000000
-1.86912405 -1.98734999 -0.76712698 1714.000000 27.000000 194.000000 0.000000
-1.83707595 -1.92927802 -0.74798602 1330.000000 19.000000 160.000000 0.000000
-1.84090996 -1.90967798 -0.74455798 1368.000000 20.000000 180.000000 0.000000
-1.84503603 -2.06098104 -0.85443801 1272.000000 12.000000 161.000000 0.000000
-1.75734794 -1.93906498 -0.80579197 2224.000000 24.000000 261.000000 0.000000
-1.84896398 -2.01507592 -0.84421301 2184.000000 24.000000 208.000000 0.000000
-1.87812698 -2.02179694 -0.85226899 1567.000000 16.000000 198.000000 0.000000
-1.80411899 -1.87193000 -0.80021501 844.000000 7.000000 162.000000 0.000000
-1.76198900 -2.12848401 -0.92488801 906.000000 13.000000 200.000000 0.000000
-1.77925003 -2.12269902 -0.92721200 784.000000 11.000000 160.000000 0.000000
-1.79833496 -2.11894298 -0.93053198 833.000000 12.000000 162.000000 0.000000
-1.84321594 -2.14511800 -0.94779599 736.000000 10.000000 165.000000 0.000000
-1.85794306 -2.08333492 -0.93484801 1049.000000 16.000000 173.000000 0.000000
-1.87258399 -2.07399893 -0.93584400 1708.000000 29.000000 172.000000 0.000000
-1.87701499 -2.05340695 -0.93152797 1459.000000 24.000000 192.000000 0.000000
-1.88829899 -2.04046512 -0.93086398 849.000000 12.000000 215.000000 0.000000
-1.92680800 -2.03153110 -0.93783599 846.000000 12.000000 201.000000 0.000000
-1.80616200 -1.88067305 -0.87010902 1072.000000 15.000000 224.000000 0.000000
-1.91861701 -1.83336794 -0.88637698 49.000000 1.000000 137.000000 0.000000
-1.99147797 -1.87992895 -0.91625601 71.000000 1.000000 135.000000 0.000000
-1.70307899 -1.99844098 -0.95203799 591.000000 5.000000 172.000000 0.000000
-1.85112000 -2.11877704 -1.02361095 851.000000 8.000000 165.000000 0.000000
-1.85727203 -2.09968305 -1.01969397 1991.000000 23.000000 222.000000 0.000000
-1.86949599 -2.08755207 -1.01933801 2014.000000 23.000000 372.000000 0.000000
-1.81788003 -1.90883195 -0.95595503 1719.000000 17.000000 138.000000 0.000000
-1.83604705 -1.90436602 -0.95951599 1585.000000 15.000000 167.000000 0.000000
-1.87316597 -1.91913104 -0.97340298 542.000000 4.000000 163.000000 0.000000
-1.76896906 -2.14751911 -1.08573401 748.000000 11.000000 128.000000 0.000000
-1.69863701 -2.03624105 -1.03248203 973.000000 13.000000 188.000000 0.000000
-1.77431595 -2.10085893 -1.07251596 743.000000 11.000000 235.000000 0.000000
-1.88929498 -2.20971894 -1.13672101 831.000000 13.000000 235.000000 0.000000
-1.89495301 -2.18897295 -1.13181102 508.000000 7.000000 385.000000 0.000000
-1.77734494 -2.02740598 -1.05060995 991.000000 15.000000 158.000000 0.000000
-1.99290705 -2.11165690 -1.13521004 332.000000 4.000000 323.000000 0.000000
-1.83976603 -1.92508602 -1.03701401 1066.000000 15.000000 312.000000 0.000000
-1.85475802 -1.91709399 -1.03890204 866.000000 13.000000 189.000000 0.000000
-1.89947605 -1.93946505 -1.05816400 592.000000 8.000000 136.000000 0.000000
-1.84098101 -2.15782404 -1.19444394 701.000000 7.000000 254.000000 0.000000
-1.85598302 -2.14856505 -1.19564903 1016.000000 10.000000 231.000000 0.000000
-1.82630503 -2.08821702 -1.16712201 1392.000000 14.000000 201.000000 0.000000
-1.85889101 -2.04814696 -1.16350603 1034.000000 10.000000 237.000000 0.000000
-1.93775403 -2.10881996 -1.20649695 1121.000000 12.000000 193.000000 0.000000
-1.94504094 -2.09085894 -1.20288098 867.000000 8.000000 185.000000 0.000000
-1.94087398 -2.06089401 -1.19203305 1010.000000 10.000000 175.000000 0.000000
-1.83462596 -1.92440104 -1.11649704 1540.000000 16.000000 165.000000 0.000000
-1.93229604 -2.00201702 -1.17073798 1229.000000 12.000000 177.000000 0.000000
-1.92070198 -2.02051806 -1.25043797 1043.000000 17.000000 172.000000 0.000000
-1.90106797 -1.97534704 -1.22886801 1002.000000 15.000000 173.000000 0.000000
