2.24671102 2.06813788 -0.25378901 643.000000 9.000000 3970.000000 0.000000
2.25641704 2.05163097 -0.25340500 1573.000000 26.000000 3283.000000 0.000000
2.26600409 2.03508306 -0.25302100 1736.000000 29.000000 2843.000000 0.000000
2.25167203 1.99732804 -0.24956401 1538.000000 25.000000 3005.000000 0.000000
2.25715494 1.97756195 -0.24869999 1507.000000 24.000000 3129.000000 0.000000
2.26398301 1.95910895 -0.24802800 1348.000000 21.000000 3214.000000 0.000000
2.28276396 1.95100999 -0.24889199 453.000000 6.000000 3424.000000 0.000000
2.25709605 2.07594609 -0.33124200 2165.000000 27.000000 2862.000000 0.000000
2.26538110 2.05805397 -0.33051801 2419.000000 32.000000 2462.000000 0.000000
2.27574897 2.04212689 -0.33015600 2232.000000 28.000000 2273.000000 0.000000
2.26148200 2.00443292 -0.32581201 1958.000000 22.000000 2205.000000 0.000000
2.26776099 1.98529005 -0.32484701 2262.000000 27.000000 2260.000000 0.000000
2.28290391 1.97393405 -0.32532901 1938.000000 21.000000 2585.000000 0.000000
2.28742099 1.95344603 -0.32412300 578.000000 5.000000 4211.000000 0.000000
2.24333191 2.06789207 -0.40083000 1513.000000 26.000000 3651.000000 0.000000
2.25597811 2.05408812 -0.40083000 2085.000000 40.000000 3357.000000 0.000000
2.25604510 2.02894092 -0.39838701 1311.000000 21.000000 2987.000000 0.000000
2.27214599 2.01835108 -0.39910600 925.000000 15.000000 3714.000000 0.000000
2.26071000 1.98345494 -0.39450800 1559.000000 26.000000 2919.000000 0.000000
2.27059698 1.96759903 -0.39407700 1556.000000 25.000000 3104.000000 0.000000
2.27887201 1.95040798 -0.39335901 1030.000000 16.000000 4125.000000 0.000000
2.24242210 2.08799410 -0.48037100 1021.000000 10.000000 3291.000000 0.000000
2.25374007 2.07286191 -0.48003501 2392.000000 31.000000 2629.000000 0.000000
2.27298498 2.06495690 -0.48154899 2675.000000 37.000000 2500.000000 0.000000
2.27093410 2.03781104 -0.47818300 1414.000000 15.000000 2605.000000 0.000000
2.27527690 2.01664901 -0.47633201 1357.000000 14.000000 2714.000000 0.000000
2.26980209 1.98707497 -0.47229201 2221.000000 26.000000 2195.000000 0.000000
2.28195095 1.97310996 -0.47229201 2116.000000 24.000000 2078.000000 0.000000
2.30376291 1.96738899 -0.47448000 1076.000000 11.000000 3515.000000 0.000000
2.25391197 2.08200693 -0.55522400 1219.000000 20.000000 3315.000000 0.000000
2.25723004 2.05952597 -0.55273402 1982.000000 37.000000 3043.000000 0.000000
2.27492189 2.05024290 -0.55407500 1787.000000 33.000000 2954.000000 0.000000
2.28672695 2.03559208 -0.55388302 770.000000 12.000000 3857.000000 0.000000
2.26309705 1.98971999 -0.54449999 1149.000000 19.000000 2918.000000 0.000000
2.27822399 1.97837400 -0.54526597 1680.000000 30.000000 2761.000000 0.000000
2.27618098 1.95219898 -0.54162699 1320.000000 21.000000 3069.000000 0.000000
2.29634595 1.94518495 -0.54373401 541.000000 8.000000 4661.000000 0.000000
2.26187491 2.10536098 -0.63861299 1285.000000 14.000000 2438.000000 0.000000
2.26612091 2.08351707 -0.63602400 2258.000000 29.000000 2436.000000 0.000000
2.27741694 2.06825995 -0.63559198 2192.000000 28.000000 2324.000000 0.000000
2.30460691 2.06728101 -0.63990700 1138.000000 12.000000 2282.000000 0.000000
2.27338099 2.01426792 -0.62696201 887.000000 9.000000 2306.000000 0.000000
2.27099609 1.98742604 -0.62264699 2161.000000 27.000000 2082.000000 0.000000
2.28240895 1.97281599 -0.62243098 2284.000000 29.000000 2154.000000 0.000000
2.29744196 1.96130896 -0.62329400 1585.000000 18.000000 2599.000000 0.000000
2.26938891 2.10217595 -0.71560103 1231.000000 20.000000 2701.000000 0.000000
2.28009796 2.08624196 -0.71488500 1811.000000 33.000000 2826.000000 0.000000
2.28853798 2.06830001 -0.71345299 1455.000000 25.000000 2957.000000 0.000000
2.31638193 2.06781912 -0.71846598 471.000000 7.000000 2328.000000 0.000000
2.29628611 2.02462506 -0.70772398 668.000000 10.000000 2481.000000 0.000000
2.28013706 1.98558700 -0.69841498 1476.000000 25.000000 2806.000000 0.000000
2.29007101 1.96965694 -0.69769901 1559.000000 27.000000 2852.000000 0.000000
2.30285311 1.95619798 -0.69793701 1115.000000 18.000000 3141.000000 0.000000
2.27252793 2.14069200 -0.80557901 1455.000000 16.000000 1975.000000 0.000000
2.26724911 2.10962796 -0.79874003 2102.000000 26.000000 1936.000000 0.000000
2.28228211 2.09763408 -0.79952902 2326.000000 30.000000 2265.000000 0.000000
2.31440496 2.10109210 -0.80663103 1834.000000 21.000000 2332.000000 0.000000
2.32267404 2.05718803 -0.80031800 897.000000 9.000000 1882.000000 0.000000
2.28367710 1.99781704 -0.78164297 1787.000000 21.000000 1738.000000 0.000000
2.29370189 1.98187602 -0.78085399 1777.000000 21.000000 1694.000000 0.000000
2.29407310 1.95774901 -0.77664500 1376.000000 15.000000 1739.000000 0.000000
2.32891893 1.96290100 -0.78479898 272.000000 2.000000 1547.000000 0.000000
2.48479390 2.04256010 -0.83135599 86.000000 1.000000 1460.000000 0.000000
2.27400398 2.13924098 -0.88454503 1180.000000 19.000000 2218.000000 0.000000
2.27096009 2.11022305 -0.87797499 1311.000000 22.000000 2121.000000 0.000000
2.29162192 2.10338807 -0.88111699 1503.000000 26.000000 2246.000000 0.000000
2.30377603 2.08864188 -0.88083100 1397.000000 24.000000 2252.000000 0.000000
2.33437610 2.09047294 -0.88797402 978.000000 16.000000 2014.000000 0.000000
2.36436701 2.09137011 -0.89482999 853.000000 14.000000 2323.000000 0.000000
2.32092500 2.02757192 -0.87254602 1465.000000 25.000000 2601.000000 0.000000
2.29925895 1.98382401 -0.85911900 1748.000000 32.000000 2733.000000 0.000000
2.31284595 1.97092402 -0.85969001 1653.000000 30.000000 2910.000000 0.000000
0.18842199 2.04773498 -0.05929100 2235.000000 21.000000 3591.000000 0.000000
0.20002601 2.03659797 -0.05881100 2913.000000 32.000000 3455.000000 0.000000
0.21109299 2.02142096 -0.05814000 3157.000000 37.000000 3290.000000 0.000000
0.21831000 1.97242403 -0.05583700 2561.000000 26.000000 2949.000000 0.000000
0.22904000 1.95913994 -0.05526100 2694.000000 28.000000 2856.000000 0.000000
0.24105699 1.95769799 -0.05526100 2718.000000 28.000000 2940.000000 0.000000
0.25281200 1.95420003 -0.05516500 2742.000000 29.000000 3209.000000 0.000000
0.26400501 1.94667101 -0.05487700 1527.000000 12.000000 3801.000000 0.000000
0.27871099 1.96479905 -0.05583700 80.000000 1.000000 4438.000000 0.000000
0.18756799 2.06706500 -0.11079800 1231.000000 7.000000 3866.000000 0.000000
0.19821399 2.04503012 -0.10927400 3148.000000 27.000000 3181.000000 0.000000
0.21322900 2.06758404 -0.11101500 3832.000000 41.000000 3185.000000 0.000000
0.22100499 2.02162409 -0.10775100 3489.000000 33.000000 2974.000000 0.000000
0.22949199 1.98654604 -0.10528500 3399.000000 31.000000 2531.000000 0.000000
0.23852600 1.95936096 -0.10339800 3288.000000 29.000000 2575.000000 0.000000
0.25054401 1.95786095 -0.10339800 3305.000000 29.000000 2744.000000 0.000000
0.26255301 1.95628703 -0.10339800 3024.000000 25.000000 2873.000000 0.000000
0.27636299 1.96747696 -0.10434100 890.000000 5.000000 4725.000000 0.000000
0.19081600 2.09041309 -0.16170600 709.000000 6.000000 4096.000000 0.000000
0.19975500 2.04857707 -0.15776999 2456.000000 24.000000 3183.000000 0.000000
0.21100999 2.03444004 -0.15652101 3019.000000 34.000000 3560.000000 0.000000
0.22295500 2.02815795 -0.15604100 3076.000000 35.000000 3453.000000 0.000000
0.23098999 1.98818302 -0.15229701 2462.000000 24.000000 3105.000000 0.000000
0.24032900 1.96301103 -0.14999200 2669.000000 28.000000 2957.000000 0.000000
0.25236899 1.96149898 -0.14999200 2680.000000 28.000000 3014.000000 0.000000
0.26466200 1.96188700 -0.15018401 2385.000000 23.000000 3229.000000 0.000000
0.27779299 1.96811295 -0.15095200 1228.000000 9.000000 3278.000000 0.000000
0.29430401 1.99690700 -0.15392900 86.000000 1.000000 2782.000000 0.000000
0.20015299 2.06123209 -0.21022300 2805.000000 22.000000 2585.000000 0.000000
0.21372101 2.06885195 -0.21130900 3658.000000 37.000000 2959.000000 0.000000
0.22641100 2.06750202 -0.21130900 4098.000000 50.000000 3303.000000 0.000000
0.23599499 2.03944993 -0.20805100 3273.000000 29.000000 2741.000000 0.000000
0.23944500 1.96406496 -0.19900200 3066.000000 25.000000 2421.000000 0.000000
0.25149199 1.96255898 -0.19900200 3141.000000 26.000000 2302.000000 0.000000
0.26352900 1.96097803 -0.19900200 3126.000000 26.000000 2460.000000 0.000000
0.27555701 1.95932400 -0.19900200 2725.000000 21.000000 2828.000000 0.000000
0.29018199 1.97527397 -0.20117401 590.000000 3.000000 4627.000000 0.000000
0.20088001 2.07544589 -0.26061201 2105.000000 19.000000 3072.000000 0.000000
0.21331200 2.07121992 -0.26018101 2996.000000 34.000000 3667.000000 0.000000
0.22601700 2.06987190 -0.26018101 3443.000000 45.000000 3560.000000 0.000000
0.23815501 2.06352997 -0.25946301 3177.000000 38.000000 3635.000000 0.000000
0.24246000 1.99226499 -0.24926300 2382.000000 23.000000 3069.000000 0.000000
0.25443199 1.98877501 -0.24897499 2590.000000 26.000000 2893.000000 0.000000
0.26585200 1.98128998 -0.24811301 2736.000000 29.000000 3081.000000 0.000000
0.27556100 1.96197701 -0.24552700 2474.000000 25.000000 3153.000000 0.000000
0.28716901 1.95731103 -0.24509600 1298.000000 10.000000 3986.000000 0.000000
0.20163600 2.07639909 -0.31340000 2843.000000 24.000000 2996.000000 0.000000
0.21498400 2.08100605 -0.31441000 3866.000000 46.000000 3197.000000 0.000000
0.22828799 2.08454609 -0.31525201 4241.000000 60.000000 3098.000000 0.000000
0.24050499 2.07821107 -0.31441000 3964.000000 49.000000 2957.000000 0.000000
0.24389701 2.00038004 -0.30128199 2830.000000 22.000000 2498.000000 0.000000
0.25339600 1.97733700 -0.29757899 3125.000000 26.000000 2217.000000 0.000000
0.26512799 1.97281504 -0.29707399 3160.000000 27.000000 2371.000000 0.000000
0.27598599 1.96236598 -0.29555899 3089.000000 26.000000 2472.000000 0.000000
0.28773400 1.95868599 -0.29522201 2563.000000 19.000000 2562.000000 0.000000
0.30499300 1.99098301 -0.30111301 357.000000 1.000000 2262.000000 0.000000
0.18623100 2.07953310 -0.36392099 1062.000000 10.000000 3885.000000 0.000000
0.19761200 2.06369305 -0.36104801 2287.000000 26.000000 3466.000000 0.000000
0.20987999 2.05853510 -0.36028200 2628.000000 27.000000 3278.000000 0.000000
0.22178100 2.05037689 -0.35894200 3350.000000 42.000000 3410.000000 0.000000
0.23512600 2.05580497 -0.36028200 2872.000000 31.000000 3194.000000 0.000000
0.24357200 2.01923609 -0.35338899 1945.000000 17.000000 3366.000000 0.000000
0.25388899 2.00114608 -0.35013300 2004.000000 18.000000 2868.000000 0.000000
0.26105899 1.96062398 -0.34247300 2262.000000 21.000000 2732.000000 0.000000
0.27415299 1.96676505 -0.34400499 2519.000000 25.000000 3010.000000 0.000000
0.28523901 1.95824504 -0.34266499 2228.000000 21.000000 3120.000000 0.000000
0.29812199 1.96228194 -0.34381399 1196.000000 9.000000 3951.000000 0.000000
0.18801300 2.06408191 -0.41379300 1584.000000 10.000000 3587.000000 0.000000
0.19991300 2.05511498 -0.41206700 2788.000000 23.000000 2653.000000 0.000000
0.21292301 2.05773497 -0.41293001 3831.000000 45.000000 2975.000000 0.000000
0.22479600 2.04959607 -0.41141999 3667.000000 40.000000 2531.000000 0.000000
0.23759399 2.05011702 -0.41185099 2602.000000 21.000000 2619.000000 0.000000
0.25100201 2.05540490 -0.41336101 1225.000000 7.000000 3727.000000 0.000000
0.25261500 1.96860504 -0.39437500 1957.000000 12.000000 2469.000000 0.000000
0.26547500 1.97282398 -0.39566901 2863.000000 22.000000 2251.000000 0.000000
0.27634400 1.96245694 -0.39372700 2934.000000 23.000000 2323.000000 0.000000
0.28838000 1.96072400 -0.39372700 2814.000000 22.000000 2454.000000 0.000000
0.30070299 1.96084797 -0.39415899 2328.000000 16.000000 2913.000000 0.000000
0.31705600 1.98596203 -0.40020001 307.000000 1.000000 4578.000000 0.000000
0.19527400 2.06943989 -0.46615699 1586.000000 16.000000 3868.000000 0.000000
0.20758700 2.06433797 -0.46520200 2411.000000 28.000000 3308.000000 0.000000
0.21994600 2.06012702 -0.46448600 3324.000000 49.000000 3498.000000 0.000000
0.23226100 2.05584407 -0.46377000 3100.000000 43.000000 3561.000000 0.000000
0.24453200 2.05148602 -0.46305400 2153.000000 24.000000 3721.000000 0.000000
0.25830501 2.05958509 -0.46544099 929.000000 8.000000 4803.000000 0.000000
0.25944600 1.96936297 -0.44348001 1945.000000 17.000000 3059.000000 0.000000
0.27165499 1.96869600 -0.44371900 2367.000000 23.000000 2803.000000 0.000000
0.28332001 1.96410799 -0.44300199 2328.000000 22.000000 2788.000000 0.000000
0.29550901 1.96329296 -0.44324100 2218.000000 21.000000 3116.000000 0.000000
0.30814400 1.96528196 -0.44419599 1557.000000 13.000000 3623.000000 0.000000
0.33023199 2.02567196 -0.45971200 383.000000 3.000000 5033.000000 0.000000
0.20118800 2.06447101 -0.51992702 1772.000000 12.000000 2719.000000 0.000000
0.21395200 2.06415701 -0.52019000 2907.000000 25.000000 2767.000000 0.000000
0.22661300 2.06280589 -0.52019000 3411.000000 34.000000 2566.000000 0.000000
0.23937801 2.06233501 -0.52045298 3454.000000 35.000000 2603.000000 0.000000
0.25132099 2.05508208 -0.51887500 2470.000000 19.000000 2967.000000 0.000000
0.26454401 2.05828500 -0.52019000 1033.000000 6.000000 3595.000000 0.000000
0.26551601 1.97057796 -0.49651700 2320.000000 16.000000 2351.000000 0.000000
0.27841499 1.97464299 -0.49809501 2713.000000 21.000000 2292.000000 0.000000
0.28911400 1.96335304 -0.49546501 2628.000000 19.000000 2221.000000 0.000000
0.30159599 1.96440303 -0.49625400 2479.000000 18.000000 2413.000000 0.000000
0.31379700 1.96346796 -0.49651700 1615.000000 10.000000 3206.000000 0.000000
0.20613401 2.08267689 -0.57771599 1558.000000 15.000000 3413.000000 0.000000
0.21782701 2.07088709 -0.57457298 2412.000000 28.000000 3227.000000 0.000000
0.22980000 2.06284308 -0.57257402 3028.000000 41.000000 3511.000000 0.000000
0.24256299 2.06234598 -0.57285899 3208.000000 46.000000 3315.000000 0.000000
0.25509700 2.05986810 -0.57257402 3041.000000 42.000000 3461.000000 0.000000
0.26273799 2.01929092 -0.56085998 2301.000000 26.000000 4002.000000 0.000000
0.27167800 1.99199605 -0.55314702 1938.000000 17.000000 3098.000000 0.000000
0.28162801 1.97415900 -0.54829001 2306.000000 22.000000 2857.000000 0.000000
0.29220399 1.96196401 -0.54514802 2445.000000 24.000000 2926.000000 0.000000
0.30423701 1.96013403 -0.54514802 2185.000000 21.000000 3052.000000 0.000000
0.31701201 1.96296203 -0.54657602 1791.000000 16.000000 3672.000000 0.000000
0.33641499 2.00541496 -0.56000298 475.000000 4.000000 4732.000000 0.000000
0.22762500 2.05574799 -0.62700999 2321.000000 17.000000 2710.000000 0.000000
0.24056800 2.05714512 -0.62794000 2548.000000 20.000000 2179.000000 0.000000
0.25330299 2.05657411 -0.62825000 2394.000000 18.000000 1616.000000 0.000000
0.26150200 2.02103901 -0.61709499 2249.000000 16.000000 1642.000000 0.000000
0.27402699 2.02033806 -0.61740500 1950.000000 13.000000 1656.000000 0.000000
0.28172100 1.98567402 -0.60655999 2266.000000 16.000000 2105.000000 0.000000
0.29040101 1.96039701 -0.59881401 2661.000000 20.000000 2238.000000 0.000000
0.30184099 1.95482099 -0.59757501 2509.000000 18.000000 2362.000000 0.000000
0.31610200 1.96701097 -0.60222203 2329.000000 16.000000 2592.000000 0.000000
0.33021000 1.97722495 -0.60624999 1543.000000 9.000000 3052.000000 0.000000
0.24141300 2.08706188 -0.69182700 1967.000000 21.000000 3007.000000 0.000000
0.25196800 2.06680989 -0.68518698 2266.000000 26.000000 2994.000000 0.000000
0.26440901 2.06335306 -0.68452299 2655.000000 33.000000 2973.000000 0.000000
0.27681699 2.05982208 -0.68385899 2390.000000 28.000000 3341.000000 0.000000
0.28504601 2.02631688 -0.67257100 1890.000000 20.000000 3178.000000 0.000000
0.29098099 1.97972000 -0.65663499 2054.000000 22.000000 2664.000000 0.000000
0.30270001 1.97509897 -0.65563899 2065.000000 23.000000 2815.000000 0.000000
0.31510600 1.97506797 -0.65630299 2110.000000 23.000000 3110.000000 0.000000
0.32798100 1.97775197 -0.65796298 1711.000000 17.000000 3252.000000 0.000000
0.34295699 1.99244106 -0.66393900 513.000000 4.000000 3255.000000 0.000000
0.24730800 2.11132193 -0.76153201 1339.000000 8.000000 2579.000000 0.000000
0.25347301 2.05505109 -0.74052298 2487.000000 19.000000 2802.000000 0.000000
0.26619899 2.05438399 -0.74087900 3013.000000 27.000000 2468.000000 0.000000
0.28018901 2.06289601 -0.74479598 3538.000000 37.000000 2674.000000 0.000000
0.29125699 2.05003691 -0.74052298 2888.000000 25.000000 2705.000000 0.000000
0.29253799 1.97242296 -0.71132398 2569.000000 20.000000 2236.000000 0.000000
0.30449101 1.96966696 -0.71096802 2518.000000 20.000000 2197.000000 0.000000
0.31642199 1.96684003 -0.71061200 2471.000000 19.000000 2275.000000 0.000000
0.32647300 1.95288098 -0.70598298 2288.000000 17.000000 2465.000000 0.000000
0.34406200 1.98306203 -0.71844602 1178.000000 7.000000 2510.000000 0.000000
0.24797300 2.07585001 -0.80360800 1156.000000 11.000000 2487.000000 0.000000
0.25684199 2.04304504 -0.79076701 2004.000000 22.000000 2953.000000 0.000000
0.26913401 2.03959394 -0.79001200 2469.000000 30.000000 2732.000000 0.000000
0.28276801 2.04616189 -0.79341102 2667.000000 34.000000 2568.000000 0.000000
0.29061800 2.01138806 -0.77981400 1892.000000 20.000000 2154.000000 0.000000
0.29709899 1.97018397 -0.76357400 2033.000000 22.000000 2492.000000 0.000000
0.31045800 1.97655904 -0.76697302 1964.000000 21.000000 2553.000000 0.000000
0.32066399 1.96273303 -0.76206303 1508.000000 15.000000 2265.000000 0.000000
0.33300701 1.96255505 -0.76281899 1761.000000 18.000000 2671.000000 0.000000
0.34726301 1.97324705 -0.76810598 988.000000 9.000000 2697.000000 0.000000
0.25321001 2.04428101 -0.85372800 1957.000000 14.000000 2605.000000 0.000000
0.26503700 2.03724098 -0.85131699 2481.000000 20.000000 2667.000000 0.000000
0.27753201 2.03557611 -0.85131699 2525.000000 20.000000 2247.000000 0.000000
0.28923801 2.02839589 -0.84890598 1965.000000 14.000000 1695.000000 0.000000
0.29964700 2.01299810 -0.84287900 1707.000000 11.000000 1975.000000 0.000000
0.30649400 1.97583401 -0.82721001 2195.000000 16.000000 2246.000000 0.000000
0.31729299 1.96578002 -0.82359397 2235.000000 17.000000 2327.000000 0.000000
0.32919699 1.96289396 -0.82319200 2243.000000 17.000000 2504.000000 0.000000
0.34422901 1.97797596 -0.83082598 1934.000000 14.000000 2593.000000 0.000000
0.36027500 1.99745297 -0.84046900 1642.000000 11.000000 2265.000000 0.000000
0.28034899 2.06838298 -0.92350900 1464.000000 14.000000 1877.000000 0.000000
0.28739199 2.02623892 -0.90447700 1716.000000 18.000000 1774.000000 0.000000
0.29824799 2.01367688 -0.89940202 1722.000000 18.000000 1884.000000 0.000000
0.30732501 1.99030900 -0.88925099 1551.000000 16.000000 2153.000000 0.000000
0.31882200 1.98391104 -0.88713700 1678.000000 17.000000 2243.000000 0.000000
0.33010399 1.97655296 -0.88459897 1670.000000 17.000000 2196.000000 0.000000
0.34161401 1.97091806 -0.88290697 1666.000000 17.000000 2446.000000 0.000000
0.35576001 1.98038304 -0.88840598 1447.000000 14.000000 2556.000000 0.000000
-1.75574696 2.05499911 -0.15642700 2768.000000 34.000000 2605.000000 0.000000
-1.74310505 2.06573391 -0.15642700 2817.000000 35.000000 3375.000000 0.000000
-1.72848296 2.07409096 -0.15620901 2166.000000 23.000000 3935.000000 0.000000
-1.73029196 2.10237598 -0.15787700 579.000000 5.000000 4133.000000 0.000000
-1.77599394 1.97825599 -0.21566901 1307.000000 16.000000 2809.000000 0.000000
-1.75191605 1.97572803 -0.21394099 1589.000000 20.000000 2835.000000 0.000000
-1.74107397 1.98793602 -0.21413299 1610.000000 21.000000 3150.000000 0.000000
-1.74645603 2.01888204 -0.21672601 929.000000 11.000000 2169.000000 0.000000
-1.73597801 2.03182697 -0.21701400 905.000000 12.000000 2023.000000 0.000000
-1.74019694 2.06219602 -0.21951000 1216.000000 17.000000 2650.000000 0.000000
-1.72942603 2.07512498 -0.21979800 1345.000000 20.000000 3284.000000 0.000000
-1.71285903 2.08109188 -0.21922199 787.000000 11.000000 4901.000000 0.000000
-1.78583705 1.96548295 -0.28128999 1516.000000 12.000000 2735.000000 0.000000
-1.77241802 1.97492599 -0.28104800 2237.000000 21.000000 2212.000000 0.000000
-1.75829303 1.98353398 -0.28068599 2555.000000 26.000000 2426.000000 0.000000
-1.74478197 1.99279106 -0.28044501 2426.000000 23.000000 2546.000000 0.000000
-1.74355400 2.01623011 -0.28249601 1921.000000 19.000000 2141.000000 0.000000
-1.75176799 2.05105495 -0.28635699 1460.000000 13.000000 1357.000000 0.000000
-1.73403299 2.05569196 -0.28539199 1756.000000 17.000000 1705.000000 0.000000
-1.72646701 2.07239795 -0.28635699 2544.000000 30.000000 3363.000000 0.000000
-1.72065198 2.09138799 -0.28768501 1970.000000 20.000000 4077.000000 0.000000
-1.71529400 2.11115503 -0.28913200 511.000000 4.000000 2645.000000 0.000000
-1.76652503 1.94096303 -0.33891001 1053.000000 12.000000 3698.000000 0.000000
-1.77645099 1.97601998 -0.34365100 1444.000000 22.000000 3216.000000 0.000000
-1.76297700 1.98540497 -0.34336299 1753.000000 23.000000 2977.000000 0.000000
-1.74814701 1.99321198 -0.34278899 1868.000000 25.000000 3339.000000 0.000000
-1.74172497 2.01062489 -0.34408200 1297.000000 19.000000 3739.000000 0.000000
-1.74095595 2.03479195 -0.34666800 478.000000 6.000000 5095.000000 0.000000
-1.72907805 2.04619098 -0.34681100 1373.000000 20.000000 3458.000000 0.000000
-1.72347701 2.06510901 -0.34839201 2157.000000 37.000000 3837.000000 0.000000
-1.71266496 2.07793403 -0.34882301 2233.000000 39.000000 4672.000000 0.000000
-1.70238602 2.09147000 -0.34939700 1691.000000 27.000000 5009.000000 0.000000
-1.69821703 2.11266303 -0.35140899 591.000000 8.000000 4829.000000 0.000000
-1.77065098 1.97295403 -0.40984601 1534.000000 15.000000 3011.000000 0.000000
-1.76504695 1.99116194 -0.41152900 2510.000000 29.000000 2378.000000 0.000000
-1.75020003 1.99898601 -0.41085601 2677.000000 32.000000 2773.000000 0.000000
-1.74756801 2.02087688 -0.41338101 2066.000000 22.000000 2754.000000 0.000000
-1.75560904 2.05555701 -0.41876701 587.000000 5.000000 3339.000000 0.000000
-1.73788202 2.06026006 -0.41742101 1660.000000 16.000000 2969.000000 0.000000
-1.72016299 2.06482410 -0.41607401 2968.000000 39.000000 2985.000000 0.000000
-1.71309400 2.08219290 -0.41758901 3236.000000 46.000000 3841.000000 0.000000
-1.70463502 2.09802294 -0.41876701 2147.000000 23.000000 3700.000000 0.000000
-1.72008896 2.14382291 -0.42651001 510.000000 4.000000 3561.000000 0.000000
-1.76633406 1.98503304 -0.47498700 1347.000000 20.000000 2937.000000 0.000000
-1.74438500 1.98478901 -0.47211501 1755.000000 28.000000 3123.000000 0.000000
-1.73217404 1.99545503 -0.47211501 1727.000000 27.000000 3169.000000 0.000000
-1.73717594 2.02613902 -0.47728500 890.000000 12.000000 3932.000000 0.000000
-1.73043001 2.04349303 -0.47900900 862.000000 12.000000 3903.000000 0.000000
-1.72731996 2.06535101 -0.48188099 1883.000000 31.000000 3231.000000 0.000000
-1.71712005 2.07893491 -0.48264700 2420.000000 44.000000 4114.000000 0.000000
-1.70433104 2.08943105 -0.48264700 1806.000000 29.000000 4174.000000 0.000000
-1.69394600 2.10290289 -0.48341301 587.000000 8.000000 4842.000000 0.000000
-1.75731802 1.98312402 -0.54130602 2084.000000 22.000000 2263.000000 0.000000
-1.74318898 1.99166501 -0.54065901 2541.000000 30.000000 2574.000000 0.000000
-1.73284996 2.00453997 -0.54130602 2456.000000 28.000000 2689.000000 0.000000
-1.74079502 2.03890800 -0.54821002 1349.000000 12.000000 3147.000000 0.000000
-1.73454201 2.05701900 -0.55036801 2563.000000 30.000000 2614.000000 0.000000
-1.72251296 2.06837392 -0.55058300 3250.000000 46.000000 3177.000000 0.000000
-1.71164894 2.08116698 -0.55123103 2952.000000 38.000000 3608.000000 0.000000
-1.71545804 2.11210299 -0.55705601 1087.000000 10.000000 3795.000000 0.000000
-1.74934697 1.98488796 -0.60555899 1545.000000 24.000000 2861.000000 0.000000
-1.73968995 1.99851000 -0.60651398 1872.000000 30.000000 3077.000000 0.000000
-1.73754096 2.02091408 -0.61033303 1688.000000 26.000000 3260.000000 0.000000
-1.73077595 2.03819108 -0.61248201 1709.000000 27.000000 2942.000000 0.000000
-1.73073900 2.06363392 -0.61725599 2136.000000 36.000000 3254.000000 0.000000
-1.72300899 2.08019090 -0.61916500 2379.000000 43.000000 4225.000000 0.000000
-1.70898104 2.08922195 -0.61868799 1336.000000 20.000000 4309.000000 0.000000
-1.75668204 1.98309600 -0.67669302 1530.000000 15.000000 2317.000000 0.000000
-1.73876595 1.98730004 -0.67432600 2432.000000 28.000000 2420.000000 0.000000
-1.73284400 2.00523400 -0.67695600 2524.000000 29.000000 2615.000000 0.000000
-1.73114896 2.02831006 -0.68142802 2169.000000 23.000000 2503.000000 0.000000
-1.73420799 2.05734301 -0.68800402 2527.000000 29.000000 2461.000000 0.000000
-1.73203897 2.08055496 -0.69247502 3269.000000 47.000000 3389.000000 0.000000
-1.71250403 2.08294296 -0.68958199 2472.000000 29.000000 3543.000000 0.000000
-1.72217798 2.12113500 -0.69931400 744.000000 6.000000 3147.000000 0.000000
-1.76073301 1.99152696 -0.74627203 1317.000000 19.000000 2477.000000 0.000000
-1.74279702 1.99580503 -0.74370098 1746.000000 28.000000 2823.000000 0.000000
-1.72926402 2.00501204 -0.74313003 2012.000000 34.000000 3030.000000 0.000000
-1.72813499 2.02869892 -0.74827200 1774.000000 28.000000 3466.000000 0.000000
-1.72492504 2.05025005 -0.75255698 1661.000000 26.000000 2847.000000 0.000000
-1.72397006 2.07478309 -0.75798500 2285.000000 40.000000 2873.000000 0.000000
-1.71303403 2.08754110 -0.75884199 2284.000000 40.000000 3637.000000 0.000000
-1.70140195 2.09949994 -0.75941402 2095.000000 36.000000 4143.000000 0.000000
-1.69628596 2.11961603 -0.76312798 1080.000000 15.000000 4054.000000 0.000000
-1.73336697 1.98458004 -0.81167901 1995.000000 21.000000 1522.000000 0.000000
-1.73046696 2.00598192 -0.81632698 1753.000000 17.000000 1404.000000 0.000000
-1.72120702 2.02018309 -0.81787598 596.000000 5.000000 1246.000000 0.000000
-1.67451894 1.98994899 -0.80052400 146.000000 1.000000 1072.000000 0.000000
-1.68778503 2.03091097 -0.81353801 478.000000 4.000000 1332.000000 0.000000
-1.69578695 2.06622696 -0.82407302 1593.000000 15.000000 2022.000000 0.000000
-1.69025695 2.08546090 -0.82779098 2478.000000 29.000000 2845.000000 0.000000
-1.68989801 2.11138701 -0.83429801 2828.000000 36.000000 3687.000000 0.000000
-1.67396498 2.11798501 -0.83274800 2126.000000 23.000000 3353.000000 0.000000
-1.78043902 2.03098893 -0.90297699 1202.000000 17.000000 2366.000000 0.000000
-1.72650301 1.99415803 -0.88073301 1717.000000 27.000000 2812.000000 0.000000
-1.71546304 2.00614595 -0.88139701 1757.000000 28.000000 3095.000000 0.000000
-1.73421800 2.05333996 -0.89832902 1480.000000 22.000000 2911.000000 0.000000
-1.73005998 2.07407093 -0.90297699 1372.000000 20.000000 1754.000000 0.000000
-1.73172200 2.10209894 -0.91094500 1209.000000 19.000000 1768.000000 0.000000
-1.71819401 2.11195397 -0.91061300 1301.000000 21.000000 1856.000000 0.000000
-1.70579600 2.12319207 -0.91094500 1296.000000 21.000000 2290.000000 0.000000
-1.71799302 2.16535592 -0.92522001 1006.000000 15.000000 2609.000000 0.000000
-1.75885701 2.01449704 -0.97055501 1862.000000 19.000000 1864.000000 0.000000
-1.72328699 1.99834800 -0.95702302 2206.000000 24.000000 2182.000000 0.000000
-1.71159804 2.00959611 -0.95737898 2266.000000 25.000000 2327.000000 0.000000
-1.70164001 2.02292299 -0.95880401 2065.000000 22.000000 2435.000000 0.000000
-1.71366298 2.06280804 -0.97340298 1916.000000 20.000000 1889.000000 0.000000
-1.70334303 2.07617402 -0.97482800 2231.000000 25.000000 2461.000000 0.000000
-1.69880199 2.09675598 -0.97981298 1778.000000 19.000000 1775.000000 0.000000
-1.69115603 2.11370993 -0.98301798 1682.000000 18.000000 1786.000000 0.000000
-1.67873299 2.12477994 -0.98337400 1715.000000 19.000000 2157.000000 0.000000
-1.74901497 -2.03264594 -0.41506401 2705.000000 33.000000 2533.000000 0.000000
-1.76922905 -2.03079104 -0.41708401 2228.000000 24.000000 2148.000000 0.000000
-1.77513194 -2.01250792 -0.41540101 1824.000000 18.000000 1933.000000 0.000000
-1.77562201 -1.98834896 -0.41237101 2451.000000 28.000000 3140.000000 0.000000
-1.79572594 -1.98618698 -0.41439101 3223.000000 45.000000 3709.000000 0.000000
-1.81187499 -1.97949195 -0.41540101 2756.000000 34.000000 3779.000000 0.000000
-1.81594300 -1.95966494 -0.41338101 536.000000 4.000000 4072.000000 0.000000
-1.74583900 -2.03681207 -0.47996601 1671.000000 26.000000 3205.000000 0.000000
-1.75701904 -2.02457690 -0.47958300 1801.000000 29.000000 2844.000000 0.000000
-1.77328897 -2.01818800 -0.48073199 1522.000000 23.000000 2784.000000 0.000000
-1.78954697 -2.01167393 -0.48188099 648.000000 9.000000 4412.000000 0.000000
-1.79429102 -1.96777594 -0.47613600 962.000000 13.000000 3476.000000 0.000000
-1.80965495 -1.96034002 -0.47709399 2097.000000 36.000000 4162.000000 0.000000
-1.82097995 -1.94848096 -0.47690201 1440.000000 22.000000 4618.000000 0.000000
-1.73141503 -2.03663707 -0.54648399 1812.000000 18.000000 2872.000000 0.000000
-1.74387896 -2.02597499 -0.54648399 2468.000000 28.000000 2519.000000 0.000000
-1.75371003 -2.01229405 -0.54562098 2331.000000 26.000000 2366.000000 0.000000
-1.77895200 -2.01613212 -0.54993600 1620.000000 16.000000 3030.000000 0.000000
-1.80718398 -1.97368801 -0.54713100 1516.000000 14.000000 3273.000000 0.000000
-1.81129003 -1.95397305 -0.54454201 3074.000000 41.000000 3846.000000 0.000000
-1.82926202 -1.94922698 -0.54648399 1854.000000 19.000000 3517.000000 0.000000
-1.73862004 -2.03405905 -0.61295903 1116.000000 16.000000 3671.000000 0.000000
-1.74662805 -2.01820588 -0.61128801 1646.000000 26.000000 3017.000000 0.000000
-1.75833905 -2.00671911 -0.61104900 1587.000000 24.000000 2766.000000 0.000000
-1.77769601 -2.00389409 -0.61367500 1342.000000 20.000000 3514.000000 0.000000
-1.81708503 -1.94970405 -0.61033303 2163.000000 37.000000 4724.000000 0.000000
-1.83433604 -1.94417703 -0.61224300 1732.000000 28.000000 4362.000000 0.000000
-1.71378696 -2.01521802 -0.67564100 1281.000000 12.000000 2988.000000 0.000000
-1.74123704 -2.02220297 -0.68195403 2157.000000 23.000000 2336.000000 0.000000
-1.75361300 -2.01148105 -0.68195403 1968.000000 20.000000 2138.000000 0.000000
-1.76528299 -1.99995995 -0.68169099 2039.000000 21.000000 2488.000000 0.000000
-1.81448901 -1.95674300 -0.68195403 2743.000000 34.000000 3875.000000 0.000000
-1.82778299 -1.94697797 -0.68247998 2194.000000 24.000000 3326.000000 0.000000
-1.74207306 -2.01927495 -0.74884301 1484.000000 22.000000 2842.000000 0.000000
-1.75002503 -2.00348902 -0.74684399 1667.000000 26.000000 2807.000000 0.000000
-1.76481998 -1.99558794 -0.74798602 1851.000000 30.000000 2871.000000 0.000000
-1.78405094 -1.99258602 -0.75112897 1231.000000 18.000000 3088.000000 0.000000
-1.80805302 -1.94605196 -0.74570101 1843.000000 30.000000 4415.000000 0.000000
-1.81930399 -1.93422198 -0.74541497 1972.000000 33.000000 4204.000000 0.000000
-1.82322001 -1.91468298 -0.74198699 547.000000 7.000000 3250.000000 0.000000
-1.72888803 -2.10671210 -0.84111398 110.000000 1.000000 1220.000000 0.000000
-1.68766797 -2.03100801 -0.81353801 183.000000 1.000000 1291.000000 0.000000
-1.71663499 -2.04024911 -0.82190400 158.000000 1.000000 1575.000000 0.000000
-1.72418594 -2.02389002 -0.81942499 936.000000 8.000000 2296.000000 0.000000
-1.73905802 -2.01615095 -0.82066399 2079.000000 22.000000 2379.000000 0.000000
-1.75202096 -2.00615907 -0.82097399 2159.000000 23.000000 2095.000000 0.000000
-1.76681900 -1.99821806 -0.82221401 2291.000000 25.000000 2401.000000 0.000000
-1.79744697 -2.00787401 -0.83119899 1326.000000 12.000000 2608.000000 0.000000
-1.80908799 -1.97166097 -0.82500201 1167.000000 10.000000 3521.000000 0.000000
-1.81079304 -1.94938302 -0.82004499 2901.000000 38.000000 3992.000000 0.000000
-1.81424797 -1.92923498 -0.81601697 1736.000000 17.000000 3181.000000 0.000000
-1.75002897 -2.01120901 -0.89069301 1477.000000 22.000000 2779.000000 0.000000
-1.75548995 -1.99263799 -0.88704097 1509.000000 23.000000 2573.000000 0.000000
-1.76768303 -1.98182905 -0.88704097 1396.000000 21.000000 2603.000000 0.000000
-1.87384701 -2.07540107 -0.93650800 1100.000000 17.000000 2824.000000 0.000000
-1.80902600 -1.97881103 -0.89600497 1348.000000 20.000000 3555.000000 0.000000
-1.79746604 -1.94202304 -0.88372099 2101.000000 36.000000 4359.000000 0.000000
-1.80290902 -1.92406404 -0.88040102 1540.000000 24.000000 3164.000000 0.000000
-1.89699399 -2.00000501 -0.92256403 734.000000 11.000000 2949.000000 0.000000
-1.73913097 -2.01553297 -0.96592498 1719.000000 17.000000 2365.000000 0.000000
-1.74777496 -2.00060296 -0.96378899 1798.000000 18.000000 2122.000000 0.000000
-1.75815904 -1.98774302 -0.96272099 1951.000000 20.000000 2066.000000 0.000000
-1.77032197 -1.97691798 -0.96272099 1993.000000 21.000000 2099.000000 0.000000
-1.78179097 -1.96532595 -0.96236497 2105.000000 23.000000 3017.000000 0.000000
-1.76473403 -1.92270303 -0.94598502 2262.000000 25.000000 2661.000000 0.000000
-1.78986394 -1.92620695 -0.95346200 1826.000000 19.000000 1973.000000 0.000000
-1.81574297 -1.93015504 -0.96129602 1594.000000 16.000000 2145.000000 0.000000
-1.78523195 -1.93816304 -1.02568305 1390.000000 21.000000 2820.000000 0.000000
-1.79078698 -1.92039096 -1.02190697 1431.000000 22.000000 2627.000000 0.000000
-1.80063295 -1.90734398 -1.02077401 1282.000000 19.000000 2431.000000 0.000000
0.30937001 -1.90546894 -0.28680599 806.000000 4.000000 1869.000000 0.000000
0.30054799 -1.92583895 -0.29000399 1728.000000 10.000000 2132.000000 0.000000
0.29323199 -1.95787001 -0.29522201 2917.000000 23.000000 2521.000000 0.000000
0.27954099 -1.94792295 -0.29320201 3481.000000 33.000000 2543.000000 0.000000
0.26758301 -1.94960105 -0.29320201 3761.000000 39.000000 2956.000000 0.000000
0.25561601 -1.95120597 -0.29320201 3750.000000 39.000000 2776.000000 0.000000
0.24363799 -1.95273805 -0.29320201 3328.000000 30.000000 2468.000000 0.000000
0.23176700 -1.95517504 -0.29337099 3402.000000 31.000000 2373.000000 0.000000
0.21998499 -1.95852005 -0.29370701 2565.000000 19.000000 1943.000000 0.000000
0.21323501 -2.00982809 -0.30229101 2131.000000 14.000000 2207.000000 0.000000
0.20703200 -2.07289600 -0.31289500 277.000000 1.000000 2378.000000 0.000000
0.31210399 -1.90840805 -0.33385599 996.000000 7.000000 4436.000000 0.000000
0.29534301 -1.95575404 -0.34247300 1341.000000 11.000000 4002.000000 0.000000
0.28148499 -1.94490504 -0.33998400 2302.000000 22.000000 3185.000000 0.000000
0.27050200 -1.95339894 -0.34132400 2999.000000 34.000000 4087.000000 0.000000
0.25733501 -1.94626701 -0.33960101 3369.000000 43.000000 4159.000000 0.000000
0.24526399 -1.94683599 -0.33940899 3212.000000 39.000000 3519.000000 0.000000
0.23355100 -1.95025301 -0.33979201 2661.000000 28.000000 2839.000000 0.000000
0.22372100 -1.97017395 -0.34343100 2218.000000 21.000000 3031.000000 0.000000
0.21600200 -2.01151299 -0.35128200 1936.000000 17.000000 2610.000000 0.000000
0.20778500 -2.05282903 -0.35913301 1290.000000 10.000000 3438.000000 0.000000
0.19726799 -2.07555699 -0.36334601 860.000000 7.000000 4288.000000 0.000000
0.30477700 -1.95527804 -0.39308000 1727.000000 11.000000 3966.000000 0.000000
0.29018599 -1.93972600 -0.38919699 2508.000000 18.000000 3986.000000 0.000000
0.27800199 -1.93953705 -0.38876501 3322.000000 30.000000 3637.000000 0.000000
0.26675600 -1.94604397 -0.38984400 3797.000000 41.000000 3617.000000 0.000000
0.25329801 -1.93602502 -0.38725501 3573.000000 35.000000 3033.000000 0.000000
0.24249500 -1.94626403 -0.38919699 3024.000000 25.000000 2619.000000 0.000000
0.23077600 -1.94965506 -0.38962799 2799.000000 22.000000 2705.000000 0.000000
0.21859300 -1.94909298 -0.38919699 2357.000000 16.000000 2384.000000 0.000000
0.21347800 -2.01546001 -0.40365201 871.000000 4.000000 3617.000000 0.000000
0.34504300 -2.01335001 -0.45732501 385.000000 2.000000 3763.000000 0.000000
0.29458299 -1.93298602 -0.43584099 2176.000000 20.000000 4520.000000 0.000000
0.28328601 -1.93859994 -0.43679601 2739.000000 29.000000 4013.000000 0.000000
0.27152199 -1.94126296 -0.43703499 3457.000000 45.000000 4004.000000 0.000000
0.25960600 -1.94289303 -0.43703499 2847.000000 31.000000 3273.000000 0.000000
0.24792901 -1.94637501 -0.43751201 2780.000000 30.000000 3253.000000 0.000000
0.23693100 -1.95556998 -0.43942201 2283.000000 22.000000 2896.000000 0.000000
0.22504100 -1.95795202 -0.43966100 2212.000000 21.000000 2474.000000 0.000000
0.21868899 -2.01045108 -0.45231199 1800.000000 16.000000 2426.000000 0.000000
0.20160300 -1.96636105 -0.44109300 544.000000 4.000000 3917.000000 0.000000
0.31179899 -1.92470205 -0.48599601 1164.000000 6.000000 3740.000000 0.000000
0.29850599 -1.91704404 -0.48336500 2422.000000 17.000000 3177.000000 0.000000
0.28943399 -1.93697095 -0.48836300 3273.000000 29.000000 3379.000000 0.000000
0.27577499 -1.92629397 -0.48494399 3113.000000 26.000000 2573.000000 0.000000
0.26486200 -1.93464196 -0.48678499 2791.000000 22.000000 2261.000000 0.000000
0.25696501 -1.96684599 -0.49520200 2460.000000 17.000000 2404.000000 0.000000
0.24702500 -1.98562002 -0.49993601 2204.000000 15.000000 1852.000000 0.000000
0.23697600 -2.00530410 -0.50493401 1952.000000 12.000000 1692.000000 0.000000
0.22487999 -2.00863910 -0.50546002 1364.000000 8.000000 2134.000000 0.000000
0.20710599 -1.95816696 -0.49125600 408.000000 2.000000 3214.000000 0.000000
0.30920401 -1.92927599 -0.53629100 1441.000000 12.000000 3588.000000 0.000000
0.29824701 -1.93681800 -0.53800499 2792.000000 30.000000 3969.000000 0.000000
0.28664100 -1.94050705 -0.53857702 2881.000000 32.000000 3948.000000 0.000000
0.27418399 -1.93843400 -0.53743398 3051.000000 35.000000 3370.000000 0.000000
0.26228499 -1.94008005 -0.53743398 3142.000000 37.000000 3307.000000 0.000000
0.25274199 -1.95970702 -0.54286200 2293.000000 22.000000 2918.000000 0.000000
0.24225500 -1.97358298 -0.54657602 2403.000000 24.000000 2499.000000 0.000000
0.23476800 -2.01405001 -0.55828899 2121.000000 23.000000 2192.000000 0.000000
0.22272600 -2.01831007 -0.55914599 1667.000000 17.000000 2644.000000 0.000000
0.20791000 -1.99676704 -0.55229002 521.000000 3.000000 3346.000000 0.000000
0.31009099 -1.92464304 -0.58827901 1841.000000 12.000000 3151.000000 0.000000
0.29813099 -1.92557001 -0.58796901 2338.000000 16.000000 2911.000000 0.000000
0.28658801 -1.92924404 -0.58858901 2829.000000 22.000000 2760.000000 0.000000
0.27474499 -1.93096602 -0.58858901 2713.000000 21.000000 2571.000000 0.000000
0.26238200 -1.92884696 -0.58735001 2738.000000 21.000000 2520.000000 0.000000
0.25431499 -1.95965195 -0.59695500 2173.000000 15.000000 2166.000000 0.000000
0.24750300 -2.00364208 -0.61089802 1827.000000 12.000000 1724.000000 0.000000
0.23553500 -2.00795603 -0.61182803 1909.000000 13.000000 1971.000000 0.000000
0.22039200 -1.98384702 -0.60346198 810.000000 4.000000 2585.000000 0.000000
0.31575099 -1.94630206 -0.64634299 913.000000 7.000000 3396.000000 0.000000
0.30262500 -1.94074905 -0.64368701 2079.000000 19.000000 3352.000000 0.000000
0.29014501 -1.93883896 -0.64235902 2631.000000 28.000000 3648.000000 0.000000
0.27729201 -1.93404901 -0.64003497 2376.000000 23.000000 2949.000000 0.000000
0.26633099 -1.94225395 -0.64235902 2412.000000 24.000000 3016.000000 0.000000
0.25838700 -1.97377300 -0.65298301 2144.000000 20.000000 2916.000000 0.000000
0.24757600 -1.98561502 -0.65663499 2147.000000 24.000000 2305.000000 0.000000
0.23753300 -2.00488997 -0.66294301 2018.000000 22.000000 2205.000000 0.000000
0.22672600 -2.01943111 -0.66759098 1135.000000 10.000000 2345.000000 0.000000
0.33072099 -1.97775102 -0.71559697 1004.000000 6.000000 4071.000000 0.000000
0.31059599 -1.92991805 -0.69636899 2176.000000 15.000000 3500.000000 0.000000
0.29846400 -1.92993999 -0.69565600 2445.000000 18.000000 2817.000000 0.000000
0.28620699 -1.92896199 -0.69458801 2737.000000 21.000000 2516.000000 0.000000
0.27462801 -1.93253303 -0.69529998 2520.000000 18.000000 2413.000000 0.000000
0.26927301 -1.98233497 -0.71381700 1992.000000 14.000000 2386.000000 0.000000
0.25734299 -1.98580301 -0.71452898 2197.000000 16.000000 1817.000000 0.000000
0.24595000 -1.99383795 -0.71702200 1999.000000 14.000000 1945.000000 0.000000
0.23144200 -1.97581697 -0.70954400 1150.000000 7.000000 1945.000000 0.000000
0.34080499 -1.99222302 -0.77528203 599.000000 5.000000 2594.000000 0.000000
0.31943101 -1.93947804 -0.75262100 1656.000000 17.000000 4110.000000 0.000000
0.30649701 -1.93500197 -0.74997801 2291.000000 27.000000 3717.000000 0.000000
0.29546499 -1.94233704 -0.75224400 2107.000000 23.000000 2739.000000 0.000000
0.28259301 -1.93770099 -0.74959999 2533.000000 31.000000 2847.000000 0.000000
0.27368599 -1.96048498 -0.75828701 2108.000000 23.000000 2615.000000 0.000000
0.26264599 -1.96946800 -0.76130801 2085.000000 23.000000 2076.000000 0.000000
0.25233701 -1.98481703 -0.76697302 2012.000000 22.000000 2028.000000 0.000000
0.24162300 -1.99827504 -0.77188301 1646.000000 17.000000 2097.000000 0.000000
0.22935800 -1.99971998 -0.77188301 820.000000 7.000000 2454.000000 0.000000
0.40757200 -2.05466700 -0.86899602 437.000000 2.000000 1542.000000 0.000000
0.38222301 -1.99057198 -0.83926302 405.000000 2.000000 1389.000000 0.000000
0.36650401 -1.97397006 -0.83082598 1136.000000 7.000000 3342.000000 0.000000
0.34746099 -1.93741906 -0.81354898 1624.000000 11.000000 4313.000000 0.000000
0.33494499 -1.93590498 -0.81194198 1752.000000 12.000000 3321.000000 0.000000
0.32111099 -1.92617905 -0.80671799 2434.000000 19.000000 3471.000000 0.000000
0.31015199 -1.93353903 -0.80912900 2219.000000 17.000000 2865.000000 0.000000
0.30078200 -1.95169795 -0.81636101 2124.000000 15.000000 2541.000000 0.000000
0.28960100 -1.95894301 -0.81877202 1863.000000 13.000000 2234.000000 0.000000
0.27961901 -1.97519195 -0.82520097 1788.000000 12.000000 1663.000000 0.000000
0.26981601 -1.99411404 -0.83283502 2044.000000 15.000000 1910.000000 0.000000
0.25839099 -2.00208998 -0.83564699 1711.000000 11.000000 1975.000000 0.000000
0.24510200 -1.99545598 -0.83203101 1404.000000 9.000000 2149.000000 0.000000
0.41218701 -2.13670492 -0.96495700 766.000000 7.000000 1859.000000 0.000000
0.37052599 -1.98781395 -0.89305800 968.000000 9.000000 2525.000000 0.000000
0.34711400 -1.92853796 -0.86387497 1372.000000 13.000000 3278.000000 0.000000
0.33448899 -1.92616904 -0.86176097 2003.000000 22.000000 2673.000000 0.000000
0.32175499 -1.92282498 -0.85922301 1606.000000 16.000000 2263.000000 0.000000
0.31126499 -1.93281198 -0.86303002 1848.000000 20.000000 2086.000000 0.000000
0.29897800 -1.93200004 -0.86176097 1653.000000 17.000000 2443.000000 0.000000
0.29157299 -1.96336699 -0.87571800 1256.000000 12.000000 2223.000000 0.000000
0.27939099 -1.96422303 -0.87529498 1518.000000 15.000000 2026.000000 0.000000
0.27117801 -1.99372697 -0.88840598 1889.000000 20.000000 1789.000000 0.000000
0.25822899 -1.98996305 -0.88586801 1344.000000 13.000000 1736.000000 0.000000
0.24974200 -2.02117991 -0.89982498 1088.000000 10.000000 1794.000000 0.000000
0.23819500 -2.02987194 -0.90320802 1032.000000 9.000000 2190.000000 0.000000
0.38834101 -1.96628404 -0.94888598 1320.000000 8.000000 2295.000000 0.000000
0.36840299 -1.92732096 -0.92789298 1395.000000 9.000000 2578.000000 0.000000
0.35543600 -1.92338598 -0.92476600 1579.000000 10.000000 2462.000000 0.000000
0.34174901 -1.91496003 -0.91940600 1782.000000 12.000000 1659.000000 0.000000
0.33014399 -1.91790199 -0.91985202 1830.000000 13.000000 1775.000000 0.000000
0.31851500 -1.92077506 -0.92029899 1768.000000 12.000000 1599.000000 0.000000
0.30700400 -1.92446005 -0.92119300 1868.000000 13.000000 1708.000000 0.000000
0.29519001 -1.92630804 -0.92119300 1757.000000 12.000000 1923.000000 0.000000
0.28504801 -1.93959105 -0.92699897 2004.000000 14.000000 2022.000000 0.000000
0.27785501 -1.97497404 -0.94397300 1524.000000 10.000000 1714.000000 0.000000
0.26596901 -1.97841597 -0.94486600 1423.000000 9.000000 1487.000000 0.000000
0.25529501 -1.99154794 -0.95067298 1164.000000 7.000000 1697.000000 0.000000
0.25060901 -2.05525088 -0.98193902 1496.000000 11.000000 1875.000000 0.000000
0.35286200 -1.92438805 -0.98223102 1265.000000 12.000000 1697.000000 0.000000
0.33667901 -1.90215302 -0.96914202 1488.000000 15.000000 2653.000000 0.000000
0.32455000 -1.90156996 -0.96774000 1562.000000 16.000000 2573.000000 0.000000
0.31229401 -1.90003705 -0.96587002 1636.000000 17.000000 2574.000000 0.000000
0.30077001 -1.90278995 -0.96633703 1680.000000 17.000000 2340.000000 0.000000
0.29056999 -1.91421103 -0.97147900 1439.000000 14.000000 2099.000000 0.000000
0.28256699 -1.94131899 -0.98503602 1097.000000 10.000000 1642.000000 0.000000
0.27139300 -1.94826698 -0.98784101 866.000000 8.000000 1410.000000 0.000000
2.32044911 -1.85266101 -0.31941700 954.000000 9.000000 3213.000000 0.000000
2.33758903 -1.88996899 -0.32388201 1210.000000 12.000000 3606.000000 0.000000
2.32825208 -1.90616500 -0.32424399 1320.000000 13.000000 2298.000000 0.000000
2.32262397 -1.92548597 -0.32520899 2179.000000 25.000000 2161.000000 0.000000
2.31000495 -1.93906200 -0.32508799 2977.000000 42.000000 2780.000000 0.000000
2.29882002 -1.95384300 -0.32520899 2625.000000 34.000000 3064.000000 0.000000
2.29355788 -1.97374201 -0.32629499 1008.000000 9.000000 4343.000000 0.000000
2.32030892 -2.02170491 -0.33256900 1723.000000 20.000000 3047.000000 0.000000
2.31083703 -2.03853202 -0.33305100 2302.000000 29.000000 2173.000000 0.000000
2.30346608 -2.05730391 -0.33389601 2145.000000 27.000000 2316.000000 0.000000
2.29521489 -2.07539606 -0.33462000 1578.000000 17.000000 3070.000000 0.000000
2.32451510 -1.89890897 -0.39364600 680.000000 10.000000 4405.000000 0.000000
2.30823994 -1.90935695 -0.39278400 1838.000000 32.000000 3688.000000 0.000000
2.30331612 -1.92919505 -0.39407700 2131.000000 39.000000 2991.000000 0.000000
2.30730295 -1.95671201 -0.39709401 1389.000000 22.000000 3134.000000 0.000000
2.31479597 -1.98756897 -0.40083000 461.000000 7.000000 3733.000000 0.000000
2.31152892 -2.00951600 -0.40255401 509.000000 8.000000 4292.000000 0.000000
2.30584908 -2.02953696 -0.40384701 1527.000000 26.000000 2583.000000 0.000000
2.29631090 -2.04627705 -0.40442100 1716.000000 31.000000 2364.000000 0.000000
2.28959703 -2.06562400 -0.40557101 1333.000000 22.000000 3248.000000 0.000000
2.26517510 -2.06896996 -0.40327200 387.000000 6.000000 5010.000000 0.000000
2.34587002 -1.89667106 -0.47229201 973.000000 9.000000 3580.000000 0.000000
2.33495092 -1.91165400 -0.47246000 2642.000000 34.000000 3286.000000 0.000000
2.32166004 -1.92468596 -0.47212401 2597.000000 33.000000 2804.000000 0.000000
2.31508994 -1.94333398 -0.47330201 1340.000000 13.000000 3298.000000 0.000000
2.32721710 -2.02772903 -0.48424199 1732.000000 20.000000 2718.000000 0.000000
2.30882001 -2.03675103 -0.48289600 2263.000000 29.000000 2128.000000 0.000000
2.29480910 -2.04956603 -0.48255900 2068.000000 25.000000 2098.000000 0.000000
2.29023004 -2.07088399 -0.48441100 1002.000000 10.000000 3943.000000 0.000000
2.33036089 -1.89964604 -0.54315901 1092.000000 17.000000 3683.000000 0.000000
2.31184101 -1.90829504 -0.54143602 1918.000000 34.000000 3268.000000 0.000000
2.30687404 -1.92809999 -0.54315901 1701.000000 29.000000 3019.000000 0.000000
2.30025005 -1.94665003 -0.54449999 782.000000 12.000000 4069.000000 0.000000
2.30758595 -2.02681899 -0.55579799 1489.000000 26.000000 2736.000000 0.000000
2.29804301 -2.04354501 -0.55656397 1819.000000 33.000000 2493.000000 0.000000
2.28181005 -2.05432796 -0.55560601 1416.000000 24.000000 2489.000000 0.000000
2.28441191 -2.08215594 -0.55962801 492.000000 7.000000 3161.000000 0.000000
2.33579493 -1.88918602 -0.61962599 993.000000 10.000000 3229.000000 0.000000
2.32189393 -1.90162599 -0.61897898 2623.000000 36.000000 3271.000000 0.000000
2.30792809 -1.91396594 -0.61833102 2680.000000 38.000000 2750.000000 0.000000
2.30660605 -1.93688595 -0.62135202 1735.000000 20.000000 2622.000000 0.000000
2.31324005 -2.01624489 -0.63386601 1627.000000 18.000000 2589.000000 0.000000
2.30155706 -2.03104711 -0.63408202 2477.000000 33.000000 2298.000000 0.000000
2.28686810 -2.04317808 -0.63343501 2146.000000 27.000000 2128.000000 0.000000
2.28587008 -2.06765699 -0.63688701 937.000000 9.000000 3449.000000 0.000000
2.33561110 -1.89854705 -0.69507301 752.000000 11.000000 2774.000000 0.000000
2.30815506 -1.89990306 -0.69006002 1301.000000 22.000000 2249.000000 0.000000
2.29720092 -1.91464996 -0.69029897 1340.000000 23.000000 2262.000000 0.000000
2.28912401 -1.93183601 -0.69149202 1571.000000 27.000000 2498.000000 0.000000
2.29718399 -1.96285200 -0.69793701 1097.000000 18.000000 2714.000000 0.000000
2.31972909 -2.03178310 -0.71321398 1465.000000 25.000000 2939.000000 0.000000
2.29776192 -2.03761411 -0.71011102 2009.000000 38.000000 2622.000000 0.000000
2.28015208 -2.04713988 -0.70844001 1663.000000 30.000000 2383.000000 0.000000
2.26538992 -2.05913591 -0.70772398 708.000000 11.000000 3231.000000 0.000000
2.33408403 -1.88846898 -0.77296299 913.000000 9.000000 3011.000000 0.000000
2.31723094 -1.89847302 -0.77112198 2245.000000 29.000000 3000.000000 0.000000
2.31444502 -1.92005098 -0.77427799 2730.000000 39.000000 2850.000000 0.000000
2.29892802 -1.93111205 -0.77296299 2270.000000 29.000000 2449.000000 0.000000
2.29291296 -1.95018494 -0.77506697 956.000000 9.000000 2372.000000 0.000000
2.30588102 -2.01052809 -0.78848201 1932.000000 23.000000 2461.000000 0.000000
2.30362296 -2.03358197 -0.79216403 2645.000000 37.000000 2079.000000 0.000000
2.28750706 -2.04446197 -0.79084897 2334.000000 30.000000 2084.000000 0.000000
2.27491999 -2.05845904 -0.79084897 981.000000 10.000000 1952.000000 0.000000
2.40082598 -1.89694595 -0.86597598 204.000000 3.000000 1945.000000 0.000000
2.34992790 -1.92807102 -0.85997599 1114.000000 18.000000 2795.000000 0.000000
2.29525399 -1.90699100 -0.84340602 1393.000000 24.000000 2444.000000 0.000000
2.28277493 -1.92042303 -0.84312099 1469.000000 25.000000 2363.000000 0.000000
2.27167892 -1.93501401 -0.84340602 1357.000000 23.000000 2263.000000 0.000000
2.31570792 -1.99703395 -0.86540401 810.000000 12.000000 2328.000000 0.000000
2.33159590 -2.03574991 -0.87654603 958.000000 15.000000 2478.000000 0.000000
2.29965210 -2.03290606 -0.86883199 1794.000000 33.000000 2452.000000 0.000000
2.28570604 -2.04570198 -0.86826098 1825.000000 34.000000 2448.000000 0.000000
2.28164196 -2.06739902 -0.87168902 1400.000000 24.000000 2519.000000 0.000000
2.35872602 -1.91180396 -0.94243401 1524.000000 17.000000 1752.000000 0.000000
2.31536007 -1.90028906 -0.92911100 1754.000000 20.000000 1880.000000 0.000000
2.30365705 -1.91445994 -0.92911100 1749.000000 20.000000 1675.000000 0.000000
2.29113889 -1.92794597 -0.92880100 1805.000000 21.000000 1584.000000 0.000000
2.28577709 -1.94752097 -0.93159002 1836.000000 22.000000 1592.000000 0.000000
2.27522397 -1.96275198 -0.93220901 1954.000000 24.000000 1817.000000 0.000000
2.27817011 -1.98981702 -0.93871599 1817.000000 21.000000 1794.000000 0.000000
2.28656507 -2.02203202 -0.94770199 2167.000000 27.000000 1739.000000 0.000000
2.27977991 -2.04110098 -0.95017999 1985.000000 24.000000 1774.000000 0.000000
