1.61578202 3.12143302 -0.73246700 1393.000000 20.000000 5837.000000 0.000000
1.65217495 3.14429998 -0.74066597 1495.000000 22.000000 6208.000000 0.000000
1.68063402 3.15133190 -0.74498099 1559.000000 24.000000 7466.000000 0.000000
1.76132905 3.25429201 -0.77346098 1305.000000 19.000000 7698.000000 0.000000
1.64992499 3.21858501 -0.84426200 842.000000 15.000000 7910.000000 0.000000
1.66382802 3.19719601 -0.84115899 1487.000000 30.000000 7116.000000 0.000000
1.69608700 3.21098304 -0.84784299 1228.000000 24.000000 8033.000000 0.000000
1.73453104 3.23562694 -0.85762900 1227.000000 24.000000 7435.000000 0.000000
1.76315105 3.24113989 -0.86216497 1810.000000 38.000000 7745.000000 0.000000
1.78160000 3.22770905 -0.86144900 1623.000000 33.000000 8281.000000 0.000000
1.84257197 3.29047489 -0.88221598 969.000000 18.000000 9139.000000 0.000000
1.87230206 3.29600406 -0.88699001 840.000000 16.000000 10773.000000 0.000000
1.63830805 3.21163988 -0.93735701 992.000000 14.000000 7081.000000 0.000000
1.66020298 3.20580912 -0.93867201 1425.000000 21.000000 5500.000000 0.000000
1.67984200 3.19556308 -0.93867201 1299.000000 19.000000 6855.000000 0.000000
1.75478494 3.24087000 -0.95918900 936.000000 13.000000 7422.000000 0.000000
1.77277803 3.22666001 -0.95813698 1969.000000 32.000000 6341.000000 0.000000
1.79442298 3.21909189 -0.95918900 1923.000000 31.000000 7194.000000 0.000000
1.85501003 3.28023005 -0.98180997 1086.000000 16.000000 6893.000000 0.000000
1.66276002 3.20736599 -1.03081799 1205.000000 23.000000 7045.000000 0.000000
1.68419003 3.20049810 -1.03196096 1090.000000 21.000000 8257.000000 0.000000
1.76954603 3.21768808 -1.04852998 1492.000000 30.000000 7608.000000 0.000000
1.78133404 3.19253397 -1.04367399 2023.000000 45.000000 8340.000000 0.000000
1.80654299 3.19155788 -1.04710197 1226.000000 24.000000 8397.000000 0.000000
1.85419202 3.22947693 -1.06395805 410.000000 7.000000 10016.000000 0.000000
1.64428604 3.21646905 -1.13020098 1161.000000 17.000000 5392.000000 0.000000
1.66793597 3.21391296 -1.13299000 1374.000000 20.000000 5355.000000 0.000000
1.68984199 3.20782399 -1.13453901 1328.000000 20.000000 5653.000000 0.000000
1.73192298 3.23931003 -1.15003204 618.000000 8.000000 5327.000000 0.000000
1.73906195 3.20522690 -1.14135599 1101.000000 16.000000 4772.000000 0.000000
1.75273097 3.18367004 -1.13732803 1857.000000 30.000000 5427.000000 0.000000
1.77130401 3.17119598 -1.13670802 1705.000000 27.000000 5955.000000 0.000000
1.81840205 3.20906305 -1.15498900 947.000000 13.000000 5743.000000 0.000000
1.84374797 3.20773506 -1.15870702 576.000000 8.000000 4898.000000 0.000000
1.86052001 3.19143391 -1.15684795 539.000000 7.000000 4946.000000 0.000000
2.30673909 -0.23212300 -0.89651698 1708.000000 24.000000 8064.000000 0.000000
2.32645106 -0.24849699 -0.90520400 2111.000000 31.000000 7254.000000 0.000000
2.20708895 -0.24966501 -0.85686100 1457.000000 16.000000 7082.000000 0.000000
2.20459604 -0.26309401 -0.85648298 1344.000000 15.000000 5962.000000 0.000000
2.26765990 -0.22467400 -0.94975501 1363.000000 10.000000 7915.000000 0.000000
2.32360911 -0.24465799 -0.97506797 2219.000000 23.000000 7125.000000 0.000000
2.30568290 -0.25707501 -0.96783501 1639.000000 15.000000 7110.000000 0.000000
2.19584489 -0.25841400 -0.92002302 1426.000000 11.000000 6356.000000 0.000000
2.14878297 -0.26622400 -0.89993298 1262.000000 9.000000 5425.000000 0.000000
2.17162490 -0.28261000 -0.91078198 1505.000000 11.000000 6227.000000 0.000000
2.15442705 -0.29381600 -0.90395099 1029.000000 7.000000 6281.000000 0.000000
2.13260889 -0.24905001 -0.95142299 1126.000000 12.000000 5813.000000 0.000000
2.13643789 -0.26278400 -0.95396101 1228.000000 13.000000 5424.000000 0.000000
2.15815711 -0.27886200 -0.96495700 830.000000 8.000000 4641.000000 0.000000
2.15371108 -0.29174000 -0.96368802 596.000000 6.000000 5612.000000 0.000000
2.34811497 -0.19115700 -1.12442601 1550.000000 14.000000 7586.000000 0.000000
2.33263803 -0.20430300 -1.11727905 1979.000000 20.000000 8273.000000 0.000000
2.29626107 -0.21749400 -1.16734803 1021.000000 13.000000 4489.000000 0.000000
2.28784609 -0.23088200 -1.16360903 1030.000000 13.000000 4288.000000 0.000000
2.24594498 -0.24066000 -1.14210498 928.000000 11.000000 5363.000000 0.000000
2.18468308 -0.24777900 -1.11031699 1079.000000 12.000000 5623.000000 0.000000
2.17785406 -0.26055899 -1.10751200 999.000000 10.000000 5351.000000 0.000000
2.15691400 -0.27152699 -1.09722805 863.000000 9.000000 5736.000000 0.000000
2.39548492 -0.12329200 -1.29757404 1235.000000 13.000000 6654.000000 0.000000
2.33205605 -0.13434200 -1.26224005 1581.000000 15.000000 6063.000000 0.000000
2.32944894 -0.14853700 -1.26125896 1447.000000 13.000000 7214.000000 0.000000
2.32501698 -0.16258200 -1.25929594 1609.000000 15.000000 6732.000000 0.000000
2.31181312 -0.17591199 -1.25242496 1878.000000 19.000000 7333.000000 0.000000
2.31763697 -0.19067000 -1.25635099 1489.000000 14.000000 6745.000000 0.000000
2.32336593 -0.20550500 -1.26027703 1870.000000 18.000000 5874.000000 0.000000
2.33246994 -0.22074901 -1.26616597 1275.000000 14.000000 5901.000000 0.000000
2.25478911 -0.22731800 -1.22298002 961.000000 8.000000 5515.000000 0.000000
2.18318200 -0.23359500 -1.18322897 1071.000000 9.000000 5595.000000 0.000000
2.15573597 -0.24403000 -1.16850698 1303.000000 10.000000 6375.000000 0.000000
2.14987302 -0.25673300 -1.16605306 1194.000000 9.000000 6013.000000 0.000000
2.25458193 -0.28334901 -1.22641504 638.000000 5.000000 6214.000000 0.000000
2.33343697 -0.15479900 -1.33499897 1060.000000 16.000000 5413.000000 0.000000
2.32043600 -0.16826600 -1.32784998 1129.000000 18.000000 5534.000000 0.000000
2.31507397 -0.18217100 -1.32529604 1216.000000 19.000000 5971.000000 0.000000
2.31476903 -0.19644400 -1.32580698 1224.000000 19.000000 5778.000000 0.000000
2.29810596 -0.20926900 -1.31661403 859.000000 10.000000 3976.000000 0.000000
2.24799299 -0.21871500 -1.28750503 841.000000 10.000000 4957.000000 0.000000
2.20213008 -0.22798900 -1.26094902 844.000000 10.000000 4705.000000 0.000000
2.14512610 -0.23551100 -1.22775400 484.000000 5.000000 3945.000000 0.000000
2.19745803 -0.25480101 -1.25992703 320.000000 3.000000 3854.000000 0.000000
2.26755691 -0.27689499 -1.30282605 361.000000 4.000000 4456.000000 0.000000
2.18537498 -0.22217900 -1.33175504 945.000000 8.000000 4711.000000 0.000000
2.15118694 -0.23202600 -1.31093299 552.000000 4.000000 4152.000000 0.000000
2.16988301 -0.24753501 -1.32374704 809.000000 7.000000 4798.000000 0.000000
2.76336098 3.39274597 -0.81029397 1315.000000 24.000000 5377.000000 0.000000
2.79098797 3.38406205 -0.81239998 1323.000000 24.000000 7913.000000 0.000000
2.83055305 3.38948989 -0.81814498 544.000000 9.000000 10716.000000 0.000000
2.66021395 3.37201095 -0.90485799 607.000000 8.000000 3752.000000 0.000000
2.69060993 3.36782789 -0.90831000 629.000000 9.000000 7604.000000 0.000000
2.76774597 3.42107797 -0.92816001 1220.000000 18.000000 6467.000000 0.000000
2.66830301 3.36887693 -1.01159298 1189.000000 21.000000 5742.000000 0.000000
2.68588901 3.34865093 -1.01039898 878.000000 15.000000 9392.000000 0.000000
2.79200101 3.43771696 -1.04381800 671.000000 11.000000 7657.000000 0.000000
2.80996108 3.41676807 -1.04262400 1883.000000 38.000000 6835.000000 0.000000
2.83087301 3.39946198 -1.04262400 1826.000000 36.000000 7325.000000 0.000000
2.65073991 3.35881209 -1.12095296 1207.000000 18.000000 4302.000000 0.000000
2.68033791 3.35378599 -1.12489903 552.000000 8.000000 6891.000000 0.000000
2.79653907 3.41240406 -1.15725100 796.000000 11.000000 4466.000000 0.000000
2.83036709 3.41076803 -1.16277504 1353.000000 21.000000 4894.000000 0.000000
2.85558796 3.39850593 -1.16461599 1052.000000 15.000000 5981.000000 0.000000
2.64903688 3.35526705 -1.22822797 1187.000000 21.000000 5593.000000 0.000000
2.70842695 3.38763809 -1.24679804 931.000000 16.000000 5650.000000 0.000000
