2.07404804 2.00454712 -0.16962899 963.000000 9.000000 4764.000000 0.000000
2.08775210 1.99316001 -0.16977400 1094.000000 10.000000 4748.000000 0.000000
2.04695106 1.93038404 -0.16447900 1838.000000 18.000000 3793.000000 0.000000
2.03904390 1.89944196 -0.16252001 2347.000000 26.000000 3042.000000 0.000000
2.02202392 1.86057103 -0.15969101 2576.000000 30.000000 3404.000000 0.000000
2.02675700 1.84209502 -0.15903801 2639.000000 31.000000 2981.000000 0.000000
2.03579402 1.82762599 -0.15882000 2332.000000 26.000000 3044.000000 0.000000
2.04846311 1.81642306 -0.15896600 775.000000 6.000000 3039.000000 0.000000
2.06134892 1.94439101 -0.23256899 1092.000000 15.000000 4399.000000 0.000000
2.04196501 1.90248597 -0.22844000 1698.000000 27.000000 3839.000000 0.000000
2.05286908 1.88924599 -0.22834399 1573.000000 24.000000 3871.000000 0.000000
2.03720498 1.85180295 -0.22479101 1797.000000 29.000000 3564.000000 0.000000
2.04187202 1.83327401 -0.22392701 1788.000000 28.000000 3374.000000 0.000000
2.04936290 1.81740296 -0.22344700 1143.000000 16.000000 4484.000000 0.000000
2.01336193 1.76340902 -0.21739800 293.000000 4.000000 6046.000000 0.000000
2.01949191 1.92738497 -0.29782000 1196.000000 11.000000 4199.000000 0.000000
2.07030296 1.95170999 -0.30433500 2797.000000 35.000000 3590.000000 0.000000
2.07351708 1.93085599 -0.30288699 1464.000000 14.000000 5216.000000 0.000000
1.98445702 1.82540298 -0.28623700 1338.000000 12.000000 3417.000000 0.000000
2.02134705 1.83654404 -0.29045999 2308.000000 25.000000 2686.000000 0.000000
2.03331590 1.82476997 -0.29058000 2263.000000 25.000000 2614.000000 0.000000
2.06602693 1.83134496 -0.29407901 1594.000000 15.000000 3966.000000 0.000000
2.04391193 1.93057501 -0.36606300 1355.000000 20.000000 4165.000000 0.000000
2.05282903 1.91529202 -0.36548799 1482.000000 22.000000 4334.000000 0.000000
2.06163502 1.89997399 -0.36491299 898.000000 12.000000 5249.000000 0.000000
2.04694200 1.86326897 -0.35974100 1490.000000 22.000000 3589.000000 0.000000
2.04069710 1.83476901 -0.35629299 1783.000000 28.000000 3315.000000 0.000000
2.05117798 1.82155502 -0.35615000 1689.000000 26.000000 3519.000000 0.000000
2.06008697 1.80697405 -0.35571900 656.000000 9.000000 5839.000000 0.000000
2.07098508 1.95235300 -0.44317299 2351.000000 29.000000 3475.000000 0.000000
2.07426500 1.93155205 -0.44115299 2355.000000 26.000000 3652.000000 0.000000
2.05486798 1.89010799 -0.43391600 1232.000000 11.000000 4260.000000 0.000000
2.04745007 1.86023796 -0.42953900 2463.000000 28.000000 2914.000000 0.000000
2.05222011 1.84171796 -0.42802501 2458.000000 28.000000 2627.000000 0.000000
2.07455111 1.83889401 -0.43054900 2009.000000 21.000000 2899.000000 0.000000
2.07763410 1.81899095 -0.42869800 526.000000 4.000000 5113.000000 0.000000
2.26026797 -2.01868892 -0.47464800 1129.000000 12.000000 5856.000000 0.000000
2.24199200 -2.02722907 -0.47330201 2565.000000 33.000000 4305.000000 0.000000
2.22442293 -2.03628612 -0.47212401 2842.000000 39.000000 3398.000000 0.000000
2.20827389 -2.04654503 -0.47128201 2071.000000 24.000000 2954.000000 0.000000
2.19513798 -2.08503509 -0.47414300 933.000000 9.000000 4096.000000 0.000000
2.18514490 -2.10119891 -0.47481701 2360.000000 31.000000 2606.000000 0.000000
2.17150497 -2.11387992 -0.47464800 2450.000000 32.000000 2640.000000 0.000000
2.16480899 -2.13339400 -0.47616300 1790.000000 21.000000 3234.000000 0.000000
0.07215500 1.77820301 -0.30379200 2394.000000 20.000000 4865.000000 0.000000
0.08380700 1.79439604 -0.30704701 1987.000000 15.000000 4960.000000 0.000000
0.09824200 1.86148500 -0.32025999 427.000000 2.000000 5697.000000 0.000000
0.11422700 1.94120002 -0.33596301 533.000000 4.000000 4365.000000 0.000000
0.12484000 1.91989195 -0.33194101 460.000000 3.000000 5310.000000 0.000000
2.07354903 1.93870997 -0.51041400 1753.000000 30.000000 3663.000000 0.000000
2.09980798 1.93928897 -0.51424402 1526.000000 25.000000 4550.000000 0.000000
2.06314611 1.88198197 -0.50141400 1139.000000 16.000000 3897.000000 0.000000
2.04625297 1.84362495 -0.49394500 1795.000000 29.000000 3198.000000 0.000000
2.05166888 1.82580602 -0.49241301 1814.000000 29.000000 3266.000000 0.000000
2.06945992 1.81902397 -0.49413699 1105.000000 16.000000 4045.000000 0.000000
2.26132894 -2.01098204 -0.54698902 815.000000 13.000000 4256.000000 0.000000
2.23215199 -2.00973606 -0.54258502 1641.000000 27.000000 3649.000000 0.000000
2.21977806 -2.02339506 -0.54258502 1649.000000 28.000000 2645.000000 0.000000
2.21815300 -2.04694700 -0.54545701 1184.000000 19.000000 3320.000000 0.000000
2.18648791 -2.09352994 -0.54718101 1095.000000 18.000000 2990.000000 0.000000
2.16654491 -2.10008502 -0.54526597 1468.000000 25.000000 2876.000000 0.000000
2.15502095 -2.11471200 -0.54564899 1487.000000 26.000000 3009.000000 0.000000
2.13573003 -2.12167692 -0.54392499 592.000000 9.000000 6462.000000 0.000000
0.25918099 -2.16070008 -0.38115501 2141.000000 24.000000 5061.000000 0.000000
0.24997400 -2.19735003 -0.38804901 1931.000000 20.000000 3291.000000 0.000000
0.23221900 -2.15981603 -0.38038900 2121.000000 23.000000 3739.000000 0.000000
-0.01232800 1.64294505 -0.31885901 2109.000000 12.000000 3337.000000 0.000000
0.08396200 1.75620604 -0.34431899 1510.000000 8.000000 4509.000000 0.000000
0.10156400 1.88045597 -0.37193599 614.000000 3.000000 4510.000000 0.000000
0.12593800 1.89855301 -0.37625101 591.000000 3.000000 4139.000000 0.000000
2.07118201 1.95186305 -0.58467299 2178.000000 26.000000 3517.000000 0.000000
2.08311892 1.93911803 -0.58467299 2500.000000 31.000000 3073.000000 0.000000
2.09497905 1.92629898 -0.58467299 853.000000 8.000000 3507.000000 0.000000
2.05397010 1.86550903 -0.56892300 2086.000000 22.000000 2640.000000 0.000000
2.05374408 1.84244394 -0.56547099 2455.000000 28.000000 2643.000000 0.000000
2.06647301 1.83110201 -0.56590199 2165.000000 23.000000 2732.000000 0.000000
2.09016609 1.82931495 -0.56957000 965.000000 8.000000 3914.000000 0.000000
2.26203704 -1.99614203 -0.62243098 595.000000 6.000000 5073.000000 0.000000
2.25193000 -2.01193595 -0.62307799 2055.000000 25.000000 4144.000000 0.000000
2.24171400 -2.02768207 -0.62372500 2845.000000 42.000000 3598.000000 0.000000
2.22491097 -2.03744006 -0.62243098 2309.000000 30.000000 2758.000000 0.000000
2.20950508 -2.04839706 -0.62156802 1032.000000 10.000000 3922.000000 0.000000
2.18490911 -2.07603002 -0.62178397 1204.000000 13.000000 2856.000000 0.000000
2.17212892 -2.08939695 -0.62178397 1611.000000 18.000000 2407.000000 0.000000
2.15996790 -2.10336709 -0.62199903 1689.000000 19.000000 2217.000000 0.000000
2.16856790 -2.13784099 -0.62868798 880.000000 9.000000 4674.000000 0.000000
0.30172500 -2.20242906 -0.44701999 2573.000000 20.000000 4401.000000 0.000000
0.28681999 -2.19358802 -0.44464600 3264.000000 31.000000 4210.000000 0.000000
0.27443501 -2.20402694 -0.44658801 3467.000000 35.000000 4015.000000 0.000000
0.26307499 -2.22409511 -0.45068800 2634.000000 21.000000 3336.000000 0.000000
0.25082999 -2.23828292 -0.45349199 2598.000000 23.000000 2139.000000 0.000000
0.23647800 -2.23395300 -0.45219800 3099.000000 28.000000 2645.000000 0.000000
0.22449900 -2.25285292 -0.45608100 2959.000000 29.000000 2808.000000 0.000000
0.21067099 -2.25418806 -0.45608100 2448.000000 21.000000 2981.000000 0.000000
0.19767900 -2.26516604 -0.45823899 340.000000 2.000000 2709.000000 0.000000
0.05463500 1.64364803 -0.35945600 1876.000000 12.000000 4418.000000 0.000000
0.07020700 1.79175699 -0.39597800 3237.000000 34.000000 4073.000000 0.000000
0.08166000 1.80196500 -0.39860401 2635.000000 23.000000 5084.000000 0.000000
0.09276300 1.80239999 -0.39884201 1755.000000 13.000000 5461.000000 0.000000
0.10720500 1.86288202 -0.41388100 480.000000 3.000000 5215.000000 0.000000
0.12078200 1.89708197 -0.42247400 578.000000 4.000000 4713.000000 0.000000
0.14426801 1.89836299 -0.42319000 580.000000 4.000000 4573.000000 0.000000
2.07108808 1.96583498 -0.65711898 889.000000 13.000000 4088.000000 0.000000
2.08028102 1.95042896 -0.65616399 2018.000000 36.000000 3868.000000 0.000000
2.09861398 1.94357598 -0.65831298 1458.000000 24.000000 4488.000000 0.000000
2.10763693 1.92803705 -0.65735799 581.000000 8.000000 4196.000000 0.000000
2.05538201 1.85703599 -0.63611299 1655.000000 26.000000 3501.000000 0.000000
2.06311989 1.84115100 -0.63492000 1874.000000 30.000000 3204.000000 0.000000
2.07219601 1.82652700 -0.63420397 1520.000000 23.000000 3080.000000 0.000000
2.08848500 1.81824899 -0.63587397 600.000000 8.000000 4031.000000 0.000000
2.26502895 -2.00866294 -0.69936901 772.000000 12.000000 4735.000000 0.000000
2.24687409 -2.01734090 -0.69746000 1746.000000 32.000000 4172.000000 0.000000
2.22869802 -2.02587199 -0.69555002 1993.000000 38.000000 3535.000000 0.000000
2.21765709 -2.04082203 -0.69602799 1350.000000 23.000000 3247.000000 0.000000
2.15721297 -2.05986500 -0.68838900 854.000000 13.000000 2840.000000 0.000000
2.16970110 -2.09732699 -0.69698203 1272.000000 21.000000 2731.000000 0.000000
2.16304588 -2.11670494 -0.69913101 1453.000000 25.000000 3132.000000 0.000000
2.16590500 -2.14563608 -0.70462102 425.000000 6.000000 6358.000000 0.000000
0.30768600 -2.19604897 -0.50029099 649.000000 5.000000 5524.000000 0.000000
0.29394400 -2.19597101 -0.49981400 2249.000000 26.000000 5274.000000 0.000000
0.28071401 -2.19965911 -0.50029099 2958.000000 40.000000 5035.000000 0.000000
0.26768699 -2.20519590 -0.50124598 2366.000000 27.000000 4165.000000 0.000000
0.25573000 -2.22029996 -0.50458801 1727.000000 20.000000 3185.000000 0.000000
0.24295700 -2.22954893 -0.50649703 1885.000000 22.000000 2544.000000 0.000000
0.22937299 -2.23196292 -0.50673598 2231.000000 28.000000 3036.000000 0.000000
0.21624400 -2.23912692 -0.50816798 1975.000000 24.000000 3182.000000 0.000000
0.20321400 -2.24814796 -0.51007801 1403.000000 15.000000 4069.000000 0.000000
-0.00197600 1.67096901 -0.40998000 2372.000000 16.000000 2568.000000 0.000000
0.00842600 1.69699800 -0.41708201 2722.000000 19.000000 2435.000000 0.000000
0.01896500 1.70752704 -0.41997501 2535.000000 17.000000 2239.000000 0.000000
0.02925100 1.69676697 -0.41708201 2399.000000 16.000000 2350.000000 0.000000
0.03952100 1.69076896 -0.41550300 2284.000000 15.000000 2601.000000 0.000000
0.05080100 1.72038901 -0.42365700 2404.000000 16.000000 2972.000000 0.000000
0.06427200 1.80006897 -0.44548899 3245.000000 27.000000 2915.000000 0.000000
0.07511000 1.79482198 -0.44417399 3380.000000 29.000000 3417.000000 0.000000
0.08668500 1.80589104 -0.44733000 2577.000000 18.000000 4236.000000 0.000000
0.09839900 1.81688499 -0.45048600 825.000000 4.000000 4826.000000 0.000000
2.06517196 1.96957695 -0.73245603 2099.000000 24.000000 2926.000000 0.000000
2.07792091 1.95753002 -0.73271900 2427.000000 30.000000 2680.000000 0.000000
2.08777308 1.94277203 -0.73193002 1890.000000 21.000000 3070.000000 0.000000
2.10818195 1.93775594 -0.73508602 1138.000000 11.000000 2667.000000 0.000000
2.06500697 1.87487304 -0.71483302 1690.000000 18.000000 2588.000000 0.000000
2.05994511 1.84736001 -0.70878297 2501.000000 29.000000 2557.000000 0.000000
2.06762910 1.83148897 -0.70746797 2051.000000 22.000000 2392.000000 0.000000
2.09190392 1.83019602 -0.71220303 1506.000000 15.000000 2492.000000 0.000000
2.27181101 -2.00547409 -0.78059101 1175.000000 12.000000 4093.000000 0.000000
2.25227189 -2.01294398 -0.77796000 2391.000000 32.000000 3613.000000 0.000000
2.23916411 -2.02607799 -0.77769703 2473.000000 33.000000 2783.000000 0.000000
2.22597909 -2.03912711 -0.77743399 1484.000000 16.000000 2474.000000 0.000000
2.20763993 -2.09837389 -0.78479898 1907.000000 23.000000 2492.000000 0.000000
2.18777394 -2.10518789 -0.78216898 2047.000000 25.000000 2296.000000 0.000000
2.18172407 -2.12530708 -0.78479898 1643.000000 19.000000 2521.000000 0.000000
0.29910901 -2.18605900 -0.55596203 2148.000000 15.000000 4083.000000 0.000000
0.28593799 -2.18976593 -0.55648798 3213.000000 30.000000 3779.000000 0.000000
0.27249700 -2.19147992 -0.55648798 3224.000000 30.000000 3704.000000 0.000000
0.26107201 -2.21035790 -0.56122297 2141.000000 17.000000 2924.000000 0.000000
0.24867800 -2.22246599 -0.56411600 2024.000000 16.000000 2000.000000 0.000000
0.23604500 -2.23354506 -0.56674600 2440.000000 21.000000 2160.000000 0.000000
0.22243100 -2.23591089 -0.56700897 2397.000000 20.000000 2445.000000 0.000000
0.20861800 -2.23627400 -0.56674600 2012.000000 16.000000 2864.000000 0.000000
0.19605701 -2.25096798 -0.57042903 444.000000 2.000000 5785.000000 0.000000
0.00157700 1.69514894 -0.45915499 2169.000000 17.000000 3761.000000 0.000000
0.01200500 1.70085800 -0.46086901 2774.000000 26.000000 2910.000000 0.000000
0.02244100 1.70075202 -0.46086901 2728.000000 25.000000 2981.000000 0.000000
0.03313600 1.71591306 -0.46544099 2361.000000 20.000000 3012.000000 0.000000
0.04364200 1.71472001 -0.46515501 2254.000000 18.000000 3286.000000 0.000000
0.05458300 1.72878802 -0.46944001 2298.000000 19.000000 4033.000000 0.000000
0.06790100 1.80503798 -0.49229500 3195.000000 33.000000 3859.000000 0.000000
0.07897500 1.80458796 -0.49229500 3115.000000 32.000000 4217.000000 0.000000
0.08963600 1.79545403 -0.48972401 2545.000000 22.000000 4931.000000 0.000000
0.10199000 1.81975102 -0.49715200 900.000000 6.000000 6138.000000 0.000000
2.27664995 -2.01262498 -0.85969001 1125.000000 19.000000 4581.000000 0.000000
2.24638510 -2.01060200 -0.85254800 1705.000000 31.000000 3657.000000 0.000000
2.23045111 -2.02113509 -0.85112000 1407.000000 24.000000 2549.000000 0.000000
2.21164393 -2.02896094 -0.84854901 784.000000 12.000000 2796.000000 0.000000
2.20380807 -2.09769797 -0.86083299 1277.000000 21.000000 2897.000000 0.000000
2.19020510 -2.11051702 -0.86054802 1824.000000 34.000000 2944.000000 0.000000
2.17927408 -2.12592101 -0.86140501 1441.000000 25.000000 2922.000000 0.000000
0.29565200 -2.18313098 -0.61057001 1230.000000 12.000000 5234.000000 0.000000
0.28362000 -2.19535708 -0.61371303 2775.000000 40.000000 4908.000000 0.000000
0.26990700 -2.19515395 -0.61314100 3049.000000 48.000000 4834.000000 0.000000
0.25778699 -2.20818806 -0.61657000 2234.000000 29.000000 3869.000000 0.000000
0.24712200 -2.23544097 -0.62428302 1843.000000 22.000000 2498.000000 0.000000
0.23228800 -2.22643304 -0.62114102 2139.000000 27.000000 2667.000000 0.000000
0.21967100 -2.23830605 -0.62428302 1951.000000 24.000000 2997.000000 0.000000
0.20593300 -2.23961091 -0.62428302 1914.000000 23.000000 3297.000000 0.000000
0.19034800 -2.21983004 -0.61799800 460.000000 4.000000 5819.000000 0.000000
-0.00052600 1.70320904 -0.50802898 1077.000000 5.000000 3516.000000 0.000000
0.00986800 1.69462395 -0.50524002 2322.000000 15.000000 2407.000000 0.000000
0.02033900 1.70023501 -0.50709897 2345.000000 15.000000 2341.000000 0.000000
0.03107600 1.71623898 -0.51236701 2479.000000 17.000000 2446.000000 0.000000
0.04146300 1.71031296 -0.51050800 2296.000000 15.000000 2610.000000 0.000000
0.05189800 1.70812595 -0.50988799 2119.000000 13.000000 3029.000000 0.000000
0.06521400 1.78378606 -0.53467602 3070.000000 24.000000 3295.000000 0.000000
0.07714800 1.80614901 -0.54211199 3464.000000 31.000000 3571.000000 0.000000
0.08865300 1.81418800 -0.54490101 2515.000000 17.000000 4170.000000 0.000000
0.09930700 1.80506599 -0.54211199 1145.000000 6.000000 4354.000000 0.000000
2.26600099 -1.97917902 -0.93344897 2222.000000 29.000000 4470.000000 0.000000
2.25238991 -1.99178505 -0.93282902 2623.000000 37.000000 3451.000000 0.000000
2.24012709 -2.00556803 -0.93282902 2113.000000 26.000000 2566.000000 0.000000
2.24186206 -2.03205204 -0.93902600 942.000000 9.000000 3014.000000 0.000000
2.17706895 -2.02250600 -0.92136502 521.000000 5.000000 2956.000000 0.000000
2.25669408 -2.12250304 -0.96257401 1027.000000 10.000000 2821.000000 0.000000
2.19407105 -2.08908200 -0.94026500 2128.000000 27.000000 2432.000000 0.000000
2.18121099 -2.10250497 -0.94026500 2120.000000 26.000000 2406.000000 0.000000
2.17371106 -2.12116408 -0.94274402 1524.000000 17.000000 2676.000000 0.000000
0.29986799 -2.20585299 -0.67844498 936.000000 6.000000 4323.000000 0.000000
0.28243300 -2.17747593 -0.66852999 2721.000000 25.000000 4211.000000 0.000000
0.26929799 -2.18105602 -0.66914898 3536.000000 42.000000 4612.000000 0.000000
0.25646099 -2.18738890 -0.67069900 2872.000000 28.000000 3711.000000 0.000000
0.24647801 -2.22010803 -0.68092400 2127.000000 17.000000 2185.000000 0.000000
0.23226000 -2.21590400 -0.67906398 2383.000000 20.000000 2234.000000 0.000000
0.21893699 -2.22012711 -0.67999399 2355.000000 20.000000 2452.000000 0.000000
0.20644100 -2.23373699 -0.68402201 1986.000000 16.000000 2570.000000 0.000000
0.19265001 -2.23401403 -0.68371201 506.000000 3.000000 4944.000000 0.000000
0.00880900 1.70760798 -0.55338401 1388.000000 10.000000 3112.000000 0.000000
0.01922800 1.70091903 -0.55106002 2129.000000 17.000000 2953.000000 0.000000
0.02966400 1.70076895 -0.55106002 2166.000000 17.000000 2768.000000 0.000000
0.04010000 1.70055497 -0.55106002 2073.000000 16.000000 2837.000000 0.000000
0.05086800 1.71253502 -0.55537599 1873.000000 14.000000 3078.000000 0.000000
0.06134400 1.71124804 -0.55504400 1925.000000 15.000000 3715.000000 0.000000
0.07535200 1.79943800 -0.58625197 2757.000000 26.000000 3987.000000 0.000000
0.08540000 1.77726901 -0.57861602 2106.000000 17.000000 3924.000000 0.000000
0.09830800 1.81533396 -0.59222800 1269.000000 10.000000 4779.000000 0.000000
0.12191200 2.02940297 -0.66792297 634.000000 5.000000 4439.000000 0.000000
0.13575301 2.05026793 -0.67555898 665.000000 6.000000 3926.000000 0.000000
0.28524700 -2.17574406 -0.72469401 1457.000000 16.000000 4607.000000 0.000000
0.27224800 -2.18025994 -0.72569001 2475.000000 34.000000 4706.000000 0.000000
0.25852600 -2.17908001 -0.72469401 2676.000000 38.000000 4359.000000 0.000000
0.24504399 -2.17968798 -0.72436202 2250.000000 29.000000 4018.000000 0.000000
0.23602299 -2.22147703 -0.73863798 1934.000000 23.000000 2529.000000 0.000000
0.22238800 -2.22288299 -0.73863798 1812.000000 21.000000 2648.000000 0.000000
0.20946400 -2.23171806 -0.74129403 1668.000000 19.000000 2745.000000 0.000000
0.19610199 -2.23671889 -0.74262202 1047.000000 11.000000 3735.000000 0.000000
0.01028800 1.71363199 -0.60449803 1613.000000 9.000000 2945.000000 0.000000
0.02060900 1.69858599 -0.59880102 2329.000000 15.000000 2146.000000 0.000000
0.03117400 1.70590198 -0.60165000 2221.000000 14.000000 2303.000000 0.000000
0.04166400 1.70661294 -0.60200602 2236.000000 14.000000 2171.000000 0.000000
0.05213500 1.70632505 -0.60200602 2107.000000 13.000000 2534.000000 0.000000
0.06291900 1.71437800 -0.60521102 2016.000000 12.000000 3106.000000 0.000000
0.07714400 1.79891396 -0.63761401 3100.000000 27.000000 3632.000000 0.000000
0.08785500 1.79187298 -0.63512200 2649.000000 20.000000 4230.000000 0.000000
0.10057000 1.82208896 -0.64687300 1403.000000 8.000000 3638.000000 0.000000
0.29430300 -2.16754198 -0.78503400 888.000000 6.000000 3814.000000 0.000000
0.27944499 -2.15725899 -0.78040498 2375.000000 21.000000 4496.000000 0.000000
0.26597500 -2.15707803 -0.77969301 2833.000000 27.000000 3947.000000 0.000000
0.25273499 -2.15866899 -0.77969301 2807.000000 27.000000 3747.000000 0.000000
0.24378499 -2.19918990 -0.79464799 2053.000000 16.000000 2556.000000 0.000000
0.23096301 -2.20714998 -0.79714102 2155.000000 18.000000 2073.000000 0.000000
0.21750700 -2.20945597 -0.79749697 2383.000000 20.000000 2455.000000 0.000000
0.20445800 -2.21633196 -0.79963303 1981.000000 16.000000 2661.000000 0.000000
0.19236600 -2.23523498 -0.80639899 887.000000 6.000000 3448.000000 0.000000
0.01557900 1.76924002 -0.67255300 1633.000000 12.000000 3147.000000 0.000000
0.02559400 1.70244896 -0.64535999 1947.000000 15.000000 2608.000000 0.000000
0.03610900 1.70596302 -0.64687097 1877.000000 14.000000 2552.000000 0.000000
0.04653000 1.70385802 -0.64611602 1926.000000 15.000000 2568.000000 0.000000
0.05732900 1.71464705 -0.65064800 1786.000000 13.000000 2956.000000 0.000000
0.06826100 1.72536600 -0.65517998 1789.000000 13.000000 3498.000000 0.000000
0.08197200 1.79707003 -0.68463898 2674.000000 29.000000 3640.000000 0.000000
0.09299700 1.79653299 -0.68463898 2648.000000 28.000000 3552.000000 0.000000
0.10237300 1.76634502 -0.67255300 1713.000000 13.000000 2675.000000 0.000000
0.11868900 1.85440397 -0.70881099 938.000000 7.000000 3568.000000 0.000000
0.28800499 -2.15664911 -0.83835500 1686.000000 20.000000 3778.000000 0.000000
0.27322400 -2.14643693 -0.83344501 2245.000000 29.000000 3954.000000 0.000000
0.25993600 -2.14715505 -0.83306700 2190.000000 28.000000 3526.000000 0.000000
0.24697100 -2.15054798 -0.83382201 2101.000000 27.000000 3208.000000 0.000000
0.23773900 -2.18791604 -0.84855199 1581.000000 18.000000 2523.000000 0.000000
0.22671200 -2.21235704 -0.85799402 1961.000000 24.000000 2689.000000 0.000000
0.21331400 -2.21554899 -0.85874897 1897.000000 23.000000 2555.000000 0.000000
0.19886801 -2.20759606 -0.85497200 1609.000000 18.000000 2689.000000 0.000000
0.18824700 -2.24290895 -0.86894703 423.000000 4.000000 2609.000000 0.000000
0.02160100 1.70720899 -0.69903898 1714.000000 10.000000 2308.000000 0.000000
0.03211100 1.70887494 -0.69984299 1815.000000 11.000000 2294.000000 0.000000
0.04257300 1.70773101 -0.69944102 1950.000000 12.000000 2535.000000 0.000000
0.05316700 1.71109903 -0.70104802 1814.000000 11.000000 2699.000000 0.000000
0.06460400 1.73544705 -0.71189600 1670.000000 10.000000 3127.000000 0.000000
0.07715000 1.77801502 -0.73078001 2286.000000 16.000000 3331.000000 0.000000
0.08865700 1.78939795 -0.73600399 2758.000000 22.000000 3380.000000 0.000000
0.09824100 1.76413500 -0.72515500 1786.000000 11.000000 2874.000000 0.000000
0.11078000 1.79091704 -0.73720902 1610.000000 10.000000 2145.000000 0.000000
0.12352700 1.81578398 -0.74845898 1233.000000 7.000000 2911.000000 0.000000
0.34740901 -2.16684198 -0.91279000 1198.000000 8.000000 3402.000000 0.000000
0.33466300 -2.17255402 -0.91439801 1019.000000 7.000000 3054.000000 0.000000
0.31612700 -2.13923311 -0.89872801 1471.000000 11.000000 3806.000000 0.000000
0.30120701 -2.12843800 -0.89310300 1786.000000 14.000000 4020.000000 0.000000
0.28801900 -2.12933803 -0.89270103 1867.000000 15.000000 3321.000000 0.000000
0.27494800 -2.13106489 -0.89270103 1889.000000 15.000000 2949.000000 0.000000
0.26231101 -2.13634801 -0.89430797 1732.000000 13.000000 2597.000000 0.000000
0.24930300 -2.13882709 -0.89471000 1402.000000 10.000000 1921.000000 0.000000
0.23757300 -2.15305996 -0.90033501 1575.000000 12.000000 2333.000000 0.000000
0.22445200 -2.15538812 -0.90073699 1515.000000 11.000000 2719.000000 0.000000
0.21193200 -2.16401601 -0.90395099 1519.000000 11.000000 2440.000000 0.000000
0.19914800 -2.17074800 -0.90636200 1446.000000 10.000000 2608.000000 0.000000
0.19032000 -2.22485089 -0.92966598 1006.000000 7.000000 2365.000000 0.000000
0.03198200 1.72272301 -0.75348902 1643.000000 12.000000 2370.000000 0.000000
0.04235000 1.71343505 -0.74926001 1784.000000 13.000000 2434.000000 0.000000
0.05301700 1.71857798 -0.75179797 1741.000000 13.000000 2527.000000 0.000000
0.06340500 1.71369195 -0.74968302 1845.000000 14.000000 2730.000000 0.000000
0.07616600 1.76850104 -0.77548200 1520.000000 13.000000 2962.000000 0.000000
0.33536899 -2.16385698 -0.97130102 1324.000000 14.000000 2805.000000 0.000000
0.32060000 -2.15601707 -0.96664900 1346.000000 15.000000 2647.000000 0.000000
0.30853099 -2.16601610 -0.97045499 1118.000000 12.000000 2382.000000 0.000000
0.29250601 -2.14811993 -0.96114999 1301.000000 14.000000 2072.000000 0.000000
0.27683201 -2.13100791 -0.95226902 1447.000000 16.000000 2607.000000 0.000000
0.26205599 -2.11917996 -0.94592500 1632.000000 19.000000 2915.000000 0.000000
0.24926300 -2.12254810 -0.94677103 1412.000000 16.000000 2354.000000 0.000000
0.23633701 -2.12493801 -0.94719398 1250.000000 13.000000 2221.000000 0.000000
0.22339100 -2.12724900 -0.94761598 1521.000000 17.000000 2285.000000 0.000000
0.21097000 -2.13489103 -0.95057702 1690.000000 20.000000 2627.000000 0.000000
0.19795200 -2.13704801 -0.95099998 1988.000000 25.000000 3398.000000 0.000000
0.18547399 -2.14544296 -0.95438302 1519.000000 17.000000 2990.000000 0.000000
