-1.76694202 -1.85539997 -0.92782402 106.000000 1.000000 2002.000000 3.000000
-1.78802705 -1.85460901 -0.93316603 126.000000 1.000000 2055.000000 3.000000
-1.43704903 -1.83342803 -0.90104902 103.000000 1.000000 3983.000000 3.000000
-1.48280096 -1.82176805 -0.90898103 90.000000 1.000000 2227.000000 3.000000
-1.50100303 -1.82122302 -0.91351300 56.000000 1.000000 3156.000000 3.000000
1.00807595 -1.75636899 -0.83846003 164.000000 1.000000 2296.000000 3.000000
0.99547797 -1.75933194 -0.83685303 142.000000 1.000000 2092.000000 3.000000
0.97976398 -1.75660706 -0.83243299 75.000000 1.000000 3038.000000 3.000000
0.75893599 -1.74055004 -0.83553898 77.000000 1.000000 3061.000000 3.000000
0.52150601 -1.84984696 -0.90779299 485.000000 2.000000 3956.000000 3.000000
0.35960600 -1.76307905 -0.84659898 309.000000 1.000000 2537.000000 3.000000
0.35361800 -1.78983295 -0.85910600 156.000000 1.000000 2857.000000 3.000000
1.45696902 1.75891399 -0.75623399 81.000000 1.000000 2469.000000 3.000000
1.45866096 1.73908401 -0.75125402 125.000000 1.000000 2324.000000 3.000000
1.47661602 1.73874199 -0.75523800 104.000000 1.000000 3794.000000 3.000000
1.56439495 1.71040201 -0.76818597 117.000000 1.000000 2570.000000 3.000000
1.17936099 1.71896303 -0.74586397 219.000000 1.000000 1844.000000 3.000000
1.19202101 1.71476197 -0.74728900 180.000000 1.000000 1564.000000 3.000000
1.20305896 1.70817900 -0.74764502 209.000000 1.000000 1948.000000 3.000000
1.21623397 1.70456696 -0.74942499 187.000000 1.000000 3174.000000 3.000000
1.38443303 1.72963202 -0.79571599 152.000000 1.000000 2082.000000 3.000000
1.39502001 1.72110403 -0.79571599 149.000000 1.000000 1891.000000 3.000000
-1.18438303 1.69006705 -0.79265499 1206.000000 11.000000 5158.000000 3.000000
-1.17187798 1.69426000 -0.79114503 1451.000000 14.000000 5825.000000 3.000000
1.01559305 1.70881104 -0.76168603 197.000000 1.000000 2289.000000 3.000000
1.02653503 1.70334196 -0.76206303 194.000000 1.000000 2055.000000 3.000000
1.03793001 1.69859302 -0.76281899 147.000000 1.000000 1939.000000 3.000000
1.05222094 1.69849801 -0.76583999 129.000000 1.000000 2395.000000 3.000000
1.07194805 1.70692694 -0.77301598 107.000000 1.000000 2786.000000 3.000000
-1.13954198 1.73026800 -0.85895097 173.000000 1.000000 1835.000000 3.000000
-1.11843598 1.72109604 -0.85051298 208.000000 1.000000 2203.000000 3.000000
-1.09254897 1.70401800 -0.83805799 276.000000 1.000000 2413.000000 3.000000
-1.06243706 1.72618103 -0.83926302 262.000000 1.000000 2148.000000 3.000000
-1.05372405 1.73579895 -0.84087002 175.000000 1.000000 2232.000000 3.000000
-1.03600502 1.73044205 -0.83484399 94.000000 1.000000 3304.000000 3.000000
-1.01951897 1.72414601 -0.88417602 435.000000 3.000000 3225.000000 3.000000
-1.00159204 1.71785998 -0.87740898 281.000000 2.000000 2207.000000 3.000000
-0.98740602 1.71769595 -0.87402600 224.000000 1.000000 2484.000000 3.000000
-0.90782303 1.72324598 -0.85837698 127.000000 1.000000 2169.000000 3.000000
-0.89345902 1.72155297 -0.85457098 163.000000 1.000000 2046.000000 3.000000
-0.88826400 1.73748004 -0.86006898 103.000000 1.000000 2600.000000 3.000000
0.35397699 1.72328699 -0.77040702 202.000000 1.000000 2199.000000 3.000000
0.36398700 1.71842206 -0.76913798 217.000000 1.000000 1948.000000 3.000000
0.37395099 1.71349895 -0.76786900 281.000000 2.000000 2057.000000 3.000000
0.38327900 1.70586395 -0.76533198 336.000000 2.000000 1954.000000 3.000000
0.39373901 1.70348096 -0.76533198 401.000000 2.000000 1950.000000 3.000000
0.40314701 1.69662201 -0.76321697 439.000000 3.000000 2118.000000 3.000000
0.41418800 1.69675899 -0.76448601 384.000000 2.000000 2027.000000 3.000000
0.43353599 1.73024499 -0.78182602 200.000000 1.000000 1832.000000 3.000000
0.44392100 1.72667396 -0.78140301 178.000000 1.000000 1944.000000 3.000000
0.45450699 1.72391796 -0.78140301 183.000000 1.000000 1790.000000 3.000000
0.46484199 1.72022104 -0.78097999 246.000000 1.000000 1782.000000 3.000000
0.47562799 1.71821105 -0.78140301 222.000000 1.000000 1858.000000 3.000000
0.48689699 1.71787703 -0.78267199 203.000000 1.000000 2072.000000 3.000000
0.49667701 1.71224499 -0.78140301 191.000000 1.000000 2407.000000 3.000000
0.50870800 1.71438098 -0.78394097 134.000000 1.000000 3066.000000 3.000000
-0.60072601 1.68569696 -0.84168601 174.000000 1.000000 2474.000000 3.000000
-0.58742702 1.68090200 -0.83721900 246.000000 1.000000 1982.000000 3.000000
-0.57710201 1.68447495 -0.83721900 233.000000 1.000000 1927.000000 3.000000
-0.56590301 1.68543899 -0.83587903 235.000000 1.000000 1826.000000 3.000000
-0.55248201 1.67952800 -0.83096600 201.000000 1.000000 1845.000000 3.000000
-0.54189301 1.68203497 -0.83051902 213.000000 1.000000 1984.000000 3.000000
-0.53451502 1.69471705 -0.83543301 247.000000 1.000000 1952.000000 3.000000
-0.52200103 1.69112396 -0.83185899 190.000000 1.000000 2211.000000 3.000000
-0.51213002 1.69600797 -0.83275300 155.000000 1.000000 2335.000000 3.000000
-0.50322998 1.70426798 -0.83543301 187.000000 1.000000 2675.000000 3.000000
-0.49177399 1.70388496 -0.83364600 172.000000 1.000000 2634.000000 3.000000
-0.19249400 1.66121602 -0.78317302 297.000000 1.000000 3308.000000 3.000000
-0.18597500 1.69616497 -0.80014598 449.000000 2.000000 3352.000000 3.000000
-0.17602099 1.70172501 -0.80237901 676.000000 3.000000 3523.000000 3.000000
-0.13399699 1.70285594 -0.80103898 428.000000 2.000000 2568.000000 3.000000
-0.12354600 1.70364594 -0.80103898 440.000000 2.000000 2412.000000 3.000000
-0.11297300 1.70258605 -0.80014598 400.000000 2.000000 3465.000000 3.000000
-0.09230900 1.70831203 -0.80237901 474.000000 2.000000 2508.000000 3.000000
-0.08153100 1.70258999 -0.79925299 386.000000 1.000000 1849.000000 3.000000
0.12830900 1.71047199 -0.80461299 272.000000 1.000000 2188.000000 3.000000
0.13807100 1.70073497 -0.80014598 365.000000 1.000000 2046.000000 3.000000
0.14842500 1.69896495 -0.79969901 358.000000 1.000000 1880.000000 3.000000
0.15884700 1.69802201 -0.79969901 366.000000 1.000000 1778.000000 3.000000
0.16935299 1.69790602 -0.80014598 369.000000 1.000000 1927.000000 3.000000
0.18005200 1.69950294 -0.80148602 326.000000 1.000000 2004.000000 3.000000
0.19258600 1.71703601 -0.81086600 236.000000 1.000000 2324.000000 3.000000
0.20375399 1.72115302 -0.81354600 242.000000 1.000000 2797.000000 3.000000
