-1.26695204 -1.90262699 -0.75689799 1020.000000 10.000000 5236.000000 0.000000
-1.28228605 -1.90029705 -0.75922197 1974.000000 24.000000 4467.000000 0.000000
-1.29073596 -1.88771605 -0.75722998 2484.000000 34.000000 4488.000000 0.000000
-1.30122304 -1.87820804 -0.75656599 2373.000000 31.000000 4317.000000 0.000000
-1.30947900 -1.86555004 -0.75457400 960.000000 10.000000 5641.000000 0.000000
-1.33062398 -1.84704196 -0.75357801 1020.000000 10.000000 4725.000000 0.000000
-1.34193206 -1.83884203 -0.75357801 1552.000000 17.000000 4135.000000 0.000000
-1.26388502 -1.91661596 -0.82634002 2448.000000 22.000000 3724.000000 0.000000
-1.27458203 -1.90727103 -0.82562798 2871.000000 29.000000 3764.000000 0.000000
-1.28626096 -1.89941502 -0.82562798 2458.000000 22.000000 3440.000000 0.000000
-1.30582905 -1.90304005 -0.83096898 1163.000000 8.000000 4861.000000 0.000000
-1.31293094 -1.83990502 -0.81280899 1485.000000 11.000000 4563.000000 0.000000
-1.32255197 -1.82954299 -0.81173998 2387.000000 21.000000 3784.000000 0.000000
-1.26181698 -1.93056297 -0.89160699 1565.000000 18.000000 4115.000000 0.000000
-1.26853895 -1.91505599 -0.88783097 1835.000000 22.000000 4756.000000 0.000000
-1.31772196 -1.83843100 -0.87347901 1615.000000 18.000000 4169.000000 0.000000
-1.33386099 -1.83706295 -0.87687802 1408.000000 15.000000 4504.000000 0.000000
-1.22212398 -1.90158796 -0.94171900 1061.000000 7.000000 2964.000000 0.000000
-1.22703099 -1.98486495 -1.11325896 741.000000 6.000000 4716.000000 0.000000
-1.25042403 -2.04673505 -1.21596503 468.000000 6.000000 4570.000000 0.000000
-1.22675502 -1.98034000 -1.17950201 1249.000000 16.000000 3645.000000 0.000000
-1.23419595 -1.96528101 -1.17482805 1804.000000 25.000000 3401.000000 0.000000
-1.24670506 -1.95841801 -1.17529500 1603.000000 22.000000 3506.000000 0.000000
-1.27303505 -1.97304201 -1.18931901 584.000000 7.000000 4036.000000 0.000000
-1.29278398 -1.85011196 -1.14117002 939.000000 11.000000 3497.000000 0.000000
-1.30767703 -1.84720194 -1.14444196 1091.000000 14.000000 3987.000000 0.000000
-1.20059800 -1.99258995 -1.25684202 806.000000 6.000000 3169.000000 0.000000
-1.19461405 -1.95545495 -1.23721194 1204.000000 10.000000 2857.000000 0.000000
-1.20796800 -1.95030999 -1.23868406 1681.000000 16.000000 3171.000000 0.000000
-1.19579506 -1.90450501 -1.21316504 1213.000000 10.000000 3506.000000 0.000000
-1.23040497 -1.93313503 -1.23721194 1409.000000 13.000000 2947.000000 0.000000
-1.26777399 -1.96507001 -1.26371205 926.000000 8.000000 3911.000000 0.000000
-1.42479002 -2.12143898 -1.38591003 953.000000 11.000000 4674.000000 0.000000
-1.33033597 -1.95496702 -1.27843499 1359.000000 15.000000 4543.000000 0.000000
-1.31805003 -1.91163301 -1.25438797 1345.000000 12.000000 3609.000000 0.000000
-1.29180002 -1.84924805 -1.21709096 1798.000000 17.000000 3712.000000 0.000000
-1.15825403 -1.96500194 -1.30078304 888.000000 11.000000 4058.000000 0.000000
-1.15358102 -1.92978299 -1.28137600 965.000000 12.000000 4039.000000 0.000000
-1.16406798 -1.92045999 -1.27984405 1076.000000 13.000000 3352.000000 0.000000
-1.16999602 -1.90374696 -1.27320504 1148.000000 15.000000 3193.000000 0.000000
-1.19706404 -1.92137301 -1.29056895 975.000000 12.000000 3271.000000 0.000000
-1.21020401 -1.91617501 -1.29210103 864.000000 10.000000 2918.000000 0.000000
-1.22471201 -1.91306305 -1.29516494 867.000000 10.000000 2747.000000 0.000000
-1.24202597 -1.91417801 -1.30129302 794.000000 9.000000 2588.000000 0.000000
-1.27965403 -1.94608104 -1.32938194 596.000000 8.000000 2651.000000 0.000000
-1.36811304 -2.05352592 -1.41160297 487.000000 7.000000 2443.000000 0.000000
-1.33462596 -1.97660398 -1.36257696 948.000000 14.000000 3692.000000 0.000000
-1.34091902 -1.95985198 -1.35644805 882.000000 13.000000 3728.000000 0.000000
-1.28989995 -1.86032200 -1.29056895 1110.000000 14.000000 2955.000000 0.000000
-1.33234000 -1.89675403 -1.32274306 882.000000 13.000000 3613.000000 0.000000
-1.18037796 -1.98263204 -1.40169799 1051.000000 11.000000 3076.000000 0.000000
-1.16714895 -1.93338394 -1.37073100 1225.000000 11.000000 2971.000000 0.000000
-1.18826997 -1.94132400 -1.38194299 1418.000000 16.000000 2504.000000 0.000000
-1.19971299 -1.93327904 -1.38140905 1366.000000 15.000000 2299.000000 0.000000
-1.20929897 -1.92230403 -1.37873900 1176.000000 10.000000 2432.000000 0.000000
-1.21970606 -1.91270995 -1.37713802 965.000000 8.000000 2251.000000 0.000000
-1.23371696 -1.90873897 -1.37980700 964.000000 8.000000 2333.000000 0.000000
-1.25839102 -1.92092896 -1.39475703 890.000000 9.000000 3078.000000 0.000000
-1.27904797 -1.92655003 -1.40490103 914.000000 9.000000 3397.000000 0.000000
-1.28989995 -1.91726303 -1.40383303 1009.000000 10.000000 3593.000000 0.000000
-1.29305899 -1.89674199 -1.39422297 1082.000000 11.000000 2918.000000 0.000000
-1.29745805 -1.87834203 -1.38621402 1088.000000 11.000000 3211.000000 0.000000
-1.33855999 -1.91258395 -1.41878295 1110.000000 12.000000 3653.000000 0.000000
-1.32677400 -1.87124097 -1.39315498 1096.000000 12.000000 3991.000000 0.000000
-0.35654399 -1.88593602 -0.96259803 1028.000000 9.000000 3347.000000 0.000000
-0.37012100 -1.89412796 -0.96820700 1167.000000 11.000000 3196.000000 0.000000
-0.34435400 -1.89095604 -1.02913296 1529.000000 10.000000 3104.000000 0.000000
-0.35643601 -1.89137602 -1.03060496 904.000000 5.000000 3468.000000 0.000000
-0.36034200 -1.84981894 -1.00803101 757.000000 4.000000 3778.000000 0.000000
-0.36771801 -1.82792997 -0.99674302 1488.000000 10.000000 2634.000000 0.000000
-0.38070399 -1.83416903 -1.00165105 759.000000 4.000000 4081.000000 0.000000
-0.34092200 -1.90507305 -1.09548402 712.000000 6.000000 3119.000000 0.000000
-0.35508001 -1.91647696 -1.10365498 356.000000 3.000000 4473.000000 0.000000
-0.35675800 -1.86104202 -1.07148194 725.000000 6.000000 3505.000000 0.000000
-0.36288801 -1.83181798 -1.05513895 1072.000000 10.000000 2679.000000 0.000000
-0.37888801 -1.85315299 -1.06943905 464.000000 4.000000 3875.000000 0.000000
-0.26182401 -1.97303200 -1.20148098 525.000000 3.000000 3251.000000 0.000000
-0.27146801 -1.95380199 -1.19026899 1015.000000 7.000000 2854.000000 0.000000
-0.28113201 -1.93620300 -1.18012500 1267.000000 9.000000 2557.000000 0.000000
-0.29135200 -1.92357504 -1.17318404 1366.000000 9.000000 2507.000000 0.000000
-0.30420899 -1.92843199 -1.17745495 1227.000000 9.000000 2394.000000 0.000000
-0.31988499 -1.94988894 -1.19240499 872.000000 6.000000 2645.000000 0.000000
-0.35622901 -2.09040594 -1.28370297 551.000000 4.000000 3331.000000 0.000000
-0.33832401 -1.91501296 -1.17264998 795.000000 4.000000 3025.000000 0.000000
-0.33661899 -1.83971798 -1.12566602 1335.000000 9.000000 2274.000000 0.000000
-0.34932300 -1.84509397 -1.13047099 801.000000 5.000000 2901.000000 0.000000
-0.24964800 -2.00685906 -1.28766704 768.000000 8.000000 2992.000000 0.000000
-0.26015499 -1.99124503 -1.27825904 690.000000 7.000000 2852.000000 0.000000
-0.26859000 -1.96154499 -1.25944400 996.000000 11.000000 2750.000000 0.000000
-0.28259599 -1.97388101 -1.26885200 1143.000000 12.000000 2652.000000 0.000000
-0.29227701 -1.95562899 -1.25778401 1020.000000 11.000000 2620.000000 0.000000
-0.30427101 -1.95379901 -1.25778401 826.000000 8.000000 2672.000000 0.000000
-0.32505399 -2.00700307 -1.29486096 536.000000 5.000000 2819.000000 0.000000
-0.32561600 -1.86332202 -1.20078397 843.000000 7.000000 2748.000000 0.000000
-0.33323500 -1.83997095 -1.18639600 950.000000 9.000000 2647.000000 0.000000
-0.38905600 -2.07868600 -1.34909296 522.000000 6.000000 2318.000000 0.000000
-0.16800199 -1.99815297 -1.35566902 990.000000 7.000000 2783.000000 0.000000
-0.17892601 -1.98243105 -1.34530103 1027.000000 7.000000 2956.000000 0.000000
-0.20273501 -1.97520697 -1.34184504 1125.000000 8.000000 2459.000000 0.000000
-0.21494000 -1.97473896 -1.34242105 1007.000000 7.000000 2449.000000 0.000000
-0.22658300 -1.96932304 -1.33954096 1144.000000 8.000000 2570.000000 0.000000
-0.23747399 -1.95815802 -1.33262897 1315.000000 10.000000 2414.000000 0.000000
-0.24979700 -1.95909703 -1.33435702 1494.000000 12.000000 2458.000000 0.000000
-0.26170400 -1.95671701 -1.33378100 1502.000000 12.000000 2244.000000 0.000000
-0.27324900 -1.95183599 -1.33147705 1249.000000 9.000000 2274.000000 0.000000
-0.28272301 -1.93313897 -1.31938100 894.000000 6.000000 2430.000000 0.000000
-0.29470301 -1.93217599 -1.31995702 859.000000 6.000000 2571.000000 0.000000
-0.30140099 -1.89804196 -1.29691601 876.000000 6.000000 2268.000000 0.000000
-0.30367801 -1.83970702 -1.25659597 1136.000000 7.000000 1972.000000 0.000000
-0.33202201 -1.93689704 -1.32744503 660.000000 4.000000 2310.000000 0.000000
-0.28800401 -1.90911901 -1.37120402 980.000000 11.000000 2514.000000 0.000000
-0.29565799 -1.88110399 -1.35157001 927.000000 10.000000 2696.000000 0.000000
-0.30693901 -1.87766695 -1.35037994 748.000000 8.000000 2429.000000 0.000000
0.64806300 -1.80417597 -0.62708700 1430.000000 11.000000 4611.000000 0.000000
0.59330899 -1.86453402 -0.64103103 1028.000000 8.000000 5186.000000 0.000000
0.61685097 -1.79272401 -0.67393500 2051.000000 13.000000 3416.000000 0.000000
0.60852098 -1.80444598 -0.67714000 2159.000000 14.000000 2840.000000 0.000000
0.59860802 -1.81169605 -0.67856401 1984.000000 13.000000 3507.000000 0.000000
0.60011297 -1.85446203 -0.69423199 569.000000 3.000000 6395.000000 0.000000
0.62932301 -1.77296901 -0.71825302 1397.000000 11.000000 4791.000000 0.000000
0.62210798 -1.78728294 -0.72278500 1873.000000 16.000000 4040.000000 0.000000
0.62737900 -1.83835304 -0.74317902 2187.000000 20.000000 4382.000000 0.000000
0.61106300 -1.82725000 -0.73675901 2014.000000 18.000000 4262.000000 0.000000
0.60680401 -1.85206795 -0.74582303 1459.000000 12.000000 4631.000000 0.000000
0.63885301 -1.75395894 -0.76894999 1138.000000 6.000000 4814.000000 0.000000
0.64468300 -1.80442500 -0.79064697 1885.000000 12.000000 3885.000000 0.000000
0.64326900 -1.83600795 -0.80350399 1959.000000 14.000000 3994.000000 0.000000
0.64089799 -1.86590898 -0.81555802 2409.000000 19.000000 3924.000000 0.000000
0.62389702 -1.85331297 -0.80792397 1917.000000 13.000000 3908.000000 0.000000
0.62024200 -1.88059199 -0.81877202 675.000000 4.000000 5866.000000 0.000000
0.67060298 -1.80354798 -0.84738100 300.000000 2.000000 4417.000000 0.000000
0.64483899 -1.76765096 -0.82750303 1135.000000 9.000000 3815.000000 0.000000
0.64995700 -1.81590402 -0.84949601 1461.000000 14.000000 3534.000000 0.000000
0.64333200 -1.83267403 -0.85584003 1464.000000 14.000000 3576.000000 0.000000
0.64127398 -1.86312902 -0.86895102 1967.000000 21.000000 3488.000000 0.000000
0.62778997 -1.86102200 -0.86598998 1440.000000 14.000000 3466.000000 0.000000
0.63152802 -1.91040695 -0.88840598 423.000000 3.000000 5195.000000 0.000000
0.66724801 -1.80241001 -0.90779299 2162.000000 16.000000 3881.000000 0.000000
0.67324799 -1.85357594 -0.93280602 1882.000000 13.000000 3798.000000 0.000000
0.66485900 -1.86610198 -0.93727201 2396.000000 19.000000 3797.000000 0.000000
0.64691699 -1.85156000 -0.92744601 2256.000000 17.000000 3804.000000 0.000000
0.64538097 -1.88427997 -0.94263202 1570.000000 10.000000 4281.000000 0.000000
0.67791098 -1.80508399 -0.96727198 951.000000 8.000000 4131.000000 0.000000
0.66589898 -1.80672300 -0.96587002 1206.000000 11.000000 3629.000000 0.000000
0.66115302 -1.82821798 -0.97568703 1077.000000 10.000000 3610.000000 0.000000
0.66389900 -1.87136805 -0.99765801 1652.000000 17.000000 3621.000000 0.000000
0.65240401 -1.87540603 -0.99765801 1713.000000 18.000000 3764.000000 0.000000
0.63858700 -1.87268496 -0.99391800 1061.000000 10.000000 3565.000000 0.000000
0.63413501 -1.89751399 -1.00560498 786.000000 7.000000 4046.000000 0.000000
0.68998802 -1.80047095 -1.03256798 1810.000000 13.000000 3735.000000 0.000000
0.67984599 -1.80711806 -1.03404105 1464.000000 10.000000 3931.000000 0.000000
0.70759797 -1.91672397 -1.09734702 731.000000 5.000000 4504.000000 0.000000
0.67242700 -1.85629594 -1.05857801 1751.000000 12.000000 3676.000000 0.000000
0.66364402 -1.86777794 -1.06299496 2060.000000 15.000000 3626.000000 0.000000
0.65245700 -1.87263799 -1.06348598 2043.000000 15.000000 3594.000000 0.000000
0.63758200 -1.86670899 -1.05759704 1216.000000 7.000000 3619.000000 0.000000
0.64764202 -1.93504798 -1.09587502 572.000000 4.000000 4236.000000 0.000000
0.69526601 -1.79784501 -1.09088802 912.000000 8.000000 3401.000000 0.000000
0.68821299 -1.81251705 -1.09752703 902.000000 8.000000 3204.000000 0.000000
0.67606300 -1.88390505 -1.13480794 834.000000 8.000000 3245.000000 0.000000
0.66161901 -1.87991405 -1.12970102 1399.000000 16.000000 3270.000000 0.000000
0.65063602 -1.88556194 -1.13072205 1380.000000 15.000000 3058.000000 0.000000
0.64376700 -1.90335405 -1.13940406 857.000000 9.000000 3082.000000 0.000000
0.63153201 -1.90563703 -1.13838196 728.000000 7.000000 3362.000000 0.000000
0.68957603 -2.12276006 -1.27167296 530.000000 6.000000 3790.000000 0.000000
0.71127498 -1.79446995 -1.16357398 1323.000000 8.000000 3048.000000 0.000000
0.71709001 -1.84214997 -1.19293904 959.000000 7.000000 3026.000000 0.000000
0.75277698 -1.96976101 -1.27622902 739.000000 5.000000 3559.000000 0.000000
0.71921802 -1.95345294 -1.25914395 845.000000 6.000000 2765.000000 0.000000
0.68198699 -1.88783002 -1.21215999 984.000000 7.000000 3027.000000 0.000000
0.66588098 -1.87922394 -1.20361698 1301.000000 10.000000 3081.000000 0.000000
0.65461498 -1.88407302 -1.20415103 1458.000000 11.000000 2999.000000 0.000000
0.63814598 -1.87364399 -1.19454098 1614.000000 13.000000 3413.000000 0.000000
0.63251400 -1.89517295 -1.20628703 1366.000000 10.000000 3057.000000 0.000000
0.62611699 -1.91509604 -1.21696496 880.000000 6.000000 2788.000000 0.000000
0.61409700 -1.91809595 -1.21643102 927.000000 6.000000 3517.000000 0.000000
0.63688099 -2.03239012 -1.28957701 1062.000000 9.000000 3762.000000 0.000000
0.73686802 -1.84837794 -1.26608503 947.000000 10.000000 2969.000000 0.000000
0.73742503 -1.88308597 -1.28766704 751.000000 8.000000 3246.000000 0.000000
0.72736001 -1.89145899 -1.29043400 666.000000 7.000000 3610.000000 0.000000
0.71130198 -1.88420701 -1.28213298 947.000000 10.000000 3378.000000 0.000000
0.70205599 -1.89477897 -1.28656006 1092.000000 12.000000 3222.000000 0.000000
0.68755299 -1.89122999 -1.28102601 917.000000 10.000000 3138.000000 0.000000
0.67340201 -1.88835800 -1.27604604 903.000000 9.000000 3139.000000 0.000000
0.65931302 -1.88538396 -1.27106500 1025.000000 11.000000 2991.000000 0.000000
0.64338100 -1.87679696 -1.26221097 1305.000000 15.000000 3004.000000 0.000000
0.63131899 -1.87913203 -1.26110399 1116.000000 12.000000 3043.000000 0.000000
0.61899102 -1.88059795 -1.25944400 1195.000000 13.000000 3085.000000 0.000000
0.60743999 -1.88436103 -1.25944400 1114.000000 12.000000 3152.000000 0.000000
0.60041100 -1.90234005 -1.26940501 857.000000 9.000000 3138.000000 0.000000
0.59194601 -1.91632605 -1.27659905 750.000000 8.000000 3250.000000 0.000000
0.56876898 -1.88247395 -1.25058997 597.000000 6.000000 3822.000000 0.000000
0.64306599 -1.85695302 -1.32744503 1231.000000 9.000000 2347.000000 0.000000
0.63349497 -1.86628306 -1.33147705 982.000000 7.000000 2565.000000 0.000000
0.61559600 -1.85073900 -1.31707597 1182.000000 9.000000 3051.000000 0.000000
1.68817198 -1.79575396 -0.68856299 635.000000 7.000000 6459.000000 0.000000
1.64258504 -1.81304896 -0.68313497 1097.000000 13.000000 6004.000000 0.000000
1.66591799 -1.77114904 -0.74537200 1566.000000 14.000000 4426.000000 0.000000
1.65372503 -1.77994394 -0.74475199 2106.000000 21.000000 4043.000000 0.000000
1.75862396 -1.77418602 -0.83159697 102.000000 1.000000 2551.000000 0.000000
1.74902701 -1.78628898 -0.83226103 84.000000 1.000000 2718.000000 0.000000
1.66084898 -1.78182697 -0.80968601 1402.000000 18.000000 3505.000000 0.000000
1.64476395 -1.78644097 -0.80703002 656.000000 7.000000 4742.000000 0.000000
1.69564998 -1.91082203 -0.85151702 1010.000000 15.000000 3302.000000 0.000000
1.65461802 -1.88789594 -0.83591300 852.000000 10.000000 4722.000000 0.000000
1.65166199 -1.90798402 -0.84056097 744.000000 9.000000 4957.000000 0.000000
1.66868103 -1.77470398 -0.87975299 2324.000000 24.000000 3803.000000 0.000000
1.65776002 -1.78490996 -0.87975299 903.000000 7.000000 5289.000000 0.000000
1.67792797 -1.79140401 -0.95203602 1456.000000 19.000000 4074.000000 0.000000
1.69205701 -1.77944303 -1.02730000 680.000000 5.000000 4123.000000 0.000000
1.68298697 -1.79179502 -1.02850497 1512.000000 13.000000 3744.000000 0.000000
1.83784997 -1.90413201 -1.18446004 1135.000000 19.000000 5641.000000 0.000000
1.70170796 -1.80732000 -1.10790896 1103.000000 16.000000 3494.000000 0.000000
1.69429600 -1.82170200 -1.11044598 758.000000 11.000000 4266.000000 0.000000
1.81025100 -1.88387704 -1.25261903 1407.000000 17.000000 5482.000000 0.000000
1.71924496 -1.81119597 -1.19499898 1697.000000 20.000000 3885.000000 0.000000
1.59984505 -1.70612800 -1.11593902 1884.000000 18.000000 4407.000000 0.000000
1.58075905 -1.74923396 -1.12531900 1040.000000 9.000000 3699.000000 0.000000
1.67657197 -1.87844205 -1.20527196 1418.000000 15.000000 3019.000000 0.000000
1.66915298 -1.89339399 -1.20839906 1281.000000 14.000000 3118.000000 0.000000
1.65691698 -1.90292501 -1.20795202 1295.000000 14.000000 3041.000000 0.000000
1.57991302 -1.83704400 -1.15792596 1460.000000 16.000000 4191.000000 0.000000
1.72778404 -1.82292104 -1.27579999 916.000000 13.000000 3262.000000 0.000000
1.71475005 -1.83155501 -1.27439797 907.000000 13.000000 3296.000000 0.000000
1.69692302 -1.85767400 -1.27813804 944.000000 14.000000 3814.000000 0.000000
2.66816092 -1.85089898 -0.67334998 1582.000000 22.000000 2983.000000 0.000000
2.67352605 -1.87903297 -0.67788100 640.000000 8.000000 5348.000000 0.000000
2.69404697 -1.85366404 -0.75904500 1324.000000 25.000000 4499.000000 0.000000
2.67624402 -1.86572397 -0.75713599 1932.000000 40.000000 4538.000000 0.000000
2.67875004 -1.76311600 -0.82872498 1423.000000 19.000000 4068.000000 0.000000
2.61935401 -1.77044702 -0.81636298 350.000000 4.000000 2671.000000 0.000000
2.64576793 -1.83603001 -0.83240801 390.000000 4.000000 2359.000000 0.000000
2.63918710 -1.85556102 -0.83398598 461.000000 5.000000 3536.000000 0.000000
2.60605001 -1.88046503 -0.83056700 344.000000 4.000000 4599.000000 0.000000
2.67805409 -1.76502705 -0.90997201 1213.000000 22.000000 4655.000000 0.000000
2.70681000 -1.85622096 -0.93225503 1522.000000 29.000000 4401.000000 0.000000
2.69536901 -1.87279499 -0.93225503 1648.000000 33.000000 4322.000000 0.000000
2.68931794 -1.89315295 -0.93425500 651.000000 11.000000 5684.000000 0.000000
2.69076610 -1.75077105 -0.99913597 1682.000000 24.000000 3929.000000 0.000000
2.71092105 -1.78767395 -1.01121998 449.000000 5.000000 4033.000000 0.000000
2.70701289 -1.80903196 -1.01400900 913.000000 11.000000 4553.000000 0.000000
2.73127890 -1.84961295 -1.02795196 1502.000000 22.000000 4244.000000 0.000000
2.71674299 -1.86418402 -1.02671301 2166.000000 36.000000 3985.000000 0.000000
2.70915604 -1.88353395 -1.02826202 1522.000000 22.000000 4367.000000 0.000000
2.67656708 -1.88532996 -1.01989603 644.000000 8.000000 4169.000000 0.000000
2.69713712 -1.94980204 -1.03755701 1140.000000 16.000000 4880.000000 0.000000
2.61303592 -1.91348100 -1.00843203 1280.000000 17.000000 5230.000000 0.000000
2.58445096 -1.91700995 -1.00161505 592.000000 7.000000 5022.000000 0.000000
2.71956396 -1.73756599 -1.08823097 1413.000000 27.000000 5897.000000 0.000000
2.70251203 -1.75012600 -1.08557498 1637.000000 33.000000 5560.000000 0.000000
2.69093299 -1.76615906 -1.08524299 1324.000000 25.000000 5184.000000 0.000000
2.69105101 -1.78993702 -1.08989096 870.000000 15.000000 4979.000000 0.000000
2.71211410 -1.82799101 -1.10350204 1029.000000 19.000000 4414.000000 0.000000
2.71877789 -1.85681105 -1.11113799 1335.000000 26.000000 4330.000000 0.000000
2.69491196 -1.86488497 -1.10582602 1048.000000 19.000000 3754.000000 0.000000
2.67568803 -1.87598002 -1.10250604 956.000000 18.000000 4091.000000 0.000000
2.68490911 -1.90708494 -1.11146998 667.000000 12.000000 4511.000000 0.000000
2.66932511 -1.92077398 -1.10980999 761.000000 14.000000 4765.000000 0.000000
2.64757109 -1.92990601 -1.10549402 1074.000000 20.000000 5448.000000 0.000000
2.63188195 -1.94331801 -1.10383403 1007.000000 19.000000 5511.000000 0.000000
2.60100603 -1.94532895 -1.09553504 510.000000 9.000000 6014.000000 0.000000
2.85229897 -1.75852704 -1.22836101 1316.000000 19.000000 4928.000000 0.000000
2.84224701 -1.77649105 -1.22871697 1295.000000 18.000000 5402.000000 0.000000
2.79350591 -1.79405701 -1.21660995 1493.000000 22.000000 3781.000000 0.000000
2.78009701 -1.80963302 -1.21554101 1228.000000 17.000000 4745.000000 0.000000
2.77673888 -1.83180594 -1.21910203 1301.000000 18.000000 4472.000000 0.000000
2.69166708 -1.79944205 -1.18527400 1682.000000 26.000000 4697.000000 0.000000
2.68289590 -1.81749701 -1.18634200 1650.000000 25.000000 4536.000000 0.000000
2.68863797 -1.84556603 -1.19417596 1368.000000 20.000000 3458.000000 0.000000
2.68569899 -1.86790097 -1.19809306 1424.000000 21.000000 2689.000000 0.000000
2.67113304 -1.88219094 -1.19666898 1608.000000 24.000000 3162.000000 0.000000
2.69450808 -1.92353404 -1.21304905 1312.000000 19.000000 4018.000000 0.000000
-1.29262304 1.57670498 -0.84448600 1504.000000 10.000000 4297.000000 0.000000
-1.28119695 1.58247006 -0.84328097 2235.000000 17.000000 3859.000000 0.000000
-1.31095505 1.55732000 -0.89940202 337.000000 2.000000 3551.000000 0.000000
-1.29498601 1.55768299 -0.89475000 1014.000000 9.000000 4010.000000 0.000000
-1.28309798 1.56280303 -0.89305800 1671.000000 17.000000 3281.000000 0.000000
-1.27691805 1.57486296 -0.89559501 1367.000000 13.000000 2849.000000 0.000000
-1.27165902 1.51546299 -0.93593299 994.000000 6.000000 4110.000000 0.000000
-1.25891399 1.51910198 -0.93325299 1978.000000 14.000000 4727.000000 0.000000
-1.25296700 1.53095496 -0.93593299 2057.000000 15.000000 4339.000000 0.000000
-1.24354899 1.53861403 -0.93593299 2067.000000 15.000000 4595.000000 0.000000
-1.21958697 1.52802396 -0.92431903 790.000000 4.000000 4183.000000 0.000000
-1.25782299 1.50316596 -0.98410100 1491.000000 15.000000 3905.000000 0.000000
-1.24857605 1.51085603 -0.98410100 1520.000000 15.000000 4431.000000 0.000000
-1.23928201 1.51848900 -0.98410100 1483.000000 15.000000 4194.000000 0.000000
-1.24662900 1.54667604 -0.99812502 650.000000 5.000000 3864.000000 0.000000
-1.28325403 1.51300597 -1.06397605 1239.000000 8.000000 4237.000000 0.000000
-1.24934900 1.49144495 -1.04238296 2444.000000 20.000000 4855.000000 0.000000
-1.24461401 1.50445700 -1.04630899 2842.000000 25.000000 4843.000000 0.000000
-1.22764802 1.50261295 -1.03943896 1937.000000 14.000000 4385.000000 0.000000
-1.25011003 1.54947102 -1.06790197 799.000000 5.000000 4078.000000 0.000000
-1.26139998 1.47797596 -1.10008001 846.000000 7.000000 3894.000000 0.000000
-1.24564004 1.47781396 -1.09395194 1475.000000 15.000000 4136.000000 0.000000
-1.23268795 1.48081303 -1.09037697 1611.000000 16.000000 3849.000000 0.000000
-1.23069596 1.49696600 -1.09701598 1307.000000 13.000000 3929.000000 0.000000
-1.24425006 1.45134795 -1.15182805 1565.000000 11.000000 4419.000000 0.000000
-1.22658706 1.44862401 -1.14328504 1954.000000 14.000000 4223.000000 0.000000
-1.21767497 1.45612299 -1.14328504 1896.000000 14.000000 3916.000000 0.000000
-1.21571100 1.47204697 -1.15022600 1122.000000 7.000000 3790.000000 0.000000
-1.24696302 1.43119895 -1.20521200 1244.000000 12.000000 4303.000000 0.000000
-1.23543298 1.43567300 -1.20244503 1444.000000 14.000000 3823.000000 0.000000
-1.22443700 1.44069302 -1.20023096 1699.000000 18.000000 3908.000000 0.000000
-1.21879697 1.45199895 -1.20355105 1272.000000 12.000000 3553.000000 0.000000
-0.35546201 1.54702306 -0.74073899 1833.000000 11.000000 3155.000000 0.000000
-0.34343800 1.53782105 -0.73493302 2444.000000 17.000000 3806.000000 0.000000
-0.33437300 1.54164898 -0.73582602 3023.000000 24.000000 4859.000000 0.000000
-0.32582501 1.54805005 -0.73805898 3227.000000 27.000000 4638.000000 0.000000
-0.31507400 1.54388201 -0.73493302 2942.000000 23.000000 4776.000000 0.000000
-0.30645800 1.55017602 -0.73716599 2651.000000 19.000000 4335.000000 0.000000
-0.29677299 1.55114806 -0.73671901 2016.000000 13.000000 2900.000000 0.000000
-0.28660199 1.54942000 -0.73493302 1451.000000 8.000000 2944.000000 0.000000
-0.33804801 1.52881098 -0.77561098 1465.000000 10.000000 4749.000000 0.000000
-0.32565400 1.51703596 -0.76813102 2010.000000 16.000000 5041.000000 0.000000
-0.31761801 1.52506006 -0.77140403 2460.000000 21.000000 4804.000000 0.000000
-0.30843201 1.52784598 -0.77187097 2399.000000 21.000000 4702.000000 0.000000
-0.29922301 1.53057694 -0.77233899 1782.000000 13.000000 4500.000000 0.000000
-0.29065999 1.53672504 -0.77467602 1318.000000 9.000000 4075.000000 0.000000
-0.26105699 1.42983401 -0.71624202 1071.000000 6.000000 3500.000000 0.000000
-0.33599699 1.51047695 -0.81810999 1201.000000 6.000000 4241.000000 0.000000
-0.32580701 1.50825095 -0.81565601 2357.000000 16.000000 4844.000000 0.000000
-0.31530100 1.50425100 -0.81222099 2778.000000 21.000000 5155.000000 0.000000
-0.30658299 1.50872004 -0.81369299 3041.000000 25.000000 5276.000000 0.000000
-0.29748699 1.51142800 -0.81418401 2948.000000 23.000000 5121.000000 0.000000
-0.28853199 1.51493704 -0.81516498 2615.000000 19.000000 4940.000000 0.000000
-0.27452201 1.49096704 -0.80044299 2347.000000 16.000000 4430.000000 0.000000
-0.24534200 1.37936902 -0.73566300 1564.000000 8.000000 3712.000000 0.000000
-0.31825599 1.50132704 -0.85750097 795.000000 5.000000 3167.000000 0.000000
-0.30693099 1.49315202 -0.85137302 1699.000000 13.000000 3652.000000 0.000000
-0.29776400 1.49500704 -0.85137302 1690.000000 13.000000 3446.000000 0.000000
-0.29073301 1.50777495 -0.85801202 1465.000000 10.000000 3759.000000 0.000000
-0.28211600 1.51290905 -0.86005503 1505.000000 11.000000 4341.000000 0.000000
-0.27468500 1.52476001 -0.86618298 1155.000000 8.000000 4254.000000 0.000000
-0.31353101 1.50221097 -0.91370398 1232.000000 7.000000 3132.000000 0.000000
-0.29996800 1.48255503 -0.89982200 1808.000000 11.000000 3799.000000 0.000000
-0.29135099 1.48685706 -0.90142399 1999.000000 13.000000 4020.000000 0.000000
-0.28316301 1.49360204 -0.90462798 2440.000000 17.000000 4452.000000 0.000000
-0.27520600 1.50196600 -0.90889901 2227.000000 15.000000 4417.000000 0.000000
-0.26598501 1.50362694 -0.90889901 1594.000000 9.000000 4204.000000 0.000000
-0.26622701 1.56108403 -0.94467098 906.000000 5.000000 3616.000000 0.000000
-0.30203399 1.48466897 -0.95065099 643.000000 4.000000 3976.000000 0.000000
-0.29242799 1.48404396 -0.94899100 1179.000000 8.000000 3801.000000 0.000000
-0.28458399 1.49235201 -0.95341802 1806.000000 14.000000 4281.000000 0.000000
-0.27634299 1.49898195 -0.95673901 1909.000000 15.000000 4014.000000 0.000000
-0.26669499 1.49819100 -0.95507902 1502.000000 11.000000 3709.000000 0.000000
-0.25878701 1.50718296 -0.96005899 1012.000000 7.000000 3693.000000 0.000000
-0.29099101 1.49318504 -1.01467395 1466.000000 9.000000 4043.000000 0.000000
-0.27820799 1.47565997 -1.00084996 1931.000000 12.000000 4149.000000 0.000000
-0.27147999 1.49020898 -1.01006603 2155.000000 14.000000 4019.000000 0.000000
-0.26007801 1.47896302 -1.00084996 1960.000000 13.000000 3683.000000 0.000000
-0.25262901 1.49020398 -1.00776196 1391.000000 8.000000 3628.000000 0.000000
-0.24622899 1.50866997 -1.01985800 754.000000 4.000000 3677.000000 0.000000
-0.29424500 1.50353897 -1.07610202 975.000000 7.000000 3176.000000 0.000000
-0.28091300 1.48400605 -1.06003797 1138.000000 8.000000 3323.000000 0.000000
-0.26959601 1.47384906 -1.05111301 1464.000000 11.000000 3375.000000 0.000000
-0.26083201 1.47705698 -1.05230296 1551.000000 12.000000 3575.000000 0.000000
-0.25272501 1.48417306 -1.05646801 1150.000000 8.000000 3289.000000 0.000000
-0.24242100 1.47856104 -1.05111301 1033.000000 7.000000 3346.000000 0.000000
-0.24278900 1.53874397 -1.09514105 620.000000 4.000000 3333.000000 0.000000
-0.28614199 1.48039198 -1.12325299 1110.000000 6.000000 2782.000000 0.000000
-0.27446401 1.46819603 -1.11214399 1188.000000 7.000000 2308.000000 0.000000
-0.26322499 1.45746100 -1.10226905 1370.000000 8.000000 2378.000000 0.000000
-0.25441200 1.45982397 -1.10288703 1512.000000 9.000000 2486.000000 0.000000
-0.24570900 1.46291006 -1.10412097 1475.000000 9.000000 2776.000000 0.000000
-0.23635399 1.46205997 -1.10226905 1558.000000 9.000000 2981.000000 0.000000
-0.22761799 1.46503699 -1.10350394 1385.000000 8.000000 2682.000000 0.000000
-0.21885499 1.46796298 -1.10473800 1411.000000 8.000000 2635.000000 0.000000
-0.21172100 1.48252201 -1.11522996 1144.000000 6.000000 2536.000000 0.000000
-0.20304400 1.48691201 -1.11769903 1035.000000 6.000000 2482.000000 0.000000
-0.27980000 1.48066998 -1.17980194 838.000000 6.000000 2609.000000 0.000000
-0.26661599 1.46034300 -1.16137505 1121.000000 8.000000 3113.000000 0.000000
-0.25724101 1.45967197 -1.15946901 989.000000 7.000000 2711.000000 0.000000
-0.24788500 1.45894003 -1.15756297 858.000000 6.000000 2728.000000 0.000000
-0.23816501 1.45586395 -1.15374994 921.000000 6.000000 2885.000000 0.000000
-0.22935000 1.45806003 -1.15438604 1030.000000 7.000000 2874.000000 0.000000
-0.22028200 1.45867705 -1.15374994 800.000000 5.000000 2806.000000 0.000000
-0.21144000 1.46076500 -1.15438604 855.000000 6.000000 2612.000000 0.000000
-0.20279799 1.46432805 -1.15629196 791.000000 5.000000 2526.000000 0.000000
-0.19588400 1.48084903 -1.16900003 690.000000 5.000000 2625.000000 0.000000
-0.19055700 1.51112294 -1.19314599 604.000000 4.000000 2903.000000 0.000000
-0.26866499 1.44804704 -1.22206998 1013.000000 6.000000 2323.000000 0.000000
-0.25911400 1.44595802 -1.21878397 933.000000 5.000000 2332.000000 0.000000
-0.25023699 1.44752097 -1.21878397 993.000000 6.000000 2093.000000 0.000000
-0.24048901 1.44382298 -1.21418500 1052.000000 6.000000 2330.000000 0.000000
-0.23127000 1.44303799 -1.21221304 1047.000000 6.000000 2418.000000 0.000000
-0.22218400 1.44294000 -1.21089900 924.000000 5.000000 2245.000000 0.000000
-0.21321601 1.44352996 -1.21024203 1066.000000 6.000000 2437.000000 0.000000
-0.20718400 1.46496606 -1.22798395 1419.000000 9.000000 2956.000000 0.000000
-0.19819100 1.46621001 -1.22798395 1358.000000 9.000000 2810.000000 0.000000
-0.18900000 1.46590304 -1.22667003 1353.000000 9.000000 2988.000000 0.000000
0.53470701 1.55289197 -0.71584803 1465.000000 10.000000 4306.000000 0.000000
0.54571599 1.55386102 -0.71796298 2096.000000 17.000000 4541.000000 0.000000
0.54462302 1.52059698 -0.70315999 2272.000000 19.000000 4492.000000 0.000000
0.56813699 1.55641901 -0.72261500 2684.000000 24.000000 4441.000000 0.000000
0.56920397 1.52995098 -0.71119601 2088.000000 17.000000 4370.000000 0.000000
0.55834299 1.55452299 -0.77289897 2469.000000 17.000000 4851.000000 0.000000
0.56879598 1.55358803 -0.77423900 3062.000000 25.000000 4955.000000 0.000000
0.57549697 1.54252696 -0.77021903 3211.000000 27.000000 4400.000000 0.000000
0.58526897 1.53980196 -0.77066600 2324.000000 15.000000 3743.000000 0.000000
0.59664798 1.54118705 -0.77334601 1933.000000 12.000000 3959.000000 0.000000
0.60609400 1.53749704 -0.77334601 1059.000000 5.000000 3975.000000 0.000000
0.56954700 1.54640305 -0.81908500 1427.000000 10.000000 3507.000000 0.000000
0.57470602 1.53128099 -0.81254101 1973.000000 15.000000 4020.000000 0.000000
0.58753997 1.53681803 -0.81768298 2277.000000 19.000000 4113.000000 0.000000
0.59600300 1.53070998 -0.81628001 1729.000000 13.000000 3693.000000 0.000000
0.60700202 1.53113794 -0.81861800 1674.000000 12.000000 4124.000000 0.000000
0.62460297 1.54789996 -0.83030403 1313.000000 9.000000 4142.000000 0.000000
0.61273098 1.49164796 -0.80038702 652.000000 4.000000 3558.000000 0.000000
0.68960297 1.59546602 -0.86676699 623.000000 4.000000 3833.000000 0.000000
0.58888000 1.54529202 -0.87798101 1304.000000 7.000000 3991.000000 0.000000
0.59171599 1.52459800 -0.86767602 2182.000000 14.000000 4043.000000 0.000000
0.60202199 1.52336800 -0.86914802 2508.000000 18.000000 4381.000000 0.000000
0.61037999 1.51722205 -0.86767602 2386.000000 16.000000 4292.000000 0.000000
0.62431002 1.52473199 -0.87454599 2005.000000 13.000000 4264.000000 0.000000
0.63298202 1.51926506 -0.87356502 1722.000000 10.000000 4185.000000 0.000000
0.60905200 1.55277801 -0.93665898 1078.000000 8.000000 3688.000000 0.000000
0.60748202 1.52103698 -0.91878402 1904.000000 15.000000 4103.000000 0.000000
0.61680400 1.51727998 -0.91878402 2208.000000 18.000000 4093.000000 0.000000
0.62740803 1.51664901 -0.92082697 1964.000000 16.000000 4144.000000 0.000000
0.63670200 1.51277006 -0.92082697 1884.000000 15.000000 4385.000000 0.000000
0.65337002 1.52624297 -0.93206197 1331.000000 11.000000 4092.000000 0.000000
0.61832798 1.50647795 -0.97296798 1501.000000 9.000000 3832.000000 0.000000
0.63017201 1.50889504 -0.97723901 2023.000000 14.000000 4157.000000 0.000000
0.63577402 1.49644303 -0.97136599 2387.000000 18.000000 4255.000000 0.000000
0.64796901 1.49949598 -0.97617102 2170.000000 15.000000 4080.000000 0.000000
0.66090697 1.50400400 -0.98204398 1638.000000 10.000000 3996.000000 0.000000
0.69051200 1.54545105 -1.01354504 1049.000000 6.000000 3729.000000 0.000000
0.72094297 1.51277900 -1.00286698 669.000000 3.000000 3778.000000 0.000000
0.71065003 1.46800900 -0.97456998 881.000000 5.000000 3719.000000 0.000000
0.63731802 1.50569499 -1.03033996 1243.000000 10.000000 3665.000000 0.000000
0.64458102 1.49715996 -1.02701998 1548.000000 13.000000 3528.000000 0.000000
0.65441900 1.49470496 -1.02812600 1429.000000 12.000000 2971.000000 0.000000
0.66862798 1.50208902 -1.03642702 1250.000000 10.000000 2731.000000 0.000000
0.67851400 1.49947798 -1.03753400 1227.000000 10.000000 2934.000000 0.000000
0.71226501 1.54908097 -1.07682502 815.000000 6.000000 3220.000000 0.000000
0.72421098 1.54997003 -1.08069801 910.000000 7.000000 3380.000000 0.000000
0.65463501 1.48561800 -1.08667505 1446.000000 9.000000 2566.000000 0.000000
0.66541302 1.48530197 -1.08955503 1668.000000 11.000000 2895.000000 0.000000
0.67553198 1.48342204 -1.09128296 1922.000000 13.000000 3105.000000 0.000000
0.68393302 1.47776604 -1.09013104 1641.000000 11.000000 3162.000000 0.000000
0.69647300 1.48093605 -1.09589100 1251.000000 7.000000 3419.000000 0.000000
0.71508002 1.49653995 -1.11144304 1097.000000 6.000000 3770.000000 0.000000
0.72317702 1.48991895 -1.10971498 898.000000 5.000000 3186.000000 0.000000
0.73737401 1.49571395 -1.11777902 1020.000000 6.000000 3433.000000 0.000000
0.74947101 1.49700701 -1.12238705 995.000000 6.000000 3258.000000 0.000000
0.76012599 1.49529302 -1.12469101 1055.000000 6.000000 3376.000000 0.000000
0.78843898 1.52763200 -1.15406704 847.000000 5.000000 3186.000000 0.000000
0.67567199 1.51259005 -1.16832101 704.000000 5.000000 2763.000000 0.000000
0.67899603 1.49522603 -1.15761197 1180.000000 10.000000 3109.000000 0.000000
0.68280202 1.47933996 -1.14809203 1405.000000 12.000000 3174.000000 0.000000
0.69356197 1.47876501 -1.15106702 1242.000000 10.000000 2882.000000 0.000000
0.70262301 1.47448206 -1.15106702 1182.000000 10.000000 3264.000000 0.000000
0.71200502 1.47086799 -1.15166199 1137.000000 9.000000 2915.000000 0.000000
0.72136903 1.46719301 -1.15225697 1165.000000 9.000000 3075.000000 0.000000
0.73071498 1.46345997 -1.15285206 1296.000000 11.000000 3315.000000 0.000000
0.74040401 1.46038401 -1.15404201 1081.000000 9.000000 2956.000000 0.000000
0.75117999 1.45939195 -1.15701699 1075.000000 9.000000 3051.000000 0.000000
1.66325104 1.62324095 -0.71035898 1094.000000 7.000000 3385.000000 0.000000
1.68208301 1.62157798 -0.71438700 2254.000000 19.000000 4598.000000 0.000000
1.68393505 1.62833297 -0.77681798 1305.000000 14.000000 4903.000000 0.000000
1.57570004 1.48627102 -0.71473497 1368.000000 13.000000 5432.000000 0.000000
1.71953201 1.61686301 -0.85091001 2834.000000 33.000000 4086.000000 0.000000
1.72325504 1.60056198 -0.84770501 1981.000000 19.000000 3813.000000 0.000000
1.73717701 1.59374595 -0.84984100 1827.000000 17.000000 3662.000000 0.000000
1.76008701 1.59497094 -0.85660702 667.000000 5.000000 3654.000000 0.000000
1.70369005 1.59549296 -0.90293801 1226.000000 15.000000 4658.000000 0.000000
1.71276999 1.58437896 -0.90256000 1950.000000 28.000000 4250.000000 0.000000
1.72928298 1.58009803 -0.90633702 1774.000000 24.000000 4488.000000 0.000000
1.72727895 1.55888999 -0.89991599 1523.000000 20.000000 4447.000000 0.000000
1.74164200 1.55258405 -0.90256000 486.000000 5.000000 4222.000000 0.000000
1.76265705 1.53292096 -0.90369302 1353.000000 17.000000 4868.000000 0.000000
1.79377103 1.54081798 -0.91540098 838.000000 10.000000 4518.000000 0.000000
1.72247803 1.57863498 -0.97506797 1806.000000 17.000000 3891.000000 0.000000
1.73552799 1.57110703 -0.97707701 2267.000000 23.000000 4186.000000 0.000000
1.74855006 1.56347799 -0.97908503 2233.000000 23.000000 4429.000000 0.000000
1.75330305 1.54848003 -0.97627300 1613.000000 15.000000 4151.000000 0.000000
1.77865100 1.55152798 -0.98551399 1089.000000 9.000000 3995.000000 0.000000
1.72778201 1.56749105 -1.03812397 1389.000000 18.000000 3917.000000 0.000000
1.74343097 1.56231296 -1.04193103 1563.000000 21.000000 4354.000000 0.000000
1.75433898 1.55279005 -1.04277694 1567.000000 21.000000 3907.000000 0.000000
1.79652905 1.57068300 -1.06307805 879.000000 10.000000 3487.000000 0.000000
1.70912004 1.56369901 -1.10477197 1778.000000 17.000000 3658.000000 0.000000
1.72333205 1.55737901 -1.10789895 2356.000000 25.000000 3501.000000 0.000000
1.72951603 1.54379797 -1.10566604 1997.000000 20.000000 3688.000000 0.000000
1.74029899 1.53434002 -1.10655904 1689.000000 16.000000 4097.000000 0.000000
1.75913203 1.53185296 -1.11281204 1608.000000 15.000000 3642.000000 0.000000
