-1.21334803 3.82504797 0.71520400 470.000000 5.000000 197.000000 3.000000
-1.23861396 3.80347395 0.61499500 854.000000 14.000000 151.000000 3.000000
-1.20783305 3.95430994 0.63453299 409.000000 6.000000 90.000000 3.000000
-1.61029100 3.87602711 0.33784500 1653.000000 22.000000 176.000000 3.000000
-1.56972897 3.98390007 0.34393701 1237.000000 15.000000 405.000000 3.000000
-1.57018900 3.98459911 0.24262400 531.000000 8.000000 281.000000 3.000000
-1.50813198 3.89731407 0.23763500 1015.000000 17.000000 234.000000 3.000000
-1.51726198 3.99330091 0.24209601 1042.000000 18.000000 227.000000 3.000000
-1.82196796 3.90351105 0.13907500 438.000000 4.000000 111.000000 3.000000
-1.79923296 3.91734290 0.13914600 1323.000000 17.000000 131.000000 3.000000
-1.38480699 3.93315291 0.13582399 1197.000000 14.000000 343.000000 3.000000
-1.36912203 3.96614909 0.13643600 912.000000 10.000000 210.000000 3.000000
-1.23875201 3.89374495 -0.15678300 871.000000 15.000000 118.000000 3.000000
-1.21483696 3.90127301 -0.15678300 855.000000 14.000000 102.000000 3.000000
-1.20284903 3.94781709 -0.15875000 1203.000000 22.000000 150.000000 3.000000
2.19347000 3.99664211 -0.29142699 1038.000000 13.000000 299.000000 3.000000
2.19804692 3.94738698 -0.28845301 1360.000000 18.000000 149.000000 3.000000
2.25363803 3.98939395 -0.29309601 826.000000 10.000000 380.000000 3.000000
