1.37384903 1.68837798 -0.49026600 1449.000000 14.000000 249.000000 0.000000
1.38972795 1.68667102 -0.49241400 1823.000000 19.000000 241.000000 0.000000
1.40253401 1.68110001 -0.49336901 1308.000000 12.000000 217.000000 0.000000
1.42720497 1.68955004 -0.49885899 1073.000000 9.000000 210.000000 0.000000
1.43250597 1.67484796 -0.49694899 1220.000000 11.000000 199.000000 0.000000
1.43641198 1.65867496 -0.49456200 1356.000000 13.000000 187.000000 0.000000
1.44975698 1.65348697 -0.49575600 1308.000000 12.000000 194.000000 0.000000
1.46116197 1.64601505 -0.49623299 1891.000000 20.000000 165.000000 0.000000
1.44337797 1.60591102 -0.48596901 2208.000000 24.000000 193.000000 0.000000
1.43559396 1.57759905 -0.47952399 1538.000000 15.000000 198.000000 0.000000
1.45115697 1.57519901 -0.48167199 1359.000000 13.000000 150.000000 0.000000
1.44559097 1.54990399 -0.47618201 1120.000000 10.000000 136.000000 0.000000
1.49699295 1.58556604 -0.49122000 719.000000 6.000000 150.000000 0.000000
1.53950906 1.61080801 -0.50291699 1311.000000 12.000000 159.000000 0.000000
1.35264301 1.71500695 -0.54991198 605.000000 3.000000 441.000000 0.000000
1.38826299 1.69504094 -0.55175400 558.000000 3.000000 437.000000 0.000000
1.38815999 1.67387199 -0.54728198 461.000000 2.000000 414.000000 0.000000
1.39964700 1.66680002 -0.54780799 454.000000 2.000000 398.000000 0.000000
1.43637300 1.66849899 -0.55464703 1124.000000 6.000000 412.000000 0.000000
1.43897104 1.65093195 -0.55149001 1545.000000 10.000000 412.000000 0.000000
1.44651902 1.63917899 -0.55043799 1673.000000 11.000000 389.000000 0.000000
1.45461905 1.62811506 -0.54964900 1738.000000 11.000000 397.000000 0.000000
1.46393394 1.61844397 -0.54938602 1856.000000 12.000000 348.000000 0.000000
1.47970498 1.61583102 -0.55175400 1965.000000 13.000000 359.000000 0.000000
1.48827899 1.60530698 -0.55122697 1640.000000 10.000000 343.000000 0.000000
1.50008297 1.59825397 -0.55201697 1363.000000 8.000000 336.000000 0.000000
1.53313601 1.61348498 -0.56122297 1917.000000 15.000000 306.000000 0.000000
1.55505395 1.61655605 -0.56595701 2693.000000 24.000000 396.000000 0.000000
1.38862002 1.73371506 -0.61599803 724.000000 7.000000 249.000000 0.000000
1.36610401 1.68416595 -0.60028499 1882.000000 20.000000 240.000000 0.000000
1.37580502 1.67500997 -0.60000002 1957.000000 21.000000 198.000000 0.000000
1.37933099 1.65841997 -0.59685701 1197.000000 11.000000 242.000000 0.000000
1.44415998 1.65225506 -0.60799903 1622.000000 16.000000 202.000000 0.000000
1.45934105 1.64911401 -0.61028498 2558.000000 31.000000 197.000000 0.000000
1.47134697 1.64227295 -0.61114198 3171.000000 45.000000 199.000000 0.000000
1.48139596 1.63321400 -0.61114198 3168.000000 45.000000 219.000000 0.000000
1.49074197 1.62338698 -0.61085600 2806.000000 36.000000 214.000000 0.000000
1.48895299 1.60155404 -0.60571301 2264.000000 25.000000 170.000000 0.000000
1.51972902 1.61475694 -0.61485600 998.000000 10.000000 144.000000 0.000000
1.37869596 1.61876094 -0.64591098 814.000000 4.000000 460.000000 0.000000
1.39792395 1.62106597 -0.65055901 1243.000000 7.000000 414.000000 0.000000
1.41723096 1.62319505 -0.65520602 1493.000000 9.000000 412.000000 0.000000
1.42905402 1.61660397 -0.65613598 1610.000000 10.000000 422.000000 0.000000
1.44909894 1.61913502 -0.66109300 2031.000000 14.000000 479.000000 0.000000
1.46028399 1.61162102 -0.66171300 1925.000000 13.000000 350.000000 0.000000
1.47014499 1.60263097 -0.66171300 1973.000000 14.000000 370.000000 0.000000
1.48189294 1.59566903 -0.66264302 1683.000000 11.000000 370.000000 0.000000
1.50729704 1.60316098 -0.67007899 1371.000000 9.000000 304.000000 0.000000
1.45981801 1.65598500 -0.72934198 1601.000000 18.000000 163.000000 0.000000
1.42294097 1.59412897 -0.70444298 1968.000000 21.000000 172.000000 0.000000
1.41250002 1.56293404 -0.69381899 1781.000000 18.000000 170.000000 0.000000
1.44303203 1.57724404 -0.70477498 2234.000000 25.000000 179.000000 0.000000
1.45332205 1.56905401 -0.70510697 1937.000000 20.000000 130.000000 0.000000
1.46356595 1.56079602 -0.70543897 1938.000000 20.000000 202.000000 0.000000
1.48931897 1.56892002 -0.71373898 1775.000000 18.000000 160.000000 0.000000
1.39093196 1.67368698 -0.78076100 1187.000000 8.000000 568.000000 0.000000
1.38831997 1.62947798 -0.76722997 551.000000 3.000000 516.000000 0.000000
1.41666400 1.58239102 -0.76081997 1176.000000 7.000000 391.000000 0.000000
1.43890703 1.58750796 -0.76794201 1754.000000 12.000000 389.000000 0.000000
1.47707105 1.60961401 -0.78396600 2137.000000 17.000000 373.000000 0.000000
1.48946500 1.60325801 -0.78539002 2436.000000 21.000000 412.000000 0.000000
1.50439894 1.59953105 -0.78823900 2197.000000 18.000000 357.000000 0.000000
1.52321303 1.59973896 -0.79322398 1590.000000 11.000000 330.000000 0.000000
1.38663995 1.66104603 -0.83344501 1161.000000 12.000000 162.000000 0.000000
1.38607097 1.63975704 -0.82664698 797.000000 8.000000 130.000000 0.000000
1.41953397 1.65870202 -0.84137601 390.000000 3.000000 143.000000 0.000000
1.46476996 1.60889101 -0.83835500 2196.000000 28.000000 164.000000 0.000000
1.47273600 1.59782600 -0.83722198 2574.000000 36.000000 165.000000 0.000000
1.48251200 1.58876002 -0.83722198 2521.000000 34.000000 202.000000 0.000000
1.44527400 1.52973497 -0.80927300 1854.000000 19.000000 212.000000 0.000000
1.38182294 1.66099405 -0.89792401 637.000000 4.000000 533.000000 0.000000
1.39021802 1.65038395 -0.89671898 549.000000 3.000000 620.000000 0.000000
1.45309997 1.60148501 -0.89872801 1312.000000 9.000000 429.000000 0.000000
1.48459697 1.61612797 -0.91279000 1925.000000 15.000000 465.000000 0.000000
1.49760497 1.61033905 -0.91479897 2182.000000 18.000000 400.000000 0.000000
1.50871396 1.60245299 -0.91560298 2167.000000 18.000000 400.000000 0.000000
1.50966704 1.58388996 -0.90997797 1702.000000 13.000000 342.000000 0.000000
1.53144598 1.58711100 -0.91761202 1282.000000 9.000000 313.000000 0.000000
1.55588305 1.59274101 -0.92685300 292.000000 1.000000 307.000000 0.000000
1.38392103 1.68754697 -0.96791703 1152.000000 12.000000 167.000000 0.000000
1.38269901 1.66505897 -0.95945901 1284.000000 14.000000 136.000000 0.000000
1.39114404 1.65445900 -0.95819002 1365.000000 15.000000 181.000000 0.000000
1.40009701 1.64451003 -0.95734400 693.000000 7.000000 134.000000 0.000000
1.43622398 1.64566898 -0.96876299 589.000000 5.000000 142.000000 0.000000
1.45716703 1.60886204 -0.96241897 1354.000000 15.000000 186.000000 0.000000
1.48167801 1.61594903 -0.97257000 2401.000000 32.000000 203.000000 0.000000
1.49033499 1.60549605 -0.97172397 2362.000000 31.000000 179.000000 0.000000
1.49953902 1.59565997 -0.97130102 2206.000000 28.000000 164.000000 0.000000
1.51117206 1.58840203 -0.97257000 2130.000000 27.000000 185.000000 0.000000
1.52716303 1.58563805 -0.97679901 1859.000000 22.000000 144.000000 0.000000
1.53812599 1.57753801 -0.97764498 435.000000 4.000000 115.000000 0.000000
1.39296699 1.65075696 -1.02660596 604.000000 4.000000 609.000000 0.000000
1.40306997 1.64217901 -1.02660596 577.000000 3.000000 603.000000 0.000000
1.41487706 1.63556802 -1.02794600 583.000000 3.000000 583.000000 0.000000
1.42429602 1.62618303 -1.02749896 243.000000 1.000000 585.000000 0.000000
1.44555700 1.59042704 -1.02124596 1125.000000 8.000000 516.000000 0.000000
1.46352899 1.55183995 -1.01320601 1004.000000 7.000000 364.000000 0.000000
1.51011896 1.58163404 -1.04000604 1374.000000 10.000000 407.000000 0.000000
1.49739599 1.54919398 -1.02392602 1106.000000 7.000000 402.000000 0.000000
1.53630197 1.57001400 -1.04491901 249.000000 1.000000 296.000000 0.000000
1.47643900 1.62086105 -1.10704505 1203.000000 13.000000 151.000000 0.000000
1.47917998 1.60395896 -1.10143495 1539.000000 18.000000 185.000000 0.000000
1.48778999 1.59355795 -1.10049999 1602.000000 18.000000 158.000000 0.000000
1.49693406 1.58375502 -1.10003304 1667.000000 19.000000 145.000000 0.000000
1.39879894 1.63433504 -1.15820098 498.000000 3.000000 616.000000 0.000000
1.48703301 1.71588004 -1.22543395 346.000000 2.000000 619.000000 0.000000
1.41166604 1.56973100 -1.13562596 386.000000 2.000000 563.000000 0.000000
1.45268798 1.57597995 -1.15378404 1075.000000 7.000000 480.000000 0.000000
1.48969495 1.59632099 -1.17635906 1436.000000 12.000000 371.000000 0.000000
1.48209703 1.56879497 -1.16212702 1082.000000 7.000000 374.000000 0.000000
1.50856900 1.57729101 -1.17586803 1257.000000 10.000000 331.000000 0.000000
1.51761198 1.56737900 -1.17537701 1186.000000 9.000000 324.000000 0.000000
1.53513503 1.56612206 -1.18175697 632.000000 4.000000 336.000000 0.000000
1.53120506 1.54307497 -1.17095995 563.000000 3.000000 396.000000 0.000000
1.39165199 1.69965196 -1.25073504 783.000000 9.000000 174.000000 0.000000
1.39770305 1.64421904 -1.22775400 450.000000 5.000000 156.000000 0.000000
1.39881301 1.62516797 -1.21958303 664.000000 6.000000 179.000000 0.000000
1.48220694 1.65952694 -1.26758802 530.000000 6.000000 216.000000 0.000000
1.40282202 1.53194106 -1.17974901 917.000000 9.000000 145.000000 0.000000
1.42445099 1.51775098 -1.18230200 852.000000 9.000000 150.000000 0.000000
1.48278105 1.56081903 -1.22468996 1209.000000 15.000000 175.000000 0.000000
1.49054503 1.54982901 -1.22315800 1100.000000 14.000000 166.000000 0.000000
1.50541401 1.54620898 -1.22775400 984.000000 12.000000 147.000000 0.000000
1.52390695 1.54614604 -1.23541403 936.000000 11.000000 157.000000 0.000000
1.38618600 1.63700294 -1.29918694 294.000000 2.000000 645.000000 0.000000
1.41831696 1.61374998 -1.30132306 316.000000 2.000000 607.000000 0.000000
1.47375500 1.65615201 -1.34456897 423.000000 3.000000 598.000000 0.000000
1.44197798 1.60061800 -1.30506003 624.000000 4.000000 483.000000 0.000000
1.44321895 1.58237505 -1.29705095 742.000000 5.000000 491.000000 0.000000
1.44486499 1.56479800 -1.28957701 679.000000 5.000000 434.000000 0.000000
1.45270598 1.55405104 -1.28797495 653.000000 5.000000 412.000000 0.000000
1.47870803 1.52462196 -1.28583896 709.000000 5.000000 353.000000 0.000000
1.42862499 1.47923100 -1.31035602 765.000000 8.000000 193.000000 0.000000
1.45859098 1.49192405 -1.33027804 853.000000 10.000000 218.000000 0.000000
1.16662204 -1.78926802 -0.53676099 1457.000000 9.000000 150.000000 0.000000
1.14779902 -1.78421700 -0.53281498 2558.000000 20.000000 202.000000 0.000000
1.13424695 -1.78715098 -0.53149998 2924.000000 25.000000 199.000000 0.000000
1.12274802 -1.79325902 -0.53123701 3044.000000 27.000000 232.000000 0.000000
1.15825105 -1.78211403 -0.58742899 2024.000000 22.000000 250.000000 0.000000
1.15351999 -1.79885697 -0.59085798 2433.000000 28.000000 297.000000 0.000000
1.14246094 -1.80590105 -0.59085798 2720.000000 34.000000 292.000000 0.000000
1.13135898 -1.81287706 -0.59085798 2520.000000 30.000000 284.000000 0.000000
1.19027698 -1.75734901 -0.64467102 1378.000000 8.000000 163.000000 0.000000
1.18316603 -1.77015495 -0.64683998 2048.000000 14.000000 210.000000 0.000000
1.16129994 -1.76070702 -0.64033401 2759.000000 23.000000 195.000000 0.000000
1.15047395 -1.76779902 -0.64033401 2716.000000 22.000000 188.000000 0.000000
1.15808105 -1.80363905 -0.65148801 2326.000000 17.000000 204.000000 0.000000
1.14394295 -1.80588901 -0.64962900 2295.000000 17.000000 181.000000 0.000000
1.13284004 -1.81287503 -0.64962900 1747.000000 11.000000 165.000000 0.000000
1.25808597 -1.82775295 -0.73332602 654.000000 6.000000 226.000000 0.000000
1.24684703 -1.83543801 -0.73332602 1343.000000 14.000000 241.000000 0.000000
1.21080697 -1.80627501 -0.71772301 1120.000000 11.000000 187.000000 0.000000
1.20126700 -1.81602705 -0.71871901 1781.000000 21.000000 257.000000 0.000000
1.18338001 -1.81310797 -0.71440297 2049.000000 22.000000 278.000000 0.000000
1.16967201 -1.81637394 -0.71274298 2254.000000 25.000000 304.000000 0.000000
1.16459298 -1.83306003 -0.71672702 1766.000000 20.000000 266.000000 0.000000
1.15734303 -1.84655702 -0.71938300 831.000000 8.000000 233.000000 0.000000
1.19625401 -1.72092402 -0.75013798 110.000000 1.000000 157.000000 0.000000
1.24852097 -1.81996799 -0.79251200 304.000000 1.000000 161.000000 0.000000
1.23994803 -1.83146501 -0.79429197 1040.000000 7.000000 154.000000 0.000000
1.21209002 -1.81416404 -0.78289700 2153.000000 17.000000 205.000000 0.000000
1.19939399 -1.81922603 -0.78182900 2515.000000 22.000000 214.000000 0.000000
1.19177198 -1.83203602 -0.78432202 2739.000000 25.000000 188.000000 0.000000
1.17496204 -1.83066106 -0.78040498 2255.000000 19.000000 174.000000 0.000000
1.17868996 -1.86152995 -0.79108697 1253.000000 8.000000 140.000000 0.000000
1.23453796 -1.83198297 -0.85195100 1373.000000 15.000000 239.000000 0.000000
1.21093404 -1.82104194 -0.84288698 1942.000000 23.000000 279.000000 0.000000
1.20534098 -1.83694303 -0.84704101 1239.000000 13.000000 220.000000 0.000000
1.14812195 -1.77365994 -0.81267202 192.000000 1.000000 203.000000 0.000000
1.17270994 -1.83600795 -0.83948803 348.000000 3.000000 225.000000 0.000000
1.16488802 -1.84864604 -0.84213102 514.000000 5.000000 228.000000 0.000000
1.27566600 -1.86165404 -0.94011199 325.000000 2.000000 229.000000 0.000000
1.24269295 -1.83757401 -0.92323703 1469.000000 10.000000 239.000000 0.000000
1.22987103 -1.84287798 -0.92203200 2001.000000 16.000000 204.000000 0.000000
1.21250200 -1.84120798 -0.91720998 2174.000000 18.000000 184.000000 0.000000
1.20467103 -1.85399103 -0.92002302 2074.000000 17.000000 244.000000 0.000000
1.19574106 -1.86520398 -0.92203200 1538.000000 11.000000 183.000000 0.000000
1.20774603 -1.90966904 -0.94131702 530.000000 3.000000 399.000000 0.000000
1.24042904 -1.85482299 -0.99075598 1187.000000 12.000000 259.000000 0.000000
1.21601105 -1.84275901 -0.97975898 1539.000000 17.000000 240.000000 0.000000
1.20418596 -1.84942698 -0.97933698 1588.000000 18.000000 249.000000 0.000000
1.19379699 -1.85830402 -0.98018199 1524.000000 17.000000 244.000000 0.000000
1.18967104 -1.87706101 -0.98652601 994.000000 10.000000 212.000000 0.000000
1.31163502 -1.84391701 -1.07797205 1441.000000 12.000000 251.000000 0.000000
1.29516006 -1.84460497 -1.07350600 1372.000000 11.000000 202.000000 0.000000
1.28150904 -1.87365794 -1.08154595 1194.000000 9.000000 226.000000 0.000000
1.25648606 -1.86145604 -1.06948602 1689.000000 14.000000 189.000000 0.000000
1.22868800 -1.84454703 -1.05474603 1552.000000 11.000000 206.000000 0.000000
1.24845898 -1.80556095 -1.10844696 753.000000 7.000000 337.000000 0.000000
