-1.04726899 2.08006310 -0.71190798 2869.000000 27.000000 233.000000 0.000000
-1.03026700 2.07792902 -0.70880997 2628.000000 24.000000 156.000000 0.000000
-1.00458300 2.05771804 -0.69920498 2071.000000 16.000000 147.000000 0.000000
-1.00139904 2.08355808 -0.70633101 2690.000000 24.000000 142.000000 0.000000
-0.98615903 2.08450508 -0.70447201 2260.000000 19.000000 142.000000 0.000000
-0.96894199 2.08103299 -0.70106399 1106.000000 7.000000 126.000000 0.000000
-1.10668302 2.06240702 -0.77615398 1366.000000 15.000000 122.000000 0.000000
-1.09887302 2.07832289 -0.77980602 2295.000000 30.000000 136.000000 0.000000
-1.07997894 2.07332492 -0.77515799 2383.000000 31.000000 201.000000 0.000000
-1.04131103 2.02960300 -0.75523800 1896.000000 22.000000 194.000000 0.000000
-1.06470096 2.10660911 -0.78312600 2571.000000 41.000000 145.000000 0.000000
-1.02349699 2.05657196 -0.76088202 1486.000000 16.000000 896.000000 0.000000
-1.00669301 2.05434990 -0.75756198 907.000000 9.000000 341.000000 0.000000
-0.99365699 2.05963993 -0.75722998 1776.000000 21.000000 155.000000 0.000000
-0.97937602 2.06229305 -0.75590199 1860.000000 22.000000 131.000000 0.000000
-0.97712803 2.09046292 -0.76453400 1454.000000 16.000000 133.000000 0.000000
-1.01782596 2.02237010 -0.81423301 2265.000000 19.000000 299.000000 0.000000
-1.01741695 2.05286503 -0.82455897 2393.000000 20.000000 223.000000 0.000000
-0.99456900 2.03806806 -0.81565702 1805.000000 14.000000 145.000000 0.000000
-0.99457300 2.07025099 -0.82669598 2520.000000 22.000000 296.000000 0.000000
-0.96629202 2.04335904 -0.81280899 1757.000000 13.000000 267.000000 0.000000
-0.97184998 2.08823204 -0.82918900 1163.000000 8.000000 106.000000 0.000000
-1.06837595 2.10126901 -0.91237998 1861.000000 26.000000 197.000000 0.000000
-1.06170297 2.12019300 -0.91804498 2215.000000 33.000000 167.000000 0.000000
-1.03429103 2.09762597 -0.90482599 1777.000000 24.000000 197.000000 0.000000
-1.13592005 2.12829709 -1.00841606 519.000000 3.000000 104.000000 0.000000
-1.11134505 2.11333704 -0.99756801 1295.000000 10.000000 132.000000 0.000000
-1.09793603 2.11930299 -0.99716598 2076.000000 19.000000 128.000000 0.000000
-1.07326996 2.10315394 -0.98591602 2289.000000 22.000000 374.000000 0.000000
-0.98364598 2.08290601 -0.96060300 2063.000000 19.000000 162.000000 0.000000
-0.97007602 2.08723998 -0.95980000 1206.000000 9.000000 109.000000 0.000000
-1.11901498 2.12204504 -1.06899905 478.000000 5.000000 94.000000 0.000000
-1.10471499 2.12646103 -1.06772995 758.000000 8.000000 209.000000 0.000000
-1.07632101 2.10337901 -1.05208099 1187.000000 14.000000 334.000000 0.000000
-1.02737904 2.03879905 -1.01486301 1396.000000 18.000000 237.000000 0.000000
-1.06498301 2.14562392 -1.06730700 2056.000000 30.000000 145.000000 0.000000
-1.01705694 2.08135009 -1.03051198 1598.000000 21.000000 133.000000 0.000000
-0.99795800 2.07449698 -1.02374494 1536.000000 20.000000 141.000000 0.000000
-0.98521000 2.08058095 -1.02374494 1569.000000 21.000000 135.000000 0.000000
-0.97319400 2.08822799 -1.02459097 1370.000000 17.000000 154.000000 0.000000
-1.23339295 2.21656108 -1.21465194 892.000000 8.000000 154.000000 0.000000
-1.21976900 2.22408795 -1.21465194 1130.000000 10.000000 180.000000 0.000000
-1.23457301 2.28428102 -1.24457896 969.000000 9.000000 196.000000 0.000000
-1.21507204 2.28154397 -1.23877203 959.000000 9.000000 220.000000 0.000000
-1.16699600 2.22397399 -1.20214605 1228.000000 11.000000 162.000000 0.000000
-1.13567996 2.19690609 -1.18293905 1310.000000 12.000000 171.000000 0.000000
-1.09095299 2.14242506 -1.14854598 2079.000000 19.000000 167.000000 0.000000
-1.07658505 2.14667797 -1.14720595 2465.000000 25.000000 197.000000 0.000000
-1.05191696 2.12997293 -1.13425195 2340.000000 23.000000 215.000000 0.000000
-1.01889801 2.09534001 -1.11147201 2229.000000 21.000000 198.000000 0.000000
-1.00100696 2.09105802 -1.10566604 2228.000000 21.000000 175.000000 0.000000
-0.98396802 2.08825588 -1.10075200 2192.000000 21.000000 167.000000 0.000000
-0.98391700 2.12185907 -1.11593902 1416.000000 11.000000 194.000000 0.000000
-1.14932203 2.19438910 -1.25756896 974.000000 14.000000 109.000000 0.000000
-1.13624203 2.20218492 -1.25803697 876.000000 12.000000 146.000000 0.000000
-1.10301602 2.17053294 -1.23513103 1160.000000 17.000000 140.000000 0.000000
-1.07816303 2.15435600 -1.22157395 1533.000000 24.000000 163.000000 0.000000
-1.06178701 2.15459299 -1.21783495 1664.000000 27.000000 178.000000 0.000000
-1.01794803 2.09828997 -1.18090498 1346.000000 17.000000 122.000000 0.000000
-1.00161195 2.09732294 -1.17669702 1487.000000 19.000000 150.000000 0.000000
-0.98494899 2.09543610 -1.17202306 1352.000000 17.000000 126.000000 0.000000
-0.98399699 2.12709308 -1.18698204 951.000000 11.000000 170.000000 0.000000
-1.01248300 2.08670712 -1.25291598 1664.000000 14.000000 174.000000 0.000000
-0.99365902 2.08029699 -1.24506402 1946.000000 18.000000 148.000000 0.000000
-0.98087603 2.08635402 -1.24506402 1849.000000 17.000000 176.000000 0.000000
