-1.51854205 -2.03915596 -0.98791599 927.000000 13.000000 2880.000000 3.000000
-1.50320601 -1.99279296 -0.96903199 181.000000 2.000000 2189.000000 3.000000
-1.51484394 -1.98279500 -0.96865398 142.000000 2.000000 2316.000000 3.000000
-1.53602898 -1.98519504 -0.97469699 443.000000 6.000000 2906.000000 3.000000
-1.56983697 -2.00346398 -0.98904902 197.000000 2.000000 4367.000000 3.000000
-1.19319606 -1.96072400 -0.95698702 131.000000 1.000000 2187.000000 3.000000
-1.20905495 -1.95959795 -0.96020103 183.000000 1.000000 2182.000000 3.000000
-1.22397196 -1.95679903 -0.96261197 127.000000 1.000000 3080.000000 3.000000
-0.92223299 -1.92087400 -0.94380999 95.000000 1.000000 2348.000000 3.000000
-0.94033098 -1.92822301 -0.95057702 127.000000 1.000000 2043.000000 3.000000
-0.95174402 -1.92160404 -0.95015401 99.000000 1.000000 2331.000000 3.000000
-0.97000599 -1.92869401 -0.95692098 137.000000 1.000000 3117.000000 3.000000
-0.52356398 -1.97542799 -0.96853900 756.000000 4.000000 2925.000000 3.000000
-0.52862197 -1.94628000 -0.95513898 1184.000000 7.000000 2051.000000 3.000000
-0.54175597 -1.94730902 -0.95737302 1062.000000 6.000000 2574.000000 3.000000
-0.55615097 -1.95255101 -0.96183902 1113.000000 7.000000 2776.000000 3.000000
-0.56937599 -1.95339596 -0.96407199 1189.000000 7.000000 2295.000000 3.000000
-0.57699502 -1.93529296 -0.95647901 570.000000 3.000000 1896.000000 3.000000
-0.58938199 -1.93342698 -0.95737302 295.000000 1.000000 1595.000000 3.000000
-0.60256797 -1.93404400 -0.95960599 244.000000 1.000000 1641.000000 3.000000
-0.61823100 -1.94224405 -0.96585900 237.000000 1.000000 1855.000000 3.000000
-0.63069099 -1.94011497 -0.96675301 340.000000 1.000000 2296.000000 3.000000
-0.64258301 -1.93620896 -0.96675301 404.000000 2.000000 3197.000000 3.000000
-0.30620900 -1.86968195 -0.94950902 88.000000 1.000000 2331.000000 3.000000
-0.32001501 -1.88171697 -0.95698798 195.000000 1.000000 1982.000000 3.000000
-0.32988700 -1.87013805 -0.95184600 172.000000 1.000000 1956.000000 3.000000
-0.34276900 -1.87590802 -0.95605302 155.000000 1.000000 1976.000000 3.000000
-0.35589501 -1.88246000 -0.96072799 158.000000 1.000000 2234.000000 3.000000
-0.36777401 -1.88197601 -0.96166301 114.000000 1.000000 2868.000000 3.000000
1.64495397 -1.75631905 -0.93239701 116.000000 1.000000 2331.000000 3.000000
1.61650705 -1.74737799 -0.92182201 108.000000 1.000000 2752.000000 3.000000
1.59386504 -1.74429798 -0.91464603 103.000000 1.000000 2910.000000 3.000000
1.57007897 -1.73963201 -0.90671402 244.000000 2.000000 3365.000000 3.000000
1.36717200 -1.75391304 -0.92564797 193.000000 1.000000 2423.000000 3.000000
1.34578097 -1.74847400 -0.91801399 155.000000 1.000000 1993.000000 3.000000
1.33170497 -1.75232303 -0.91560298 157.000000 1.000000 2513.000000 3.000000
1.11717606 -1.76315606 -0.92350900 107.000000 1.000000 2447.000000 3.000000
1.10055399 -1.76076901 -0.91843402 109.000000 1.000000 1955.000000 3.000000
1.08257306 -1.75593305 -0.91209000 77.000000 1.000000 2110.000000 3.000000
1.05666196 -1.73779702 -0.89855599 66.000000 1.000000 2991.000000 3.000000
2.00102305 1.79456902 -0.68721497 202.000000 1.000000 2124.000000 3.000000
2.01777601 1.78737199 -0.68931901 244.000000 2.000000 2736.000000 3.000000
2.08997798 1.78373098 -0.70352298 108.000000 1.000000 1781.000000 3.000000
2.12892699 1.79448795 -0.71351802 278.000000 2.000000 2973.000000 3.000000
1.71020806 1.73059404 -0.67913502 165.000000 1.000000 2251.000000 3.000000
1.77628100 1.77571404 -0.70256197 112.000000 1.000000 2111.000000 3.000000
1.77012300 1.74792004 -0.69542003 114.000000 1.000000 2314.000000 3.000000
1.79588306 1.75177205 -0.70170498 141.000000 1.000000 2930.000000 3.000000
1.82520199 1.75870204 -0.70941800 179.000000 2.000000 4319.000000 3.000000
1.18947601 1.69393694 -0.68087101 312.000000 2.000000 2730.000000 3.000000
1.22111404 1.71662498 -0.69381899 175.000000 1.000000 2166.000000 3.000000
1.21732402 1.68917501 -0.68518698 432.000000 3.000000 2359.000000 3.000000
1.24264205 1.70227396 -0.69415098 186.000000 1.000000 4084.000000 3.000000
0.94913900 1.67564297 -0.68532997 423.000000 2.000000 2171.000000 3.000000
0.95986903 1.67059696 -0.68568599 374.000000 1.000000 1644.000000 3.000000
0.98752999 1.69453597 -0.69886100 258.000000 1.000000 1505.000000 3.000000
0.99838501 1.68924904 -0.69921702 263.000000 1.000000 1609.000000 3.000000
1.00921202 1.68389201 -0.69957298 250.000000 1.000000 1757.000000 3.000000
1.02487004 1.68644905 -0.70349002 237.000000 1.000000 1801.000000 3.000000
1.04354095 1.69364798 -0.70954400 100.000000 1.000000 2113.000000 3.000000
1.05391300 1.68721294 -0.70954400 152.000000 1.000000 1658.000000 3.000000
1.07025099 1.69018400 -0.71381700 227.000000 1.000000 1566.000000 3.000000
1.08060205 1.68358505 -0.71381700 189.000000 1.000000 1797.000000 3.000000
1.09193206 1.67848897 -0.71452898 206.000000 1.000000 2207.000000 3.000000
1.10478497 1.67565703 -0.71630901 233.000000 1.000000 2824.000000 3.000000
0.79340500 1.64027798 -0.69408101 380.000000 2.000000 1920.000000 3.000000
0.82377499 1.67697704 -0.71296501 172.000000 1.000000 1808.000000 3.000000
0.83692998 1.67769694 -0.71560901 145.000000 1.000000 1875.000000 3.000000
0.84637499 1.67087698 -0.71485299 156.000000 1.000000 2222.000000 3.000000
0.85661101 1.66565204 -0.71485299 192.000000 1.000000 2968.000000 3.000000
-0.06163000 1.68292701 -0.73530298 395.000000 2.000000 1713.000000 3.000000
-0.05136200 1.68508506 -0.73614901 416.000000 2.000000 1734.000000 3.000000
-0.04099700 1.68446302 -0.73572600 438.000000 2.000000 1665.000000 3.000000
-0.03075500 1.68921196 -0.73784101 411.000000 2.000000 1715.000000 3.000000
-0.02028400 1.68212104 -0.73445702 371.000000 2.000000 1768.000000 3.000000
0.21000201 1.61701202 -0.71034998 383.000000 2.000000 2162.000000 3.000000
0.21896100 1.60850799 -0.70696700 367.000000 2.000000 2136.000000 3.000000
0.22983000 1.61431396 -0.71034998 349.000000 2.000000 1878.000000 3.000000
0.24339600 1.63797903 -0.72219199 263.000000 1.000000 1774.000000 3.000000
0.25275999 1.63197601 -0.72007799 289.000000 1.000000 1782.000000 3.000000
0.26248500 1.62860405 -0.71923202 291.000000 1.000000 1752.000000 3.000000
0.27114600 1.61891603 -0.71542501 210.000000 1.000000 1719.000000 3.000000
0.28046301 1.61364901 -0.71373397 206.000000 1.000000 1666.000000 3.000000
0.29020101 1.61100602 -0.71331102 238.000000 1.000000 1742.000000 3.000000
0.30139101 1.61632502 -0.71669400 166.000000 1.000000 1649.000000 3.000000
0.30977899 1.60643303 -0.71288800 191.000000 1.000000 1702.000000 3.000000
0.31998000 1.60627997 -0.71373397 178.000000 1.000000 1722.000000 3.000000
0.43326700 1.33909702 -0.78191900 535.000000 3.000000 3097.000000 3.000000
