2.46307302 -1.88996696 -1.04507101 1074.000000 19.000000 4505.000000 0.000000
2.46037698 -1.91197896 -1.04905498 675.000000 12.000000 4464.000000 0.000000
-1.50757396 -2.04020500 -0.84520900 1353.000000 21.000000 4421.000000 0.000000
-1.51385999 -2.02259898 -0.84155703 2143.000000 32.000000 4449.000000 0.000000
-1.52510405 -2.01176691 -0.84089297 2014.000000 29.000000 4139.000000 0.000000
-1.53168702 -1.99487996 -0.83757299 1710.000000 23.000000 3917.000000 0.000000
-1.54216504 -1.98320794 -0.83657700 1202.000000 15.000000 5062.000000 0.000000
2.50995302 -1.72280204 -1.11156499 870.000000 10.000000 5079.000000 0.000000
2.50470304 -1.74190795 -1.11405694 1296.000000 17.000000 4350.000000 0.000000
2.55992198 -1.87523305 -1.16070402 585.000000 7.000000 5012.000000 0.000000
2.48929191 -1.89485204 -1.14361203 2039.000000 31.000000 4339.000000 0.000000
2.46874094 -1.90323997 -1.13933897 2207.000000 35.000000 4344.000000 0.000000
2.45848894 -1.91950297 -1.14005101 726.000000 9.000000 5086.000000 0.000000
-1.50227499 -2.05124092 -0.92034602 2279.000000 29.000000 4114.000000 0.000000
-1.51427603 -2.04123497 -0.91999000 2643.000000 36.000000 3615.000000 0.000000
-1.51834595 -2.02070403 -0.91464901 1673.000000 19.000000 3449.000000 0.000000
-1.51259398 -1.98756397 -0.90325397 1290.000000 11.000000 4818.000000 0.000000
-1.52361906 -1.97676599 -0.90254200 2634.000000 29.000000 4323.000000 0.000000
2.63000011 -1.76354897 -1.24247098 769.000000 13.000000 5533.000000 0.000000
2.58067989 -1.77682304 -1.22887504 710.000000 12.000000 5014.000000 0.000000
2.49751902 -1.74239302 -1.19299495 1209.000000 23.000000 4512.000000 0.000000
2.54430199 -1.79822397 -1.22169900 979.000000 18.000000 5376.000000 0.000000
2.58596897 -1.85146499 -1.24813700 647.000000 11.000000 5482.000000 0.000000
2.55205297 -1.85101700 -1.23680604 1006.000000 18.000000 5283.000000 0.000000
2.53765988 -1.86445296 -1.23529506 999.000000 18.000000 5057.000000 0.000000
2.50438499 -1.91196895 -1.23605096 1163.000000 22.000000 4516.000000 0.000000
2.47647500 -1.91486001 -1.22774196 1860.000000 39.000000 4420.000000 0.000000
2.46905708 -1.93343902 -1.23000801 1384.000000 27.000000 4727.000000 0.000000
-1.49937296 -2.06589007 -0.99207002 1031.000000 15.000000 4010.000000 0.000000
-1.50983202 -2.05366302 -0.99055898 1903.000000 32.000000 3413.000000 0.000000
2.52396894 -1.75726402 -1.29930997 1450.000000 20.000000 4382.000000 0.000000
2.46730304 -1.88012302 -1.31096196 1830.000000 27.000000 4474.000000 0.000000
2.45282102 -1.89298701 -1.30935502 1859.000000 28.000000 4085.000000 0.000000
2.44188094 -1.90856600 -1.30975699 1454.000000 20.000000 3296.000000 0.000000
2.43586707 -1.92806196 -1.31297100 1327.000000 18.000000 3154.000000 0.000000
2.43256092 -1.94984901 -1.31779301 1315.000000 18.000000 3680.000000 0.000000
2.42552710 -1.96878004 -1.32060504 1197.000000 16.000000 4840.000000 0.000000
2.39147806 -1.96559095 -1.30815005 985.000000 13.000000 5818.000000 0.000000
1.51131701 -1.75412703 -0.96582699 1412.000000 12.000000 3771.000000 0.000000
1.49933898 -1.76197100 -0.96502298 1887.000000 18.000000 3371.000000 0.000000
1.52618003 -1.81602705 -0.99073702 1605.000000 15.000000 3655.000000 0.000000
1.51442397 -1.82465196 -0.99033600 2524.000000 28.000000 3938.000000 0.000000
1.49623799 -1.82540703 -0.98551399 1804.000000 17.000000 4314.000000 0.000000
-1.50414896 -2.10522890 -1.08515799 813.000000 8.000000 4971.000000 0.000000
-1.49769497 -2.06926489 -1.07069302 1936.000000 23.000000 4071.000000 0.000000
-1.51361501 -2.06446600 -1.07310402 2565.000000 35.000000 4043.000000 0.000000
-1.52461505 -2.05293489 -1.07189798 1349.000000 14.000000 4127.000000 0.000000
-1.51081896 -1.98310304 -1.04377306 1791.000000 21.000000 3929.000000 0.000000
-1.52687705 -1.97886801 -1.04658604 1241.000000 13.000000 4411.000000 0.000000
1.53173804 -1.77394700 -1.04320002 645.000000 7.000000 3800.000000 0.000000
1.50550401 -1.76541305 -1.03220296 1206.000000 15.000000 3171.000000 0.000000
1.52096903 -1.80575895 -1.05123496 332.000000 4.000000 4445.000000 0.000000
1.51973295 -1.82688200 -1.05842495 1062.000000 13.000000 3487.000000 0.000000
1.50734198 -1.83477497 -1.05757999 1788.000000 25.000000 3569.000000 0.000000
1.49376702 -1.84117806 -1.05588806 1305.000000 17.000000 4044.000000 0.000000
-1.40726805 -2.08114600 -1.12186599 670.000000 9.000000 4802.000000 0.000000
-1.41234696 -2.06124592 -1.11552203 907.000000 13.000000 4689.000000 0.000000
-1.42960799 -2.05924797 -1.11932802 706.000000 10.000000 4719.000000 0.000000
-1.42453396 -2.02520800 -1.10494804 902.000000 13.000000 4816.000000 0.000000
-1.43535900 -2.01421189 -1.10367894 1012.000000 15.000000 4656.000000 0.000000
-1.45404100 -2.01419401 -1.10875499 1548.000000 25.000000 4282.000000 0.000000
-1.45730102 -1.99278498 -1.10156500 1811.000000 31.000000 4969.000000 0.000000
-1.47272897 -1.98818004 -1.10410202 1548.000000 25.000000 4832.000000 0.000000
-1.49141204 -1.98781502 -1.10917699 794.000000 11.000000 4940.000000 0.000000
-1.51671004 -1.99596405 -1.11932802 1057.000000 16.000000 4180.000000 0.000000
-1.52065694 -1.97583401 -1.11298394 1402.000000 22.000000 4544.000000 0.000000
1.53185296 -1.75913203 -1.11281204 1023.000000 8.000000 3465.000000 0.000000
1.51520002 -1.76171196 -1.10834599 1481.000000 13.000000 3397.000000 0.000000
1.61144495 -1.89718902 -1.19097900 1226.000000 13.000000 4947.000000 0.000000
1.59747505 -1.90429795 -1.18919206 1240.000000 13.000000 4110.000000 0.000000
1.52187502 -1.83686399 -1.13916600 1940.000000 19.000000 3492.000000 0.000000
1.50378096 -1.83785403 -1.13380599 2160.000000 22.000000 3732.000000 0.000000
1.50820899 -1.86654103 -1.14631200 922.000000 7.000000 4278.000000 0.000000
-1.47663701 -2.08995700 -1.22581899 1066.000000 11.000000 4853.000000 0.000000
-1.49151802 -2.08376598 -1.22760606 2446.000000 33.000000 3976.000000 0.000000
-1.50112200 -2.07023096 -1.22492599 2190.000000 28.000000 3573.000000 0.000000
-1.52121699 -2.07107306 -1.23117900 950.000000 10.000000 4151.000000 0.000000
-1.52388597 -2.02225089 -1.21241903 1006.000000 10.000000 3359.000000 0.000000
-1.51019204 -1.97873795 -1.19097900 1530.000000 17.000000 3480.000000 0.000000
1.54040396 -1.77219296 -1.18931901 790.000000 9.000000 2908.000000 0.000000
1.53642595 -1.78964698 -1.19492900 691.000000 8.000000 3465.000000 0.000000
1.64229405 -1.93637800 -1.29029202 684.000000 10.000000 4399.000000 0.000000
1.64630795 -1.96536601 -1.30338097 641.000000 10.000000 3935.000000 0.000000
1.52863204 -1.84823406 -1.21596503 963.000000 14.000000 3164.000000 0.000000
1.51221895 -1.85142601 -1.21175802 1313.000000 21.000000 3257.000000 0.000000
1.50472403 -1.86547899 -1.21502995 978.000000 14.000000 3386.000000 0.000000
1.49766505 -1.88020098 -1.21877003 922.000000 14.000000 4280.000000 0.000000
1.52827799 -1.94278097 -1.25476503 785.000000 11.000000 4320.000000 0.000000
0.51760900 -1.89042497 -0.98410100 866.000000 8.000000 2962.000000 0.000000
0.50599998 -1.89356601 -0.98410100 864.000000 8.000000 2706.000000 0.000000
0.48942500 -1.87782598 -0.97381699 664.000000 5.000000 2532.000000 0.000000
0.47547901 -1.87137496 -0.96867502 320.000000 2.000000 2126.000000 0.000000
-0.52885801 -1.98536503 -1.03411996 486.000000 5.000000 4580.000000 0.000000
-0.53479302 -1.95904398 -1.02149796 1519.000000 15.000000 2957.000000 0.000000
-0.54491299 -1.94891000 -1.01775897 1344.000000 13.000000 3525.000000 0.000000
-0.56748497 -1.98294795 -1.03832698 1603.000000 19.000000 3395.000000 0.000000
-0.58136803 -1.98537099 -1.04159999 1804.000000 22.000000 3427.000000 0.000000
-0.59379101 -1.98261297 -1.04206705 1678.000000 20.000000 3161.000000 0.000000
-0.60311699 -1.96962905 -1.03692496 1131.000000 12.000000 3169.000000 0.000000
-0.61912501 -1.97855401 -1.04393697 627.000000 6.000000 4122.000000 0.000000
-1.49022496 -2.13381910 -1.32395005 719.000000 11.000000 3823.000000 0.000000
-1.47883797 -2.08995605 -1.30151105 1561.000000 28.000000 3781.000000 0.000000
-1.49163401 -2.08084202 -1.30151105 1500.000000 26.000000 3472.000000 0.000000
-1.51681101 -2.08883905 -1.31272995 804.000000 13.000000 3556.000000 0.000000
-1.55181503 -2.05632591 -1.30992603 818.000000 13.000000 3502.000000 0.000000
-1.52208602 -1.99120998 -1.27299595 945.000000 14.000000 3530.000000 0.000000
1.55191696 -1.76332605 -1.26960099 1353.000000 15.000000 3232.000000 0.000000
1.54049695 -1.77215695 -1.26911104 1233.000000 13.000000 3831.000000 0.000000
1.56519496 -1.86905003 -1.31965804 1075.000000 11.000000 3278.000000 0.000000
1.53039098 -1.85040498 -1.29904604 1717.000000 20.000000 3499.000000 0.000000
1.51570404 -1.85571003 -1.29610205 1475.000000 16.000000 3518.000000 0.000000
1.54309905 -1.91314900 -1.33094501 1129.000000 12.000000 3905.000000 0.000000
0.49432299 -1.80144298 -0.99870598 1035.000000 6.000000 3295.000000 0.000000
0.50348902 -1.88020504 -1.04287398 1564.000000 10.000000 2997.000000 0.000000
0.49018601 -1.87651396 -1.03894806 1503.000000 10.000000 3326.000000 0.000000
0.47501799 -1.86512995 -1.03060496 1110.000000 7.000000 3345.000000 0.000000
0.46021700 -1.85447598 -1.02275300 1592.000000 11.000000 3389.000000 0.000000
0.44250399 -1.83100605 -1.00753999 1331.000000 8.000000 3626.000000 0.000000
-0.52705801 -2.03167701 -1.12875605 530.000000 3.000000 4499.000000 0.000000
-0.51616299 -1.94085002 -1.07771695 1626.000000 11.000000 3528.000000 0.000000
-0.53196698 -1.95193505 -1.08606005 1732.000000 14.000000 3642.000000 0.000000
-0.55732000 -1.99645996 -1.11403298 2174.000000 19.000000 3430.000000 0.000000
-0.56955898 -1.99300301 -1.11403298 2086.000000 18.000000 3477.000000 0.000000
-0.57810098 -1.97692895 -1.10667205 1705.000000 13.000000 3574.000000 0.000000
-0.59822798 -2.00005102 -1.12237597 932.000000 6.000000 3988.000000 0.000000
-1.42479002 -2.12143898 -1.38591003 1603.000000 20.000000 3731.000000 0.000000
-1.43532705 -2.10905600 -1.38345599 1589.000000 20.000000 3696.000000 0.000000
-1.44626105 -2.09734106 -1.38149297 1536.000000 19.000000 2733.000000 0.000000
-1.45360899 -2.08057404 -1.37609398 2018.000000 27.000000 3005.000000 0.000000
-1.46785903 -2.07374907 -1.37756705 2034.000000 28.000000 3512.000000 0.000000
-1.48258805 -2.06753397 -1.37952995 2156.000000 30.000000 3327.000000 0.000000
-1.49883401 -2.06333089 -1.38296497 1422.000000 17.000000 2575.000000 0.000000
-1.49715805 -1.98326004 -1.34615898 1739.000000 20.000000 3402.000000 0.000000
0.54391098 -1.91281497 -1.12714696 739.000000 7.000000 2899.000000 0.000000
0.52706200 -1.89790201 -1.11591196 1264.000000 12.000000 3264.000000 0.000000
0.51971698 -1.91685700 -1.12561500 1506.000000 17.000000 3267.000000 0.000000
0.50217998 -1.89841294 -1.11233699 1255.000000 12.000000 3348.000000 0.000000
0.48770601 -1.89064205 -1.10569799 1000.000000 9.000000 3309.000000 0.000000
0.46932799 -1.86693203 -1.08935595 700.000000 6.000000 3407.000000 0.000000
0.45394200 -1.85391903 -1.07965302 1181.000000 11.000000 3212.000000 0.000000
0.45262200 -1.89846301 -1.10518706 568.000000 5.000000 3903.000000 0.000000
0.45724401 -1.97068298 -1.14757502 441.000000 4.000000 3958.000000 0.000000
0.44667199 -1.98015797 -1.15165997 379.000000 3.000000 4141.000000 0.000000
-0.48613200 -2.05663490 -1.20119798 493.000000 5.000000 4559.000000 0.000000
-0.52324998 -1.99333000 -1.17004502 889.000000 9.000000 3531.000000 0.000000
-0.52993101 -1.96931398 -1.15727794 1243.000000 14.000000 3185.000000 0.000000
-0.54155099 -1.96436703 -1.15625703 1168.000000 13.000000 3326.000000 0.000000
-0.55915701 -1.98087704 -1.16851294 1332.000000 15.000000 3017.000000 0.000000
-0.58077598 -2.01046801 -1.18894100 916.000000 9.000000 2955.000000 0.000000
-0.62842399 -2.12732005 -1.26350200 410.000000 4.000000 3746.000000 0.000000
0.56399101 -1.92285097 -1.21002400 711.000000 5.000000 3575.000000 0.000000
0.55241400 -1.92708802 -1.21055806 1015.000000 7.000000 2715.000000 0.000000
0.53580302 -1.91333902 -1.19934595 1274.000000 9.000000 2733.000000 0.000000
0.52071702 -1.90435505 -1.19133699 1464.000000 11.000000 2777.000000 0.000000
0.50771803 -1.90261102 -1.18813396 1275.000000 9.000000 2750.000000 0.000000
0.49114901 -1.88686705 -1.17585397 1027.000000 7.000000 3048.000000 0.000000
0.46960801 -1.85049796 -1.15022600 1370.000000 9.000000 3171.000000 0.000000
0.46552899 -1.88290000 -1.16944695 938.000000 6.000000 3617.000000 0.000000
0.47626099 -1.97862995 -1.22977901 948.000000 7.000000 3971.000000 0.000000
0.44392601 -1.89505804 -1.17371798 892.000000 5.000000 3471.000000 0.000000
0.41918701 -1.84002697 -1.13634396 1121.000000 7.000000 3952.000000 0.000000
0.43484300 -1.96476698 -1.21536303 736.000000 5.000000 4357.000000 0.000000
-0.49989000 -2.19367290 -1.36539197 903.000000 7.000000 4051.000000 0.000000
-0.50366902 -2.14940906 -1.33869600 700.000000 5.000000 3672.000000 0.000000
-0.51426703 -2.13559294 -1.33175504 720.000000 6.000000 3936.000000 0.000000
-0.51474297 -2.08151507 -1.29865301 856.000000 7.000000 3610.000000 0.000000
-0.51061100 -2.01194501 -1.25540602 1296.000000 10.000000 3122.000000 0.000000
-0.50884998 -1.95477796 -1.22016799 1479.000000 11.000000 2588.000000 0.000000
-0.52061599 -1.95080197 -1.21963406 1541.000000 12.000000 3110.000000 0.000000
-0.54420400 -1.98997295 -1.24739802 1067.000000 8.000000 2795.000000 0.000000
-0.59503901 -2.12417102 -1.33762801 651.000000 5.000000 2940.000000 0.000000
-0.67208999 -2.19055605 -1.39155304 763.000000 8.000000 3453.000000 0.000000
-0.64014697 -2.04200006 -1.29598296 742.000000 6.000000 4003.000000 0.000000
-0.69711202 -2.17650795 -1.38781595 748.000000 7.000000 3128.000000 0.000000
0.54519498 -1.93187797 -1.27770603 699.000000 7.000000 2847.000000 0.000000
0.53266197 -1.93278003 -1.27604604 804.000000 8.000000 2690.000000 0.000000
0.51533800 -1.91591597 -1.26221097 989.000000 10.000000 2808.000000 0.000000
0.50080001 -1.90857506 -1.25501704 1010.000000 11.000000 2883.000000 0.000000
0.48512301 -1.89628899 -1.24450195 1107.000000 12.000000 3228.000000 0.000000
0.46981800 -1.88469100 -1.23454106 1016.000000 11.000000 3198.000000 0.000000
0.47034600 -1.93688405 -1.26829803 689.000000 7.000000 3600.000000 0.000000
0.46986401 -1.98753297 -1.30094802 673.000000 7.000000 3716.000000 0.000000
0.43787399 -1.90518904 -1.24284196 798.000000 8.000000 3613.000000 0.000000
0.45424399 -2.03214788 -1.32751095 521.000000 6.000000 3419.000000 0.000000
0.42838201 -1.97387803 -1.28600705 629.000000 6.000000 4342.000000 0.000000
-0.48466700 -2.08928704 -1.36901498 742.000000 9.000000 3619.000000 0.000000
-0.49537101 -2.07735705 -1.36292803 736.000000 9.000000 3529.000000 0.000000
-0.50476801 -2.06051898 -1.35352099 781.000000 9.000000 3629.000000 0.000000
-0.50491297 -2.00727391 -1.31921005 1044.000000 11.000000 3290.000000 0.000000
-0.51618803 -2.00010300 -1.31644297 1158.000000 13.000000 3199.000000 0.000000
-0.52253401 -1.97433996 -1.30094802 1097.000000 12.000000 2785.000000 0.000000
-0.53355700 -1.96707499 -1.29818106 1085.000000 12.000000 2920.000000 0.000000
-0.56264901 -2.02559590 -1.34079301 889.000000 11.000000 2798.000000 0.000000
-0.60687101 -2.08575892 -1.38727701 743.000000 9.000000 3141.000000 0.000000
-0.61706197 -2.07320905 -1.38118994 681.000000 8.000000 3449.000000 0.000000
-0.63217998 -2.07735705 -1.38672400 602.000000 7.000000 3557.000000 0.000000
-0.63803399 -2.05115509 -1.37122905 601.000000 7.000000 3867.000000 0.000000
-0.64509398 -2.02972603 -1.35905397 650.000000 8.000000 3466.000000 0.000000
-0.65957999 -2.03207207 -1.36348200 722.000000 9.000000 3442.000000 0.000000
0.53696698 -1.92518103 -1.35106099 1139.000000 8.000000 2559.000000 0.000000
0.52150202 -1.91502905 -1.34126902 1391.000000 11.000000 2498.000000 0.000000
0.50094903 -1.88500500 -1.31707597 1208.000000 9.000000 2943.000000 0.000000
0.48732799 -1.88012898 -1.31131601 1303.000000 10.000000 3132.000000 0.000000
0.48077399 -1.90290105 -1.32571697 964.000000 7.000000 3041.000000 0.000000
0.47746500 -1.93995297 -1.35048497 867.000000 6.000000 2347.000000 0.000000
0.47219899 -1.97067404 -1.37064505 1389.000000 11.000000 2728.000000 0.000000
0.45843300 -1.96636796 -1.36546099 931.000000 6.000000 2817.000000 0.000000
0.45194301 -1.99386203 -1.38331699 752.000000 6.000000 2578.000000 0.000000
-0.50210702 -1.97001600 -1.37525296 1428.000000 11.000000 2941.000000 0.000000
-0.51024598 -1.95187402 -1.36430895 1371.000000 10.000000 2831.000000 0.000000
-1.57753205 1.36213100 -0.57514501 1327.000000 12.000000 5708.000000 0.000000
-1.60744798 1.40514004 -0.59028602 1723.000000 17.000000 4676.000000 0.000000
-1.61389101 1.42828596 -0.59628600 2320.000000 26.000000 4066.000000 0.000000
-1.61153102 1.44390500 -0.59885699 2601.000000 31.000000 4253.000000 0.000000
-1.63395405 1.39165199 -0.65241802 616.000000 3.000000 4648.000000 0.000000
-1.62754297 1.40351605 -0.65334702 2753.000000 23.000000 5084.000000 0.000000
-1.61889994 1.41347599 -0.65334702 3677.000000 41.000000 4614.000000 0.000000
-1.61019695 1.42338300 -0.65334702 3598.000000 38.000000 4205.000000 0.000000
-1.58514702 1.41864204 -0.64622098 2261.000000 17.000000 3962.000000 0.000000
-1.62064898 1.37668800 -0.70079100 1085.000000 10.000000 5416.000000 0.000000
-1.61288702 1.38722003 -0.70112300 2351.000000 27.000000 5077.000000 0.000000
-1.60933304 1.40141702 -0.70344698 2650.000000 32.000000 4640.000000 0.000000
-1.59715998 1.40815306 -0.70178699 2043.000000 22.000000 4421.000000 0.000000
-1.63148904 1.45616198 -0.72203898 602.000000 6.000000 3860.000000 0.000000
-1.66949403 1.50843000 -0.74428201 321.000000 3.000000 2598.000000 0.000000
-1.66508698 1.52309299 -0.74660599 741.000000 7.000000 2508.000000 0.000000
-1.65848303 1.53584003 -0.74793398 1762.000000 20.000000 3070.000000 0.000000
-1.63662100 1.53439701 -0.74195802 606.000000 6.000000 2480.000000 0.000000
-1.62923098 1.54635501 -0.74295402 142.000000 1.000000 2225.000000 0.000000
-1.61630499 1.55306101 -0.74129403 91.000000 1.000000 2196.000000 0.000000
-1.60652196 1.35180295 -0.75156200 1481.000000 9.000000 4700.000000 0.000000
-1.59535396 1.35921001 -0.75013798 2866.000000 25.000000 4265.000000 0.000000
-1.58769095 1.36958396 -0.75049400 3101.000000 28.000000 4134.000000 0.000000
-1.57151997 1.37253296 -0.74657702 2156.000000 16.000000 3825.000000 0.000000
-1.53718305 1.35923004 -0.73340100 558.000000 3.000000 3864.000000 0.000000
-1.64883602 1.51310802 -0.80426300 1726.000000 13.000000 3568.000000 0.000000
-1.60325801 1.48946500 -0.78539002 1441.000000 10.000000 3097.000000 0.000000
-1.60693800 1.34164596 -0.80474102 675.000000 6.000000 4433.000000 0.000000
-1.59088504 1.34492004 -0.80058700 2312.000000 26.000000 4908.000000 0.000000
-1.59035301 1.36126399 -0.80474102 2701.000000 34.000000 4442.000000 0.000000
-1.58897996 1.37704694 -0.80851799 2134.000000 23.000000 4342.000000 0.000000
-1.58119798 1.38738096 -0.80889601 627.000000 5.000000 4438.000000 0.000000
-1.63670301 1.50843203 -0.85874897 1502.000000 17.000000 3319.000000 0.000000
-1.58876002 1.48251200 -0.83722198 812.000000 8.000000 3163.000000 0.000000
-1.59063399 1.32321405 -0.85774601 1230.000000 7.000000 4695.000000 0.000000
-1.58598399 1.33590102 -0.85975403 2544.000000 20.000000 4899.000000 0.000000
-1.57566905 1.34382296 -0.85854900 2781.000000 24.000000 4646.000000 0.000000
-1.58055496 1.36484599 -0.86618298 2079.000000 15.000000 4212.000000 0.000000
-1.60601795 1.47529805 -0.90676397 859.000000 6.000000 3590.000000 0.000000
-1.62360406 1.29874301 -0.91970301 539.000000 4.000000 3527.000000 0.000000
-1.62124705 1.31323302 -0.92308599 347.000000 3.000000 3437.000000 0.000000
-1.59942305 1.32840800 -0.91970301 1301.000000 12.000000 4468.000000 0.000000
-1.58637905 1.33412504 -0.91674203 2028.000000 22.000000 4209.000000 0.000000
-1.57816303 1.34383297 -0.91674203 2126.000000 23.000000 3716.000000 0.000000
-1.57470000 1.35762405 -0.91970301 1287.000000 12.000000 3423.000000 0.000000
-1.59805405 1.41216898 -0.94465601 934.000000 9.000000 3409.000000 0.000000
-1.59274197 1.42496204 -0.94677103 1526.000000 17.000000 3989.000000 0.000000
-1.57656705 1.42803097 -0.94211799 1035.000000 11.000000 3713.000000 0.000000
-1.64806402 1.51101196 -0.99286997 815.000000 8.000000 3463.000000 0.000000
-1.54427099 1.25504100 -0.94173902 2149.000000 16.000000 5802.000000 0.000000
-1.52894700 1.25823402 -0.93682599 2646.000000 22.000000 6191.000000 0.000000
-1.52119696 1.26759195 -0.93682599 2770.000000 24.000000 5687.000000 0.000000
-1.53252697 1.29306996 -0.94933200 2444.000000 19.000000 4391.000000 0.000000
-1.55719697 1.33036697 -0.97077298 1836.000000 13.000000 3773.000000 0.000000
-1.50712001 1.31988001 -0.94843900 1482.000000 10.000000 4541.000000 0.000000
-1.49966204 1.32969701 -0.94888598 1450.000000 9.000000 4011.000000 0.000000
-1.49746394 1.34425700 -0.95290601 1539.000000 10.000000 4239.000000 0.000000
-1.51499295 1.37690496 -0.97032601 1218.000000 7.000000 4173.000000 0.000000
-1.68022501 1.54622602 -1.08824599 1170.000000 10.000000 3475.000000 0.000000
-1.50910497 1.40576804 -0.97791898 1413.000000 10.000000 4210.000000 0.000000
-1.62162399 1.32122898 -1.05375397 906.000000 9.000000 3526.000000 0.000000
-1.57523596 1.29972899 -1.02757502 1512.000000 17.000000 3636.000000 0.000000
-1.56791103 1.30993497 -1.02804303 1743.000000 21.000000 3428.000000 0.000000
-1.55646300 1.31668305 -1.02570605 1473.000000 17.000000 3383.000000 0.000000
-1.58467495 1.35718596 -1.05094898 894.000000 9.000000 2632.000000 0.000000
-1.65382695 1.29666400 -1.13022804 956.000000 7.000000 3666.000000 0.000000
-1.56331694 1.24117506 -1.07084703 1472.000000 10.000000 4420.000000 0.000000
-1.55635095 1.25129104 -1.07133806 1633.000000 11.000000 3912.000000 0.000000
-1.54729295 1.25971496 -1.07035601 1588.000000 11.000000 4112.000000 0.000000
-1.53953505 1.26918602 -1.07035601 1574.000000 10.000000 3975.000000 0.000000
-1.53773499 1.28363800 -1.07477295 2049.000000 15.000000 4028.000000 0.000000
-1.53049397 1.29361200 -1.07526398 2025.000000 15.000000 4027.000000 0.000000
-1.54039097 1.31828701 -1.08851397 1260.000000 9.000000 3659.000000 0.000000
-1.64875495 1.42878699 -1.17537701 1005.000000 8.000000 3307.000000 0.000000
-1.67839396 1.27423096 -1.19762301 967.000000 10.000000 3776.000000 0.000000
-1.63504505 1.25732803 -1.17106700 986.000000 10.000000 3210.000000 0.000000
-1.58109701 1.23151195 -1.13634002 1159.000000 13.000000 4267.000000 0.000000
-1.56877804 1.23747301 -1.13276505 1277.000000 14.000000 3712.000000 0.000000
-1.55375302 1.24118900 -1.12714696 1476.000000 17.000000 3289.000000 0.000000
-1.54209006 1.24746394 -1.12408304 1522.000000 18.000000 3058.000000 0.000000
-1.53040898 1.25364304 -1.12101901 1712.000000 18.000000 3209.000000 0.000000
-1.52335095 1.26355696 -1.12153006 1519.000000 15.000000 2937.000000 0.000000
-1.52678204 1.28225601 -1.13021100 1223.000000 13.000000 2946.000000 0.000000
-1.52282298 1.29493296 -1.13327599 1238.000000 14.000000 2767.000000 0.000000
-1.53247404 1.31936002 -1.14706397 1052.000000 11.000000 2505.000000 0.000000
-1.52629697 1.33042800 -1.14859605 1131.000000 12.000000 2820.000000 0.000000
-1.55556500 1.37268400 -1.17821598 1063.000000 11.000000 3214.000000 0.000000
-1.59464800 1.42448997 -1.21600795 766.000000 8.000000 3361.000000 0.000000
-1.57260501 1.23508298 -1.20735395 1232.000000 9.000000 3447.000000 0.000000
-1.55469704 1.25216496 -1.20521903 1167.000000 8.000000 2415.000000 0.000000
-1.54240096 1.25793695 -1.20148098 1240.000000 9.000000 2544.000000 0.000000
-1.52813697 1.26198804 -1.19614196 1554.000000 12.000000 3184.000000 0.000000
-1.51841998 1.26971197 -1.19454098 1643.000000 13.000000 3355.000000 0.000000
-1.52027500 1.28720796 -1.20254898 1255.000000 9.000000 2648.000000 0.000000
-1.53159404 1.31303501 -1.21856701 1130.000000 8.000000 2418.000000 0.000000
-1.51585102 1.31575203 -1.21215999 1253.000000 9.000000 2811.000000 0.000000
-0.67108500 1.48746502 -0.91521001 378.000000 2.000000 3764.000000 0.000000
-0.66405100 1.49626398 -0.91827399 907.000000 6.000000 4328.000000 0.000000
-0.65866399 1.50896800 -0.92389101 670.000000 4.000000 4210.000000 0.000000
-0.63949800 1.49009597 -0.90908098 957.000000 6.000000 3929.000000 0.000000
-0.61386102 1.45522106 -0.88405699 1825.000000 14.000000 4002.000000 0.000000
-0.59729499 1.44071496 -0.87231100 2199.000000 18.000000 4061.000000 0.000000
-0.57015300 1.39981604 -0.84371299 1593.000000 12.000000 4124.000000 0.000000
-0.55672699 1.39132798 -0.83605200 1185.000000 8.000000 4226.000000 0.000000
-0.58778501 1.49462497 -0.89988899 778.000000 5.000000 3393.000000 0.000000
-0.58827299 1.52304006 -0.91571999 933.000000 6.000000 3081.000000 0.000000
-0.68044400 1.49712503 -0.98311198 437.000000 2.000000 2564.000000 0.000000
-0.68261200 1.52675402 -1.00073099 699.000000 4.000000 3472.000000 0.000000
-0.61543202 1.44720805 -0.93773001 1377.000000 8.000000 3164.000000 0.000000
-0.60198498 1.44003105 -0.93025500 1681.000000 10.000000 2916.000000 0.000000
-0.59377903 1.44526196 -0.93132299 2094.000000 14.000000 2874.000000 0.000000
-0.58490002 1.44887900 -0.93132299 2061.000000 13.000000 2563.000000 0.000000
-0.57693100 1.45479906 -0.93292499 1907.000000 12.000000 2942.000000 0.000000
-0.56799400 1.45831203 -0.93292499 1570.000000 9.000000 3088.000000 0.000000
-0.57349801 1.49969101 -0.95855200 1015.000000 5.000000 2908.000000 0.000000
-0.55183399 1.46992302 -0.93612802 633.000000 3.000000 2985.000000 0.000000
-0.62668598 1.46858203 -1.00488400 1019.000000 7.000000 3015.000000 0.000000
-0.59820098 1.42637002 -0.97167999 1600.000000 12.000000 3494.000000 0.000000
-0.59870797 1.45231903 -0.98772901 1887.000000 15.000000 3465.000000 0.000000
-0.58789599 1.45133805 -0.98440802 1779.000000 14.000000 3382.000000 0.000000
-0.58021998 1.45800996 -0.98662198 1306.000000 9.000000 3189.000000 0.000000
-0.58409202 1.49408901 -1.00986397 1044.000000 8.000000 2917.000000 0.000000
-0.59145099 1.54036605 -1.04030097 690.000000 5.000000 2580.000000 0.000000
-0.64384300 1.46803904 -1.07227504 1128.000000 6.000000 3038.000000 0.000000
-0.62093300 1.43967199 -1.04750597 1402.000000 8.000000 3261.000000 0.000000
-0.60794801 1.43366802 -1.04001796 1659.000000 10.000000 3102.000000 0.000000
-0.59882599 1.43661594 -1.03944194 1832.000000 11.000000 2817.000000 0.000000
-0.59030902 1.44102001 -1.04001796 1738.000000 11.000000 2714.000000 0.000000
-0.58084702 1.44309795 -1.03886604 1827.000000 11.000000 2617.000000 0.000000
-0.57617903 1.45728099 -1.04692996 1427.000000 8.000000 2775.000000 0.000000
-0.57873797 1.49051905 -1.06939495 861.000000 5.000000 2414.000000 0.000000
-0.65483201 1.46467996 -1.12964904 838.000000 6.000000 2686.000000 0.000000
-0.63280600 1.43927705 -1.10584998 987.000000 8.000000 2363.000000 0.000000
-0.62042999 1.43502796 -1.09930599 1066.000000 8.000000 2517.000000 0.000000
-0.61446297 1.44545698 -1.10466003 914.000000 7.000000 2369.000000 0.000000
-0.60152501 1.43957102 -1.09692597 1057.000000 8.000000 2365.000000 0.000000
-0.59145099 1.44026399 -1.09454596 1137.000000 9.000000 2383.000000 0.000000
-0.58230001 1.44312203 -1.09395099 1306.000000 11.000000 2537.000000 0.000000
-0.57432902 1.44890702 -1.09573603 1125.000000 9.000000 2347.000000 0.000000
-0.59099001 1.51749003 -1.14749706 743.000000 6.000000 2675.000000 0.000000
-0.65900201 1.43620598 -1.18003297 889.000000 5.000000 2448.000000 0.000000
-0.63725400 1.41152501 -1.15534604 1053.000000 6.000000 2884.000000 0.000000
-0.62475801 1.40677500 -1.14794004 1176.000000 7.000000 2542.000000 0.000000
-0.60668701 1.38894200 -1.12942505 1468.000000 9.000000 2475.000000 0.000000
-0.59784299 1.39191496 -1.12880802 1730.000000 11.000000 2725.000000 0.000000
-0.58990198 1.39700699 -1.13004196 1758.000000 12.000000 2773.000000 0.000000
-0.58131897 1.40060103 -1.13004196 1706.000000 11.000000 2468.000000 0.000000
-0.57389998 1.40705597 -1.13251102 1580.000000 10.000000 2252.000000 0.000000
-0.56525600 1.41055095 -1.13251102 1844.000000 13.000000 2537.000000 0.000000
-0.55745298 1.41619098 -1.13436198 1927.000000 13.000000 2709.000000 0.000000
-0.55186498 1.42765999 -1.14115095 1517.000000 10.000000 2415.000000 0.000000
-0.61720300 1.38229001 -1.18552101 976.000000 8.000000 2426.000000 0.000000
-0.60839701 1.38534498 -1.18488503 946.000000 8.000000 2758.000000 0.000000
-0.60204399 1.39400697 -1.18933296 857.000000 7.000000 2401.000000 0.000000
-0.59226298 1.39483595 -1.18679094 827.000000 6.000000 2318.000000 0.000000
-0.58039600 1.39061606 -1.17980194 1106.000000 9.000000 2528.000000 0.000000
-0.57214803 1.39486396 -1.18043697 1233.000000 10.000000 2815.000000 0.000000
-0.56299698 1.39691806 -1.17916703 1119.000000 9.000000 2975.000000 0.000000
-0.56272399 1.42114103 -1.19759297 897.000000 7.000000 2511.000000 0.000000
0.31787601 1.54588401 -0.64238697 1720.000000 9.000000 4169.000000 0.000000
0.33002499 1.55644298 -0.64801198 2821.000000 21.000000 4383.000000 0.000000
0.33917600 1.55260003 -0.64720899 3056.000000 24.000000 4214.000000 0.000000
0.34909999 1.55227602 -0.64801198 2756.000000 20.000000 4094.000000 0.000000
0.35799700 1.54742897 -0.64680701 2406.000000 16.000000 3708.000000 0.000000
0.36791000 1.54698503 -0.64761001 1820.000000 11.000000 3400.000000 0.000000
0.32298201 1.57054102 -0.69766200 714.000000 4.000000 2587.000000 0.000000
0.32722899 1.54280806 -0.68539703 1897.000000 14.000000 3846.000000 0.000000
0.33783501 1.54608595 -0.68793499 2590.000000 23.000000 4086.000000 0.000000
0.34731600 1.54398406 -0.68793499 2683.000000 24.000000 4101.000000 0.000000
0.35678300 1.54182398 -0.68793499 2676.000000 24.000000 3851.000000 0.000000
0.36644399 1.54048800 -0.68835801 2292.000000 19.000000 4057.000000 0.000000
0.37354901 1.52852094 -0.68370497 1725.000000 13.000000 3784.000000 0.000000
0.40993899 1.59319603 -0.71711701 246.000000 1.000000 1891.000000 0.000000
0.41970700 1.59064996 -0.71711701 259.000000 1.000000 1925.000000 0.000000
0.33760199 1.53911304 -0.73493302 2031.000000 13.000000 3664.000000 0.000000
0.34802800 1.54137504 -0.73716599 2879.000000 22.000000 4215.000000 0.000000
0.35707301 1.53746796 -0.73627299 3038.000000 24.000000 3958.000000 0.000000
0.36691701 1.53698802 -0.73716599 2832.000000 21.000000 3922.000000 0.000000
0.37762401 1.53992105 -0.73984599 2614.000000 19.000000 3947.000000 0.000000
0.38706601 1.53757501 -0.73984599 1726.000000 10.000000 3894.000000 0.000000
0.40143099 1.55422401 -0.74967301 550.000000 2.000000 3336.000000 0.000000
0.34416300 1.55371499 -0.78916699 1040.000000 7.000000 3156.000000 0.000000
0.34902999 1.53087497 -0.77794802 1831.000000 14.000000 3705.000000 0.000000
0.35921401 1.53215003 -0.77981800 2066.000000 16.000000 3756.000000 0.000000
0.36840400 1.52905703 -0.77935100 1990.000000 16.000000 3475.000000 0.000000
0.37735900 1.52505004 -0.77841598 1601.000000 12.000000 3110.000000 0.000000
0.38692501 1.52356398 -0.77888298 1164.000000 8.000000 3434.000000 0.000000
0.36120501 1.38504601 -0.70455599 847.000000 5.000000 4108.000000 0.000000
0.36005899 1.58812201 -0.86374998 961.000000 5.000000 3439.000000 0.000000
0.35788101 1.53498101 -0.83430499 1757.000000 10.000000 3414.000000 0.000000
0.36423600 1.52005005 -0.82694298 2204.000000 14.000000 3638.000000 0.000000
0.37836301 1.53724098 -0.83823103 2681.000000 20.000000 3970.000000 0.000000
0.38628900 1.52897799 -0.83479500 2369.000000 16.000000 3564.000000 0.000000
0.38491499 1.48526096 -0.81074899 2177.000000 14.000000 4037.000000 0.000000
0.36713901 1.54850602 -0.89120698 1154.000000 8.000000 3259.000000 0.000000
0.37301201 1.53117704 -0.88201499 1601.000000 12.000000 3420.000000 0.000000
0.38136899 1.52468705 -0.87946099 1841.000000 14.000000 3475.000000 0.000000
0.39092800 1.52315104 -0.87997198 1762.000000 13.000000 3368.000000 0.000000
0.40005001 1.51989198 -0.87946099 1410.000000 10.000000 3233.000000 0.000000
0.41358000 1.53319204 -0.88916397 1051.000000 7.000000 3563.000000 0.000000
0.39338699 1.63504696 -1.00660396 885.000000 5.000000 2507.000000 0.000000
0.38082001 1.54150701 -0.94734001 1223.000000 7.000000 3210.000000 0.000000
0.38651699 1.52439201 -0.93773001 2019.000000 13.000000 3548.000000 0.000000
0.39586300 1.52199197 -0.93773001 2098.000000 14.000000 3465.000000 0.000000
0.40716201 1.52688503 -0.94253498 1742.000000 10.000000 3059.000000 0.000000
0.41629899 1.52354300 -0.94200099 1471.000000 8.000000 3047.000000 0.000000
0.42861199 1.53154302 -0.94894201 1022.000000 5.000000 3248.000000 0.000000
0.45061499 1.57276595 -0.97777301 629.000000 3.000000 2473.000000 0.000000
0.48602399 1.65757895 -1.03543496 691.000000 3.000000 2210.000000 0.000000
0.41262600 1.68090105 -1.09397995 811.000000 6.000000 2179.000000 0.000000
0.39674699 1.57327199 -1.02203906 888.000000 7.000000 2787.000000 0.000000
0.39297801 1.51835597 -0.98606902 1282.000000 9.000000 3124.000000 0.000000
0.40566799 1.52880704 -0.99492300 1476.000000 11.000000 3224.000000 0.000000
0.41504100 1.52628899 -0.99492300 1627.000000 12.000000 3310.000000 0.000000
0.42439899 1.52371299 -0.99492300 1524.000000 11.000000 3044.000000 0.000000
0.43283501 1.51787400 -0.99270898 1357.000000 10.000000 3576.000000 0.000000
0.44398901 1.52159202 -0.99713600 761.000000 5.000000 3201.000000 0.000000
0.47360799 1.58753598 -1.04472804 523.000000 4.000000 2771.000000 0.000000
0.41334200 1.66529596 -1.15176296 893.000000 5.000000 2028.000000 0.000000
0.39783901 1.56214702 -1.07861102 1026.000000 6.000000 1852.000000 0.000000
0.39953899 1.52962995 -1.05672300 1177.000000 7.000000 2260.000000 0.000000
0.40955400 1.52951801 -1.05845106 1329.000000 8.000000 3005.000000 0.000000
0.41480801 1.51200199 -1.04750597 1600.000000 10.000000 3042.000000 0.000000
0.42385599 1.50864100 -1.04692996 1864.000000 12.000000 3152.000000 0.000000
0.43423799 1.50993896 -1.04981005 1922.000000 12.000000 3044.000000 0.000000
0.44187400 1.50175798 -1.04577804 1680.000000 10.000000 3098.000000 0.000000
0.45698699 1.51858199 -1.06017900 1525.000000 10.000000 3454.000000 0.000000
0.46340400 1.50637698 -1.05326700 1138.000000 7.000000 2803.000000 0.000000
0.48443899 1.54092598 -1.08091497 612.000000 3.000000 2566.000000 0.000000
0.52396297 1.63129306 -1.15003502 710.000000 4.000000 2411.000000 0.000000
0.41117200 1.58073199 -1.15106702 564.000000 4.000000 2015.000000 0.000000
0.42127299 1.57973397 -1.15225697 498.000000 3.000000 2535.000000 0.000000
0.42236200 1.54530597 -1.12786400 606.000000 4.000000 2463.000000 0.000000
0.42476001 1.51712298 -1.10822999 728.000000 5.000000 2725.000000 0.000000
0.43406099 1.51448798 -1.10822999 944.000000 7.000000 2631.000000 0.000000
0.43909100 1.49713004 -1.09692597 1080.000000 9.000000 2679.000000 0.000000
0.44781101 1.49286604 -1.09573603 1224.000000 10.000000 2723.000000 0.000000
0.45743001 1.49162900 -1.09692597 1170.000000 10.000000 2728.000000 0.000000
0.46657401 1.48879397 -1.09692597 1036.000000 8.000000 2734.000000 0.000000
0.47667101 1.48896801 -1.09930599 960.000000 7.000000 2642.000000 0.000000
0.48876801 1.49519098 -1.10644495 838.000000 6.000000 2557.000000 0.000000
0.50095898 1.50132203 -1.11358500 812.000000 6.000000 2617.000000 0.000000
0.53353500 1.56752598 -1.16772604 605.000000 4.000000 2781.000000 0.000000
0.40737700 1.51210296 -1.16892397 971.000000 5.000000 2089.000000 0.000000
0.41118500 1.48986006 -1.15287805 1341.000000 8.000000 2098.000000 0.000000
0.41967499 1.48503804 -1.15102601 1342.000000 8.000000 2240.000000 0.000000
0.43009499 1.48696899 -1.15472901 1566.000000 10.000000 2298.000000 0.000000
0.43943501 1.48505604 -1.15534604 1750.000000 12.000000 2507.000000 0.000000
0.44785300 1.48007298 -1.15349495 1530.000000 10.000000 2522.000000 0.000000
0.45692599 1.47729802 -1.15349495 1584.000000 10.000000 2496.000000 0.000000
0.46812299 1.48121595 -1.15904999 1349.000000 8.000000 2320.000000 0.000000
0.47308099 1.46559095 -1.14855695 1076.000000 6.000000 2289.000000 0.000000
0.48824000 1.48133695 -1.16398704 856.000000 5.000000 2029.000000 0.000000
0.49681699 1.47682202 -1.16275203 1039.000000 6.000000 2251.000000 0.000000
1.32937503 1.58377194 -0.41271400 2867.000000 24.000000 2865.000000 0.000000
1.33969998 1.57632899 -0.41293001 2599.000000 20.000000 2778.000000 0.000000
1.34807301 1.56659901 -0.41249800 2839.000000 24.000000 3461.000000 0.000000
1.36343706 1.56491995 -0.41444001 2373.000000 18.000000 3920.000000 0.000000
1.38400197 1.56896698 -0.41810799 433.000000 2.000000 6169.000000 0.000000
1.32488596 1.71235597 -0.48740101 1887.000000 19.000000 5061.000000 0.000000
1.33536804 1.70419395 -0.48740101 1809.000000 18.000000 5062.000000 0.000000
1.33528304 1.58033395 -0.46377000 2674.000000 32.000000 4612.000000 0.000000
1.34306502 1.56989396 -0.46305400 3197.000000 45.000000 4858.000000 0.000000
1.35267305 1.56162405 -0.46305400 3134.000000 43.000000 4991.000000 0.000000
1.36414599 1.55548799 -0.46377000 2406.000000 27.000000 5153.000000 0.000000
1.37366402 1.54708898 -0.46377000 1067.000000 9.000000 5840.000000 0.000000
1.33200800 1.71034002 -0.54544097 2724.000000 22.000000 3440.000000 0.000000
1.34905505 1.71046400 -0.54833400 2586.000000 20.000000 3801.000000 0.000000
1.34881794 1.56691897 -0.51808602 2454.000000 19.000000 3844.000000 0.000000
1.35142899 1.55061698 -0.51519197 3458.000000 35.000000 4131.000000 0.000000
1.35900199 1.54012704 -0.51440299 3684.000000 40.000000 4192.000000 0.000000
1.37099898 1.53463602 -0.51545501 3020.000000 27.000000 4247.000000 0.000000
1.38557100 1.53191495 -0.51755899 1678.000000 11.000000 4391.000000 0.000000
1.34016895 1.71583295 -0.60285699 2237.000000 25.000000 4188.000000 0.000000
1.34592700 1.70155597 -0.60057098 1843.000000 19.000000 4589.000000 0.000000
1.34786904 1.54168200 -0.56428897 2134.000000 23.000000 4676.000000 0.000000
1.35413504 1.52978802 -0.56286001 3058.000000 41.000000 4977.000000 0.000000
1.36477196 1.52287996 -0.56343198 3411.000000 51.000000 5292.000000 0.000000
1.37152004 1.51163399 -0.56228900 3135.000000 43.000000 5374.000000 0.000000
1.37947595 1.50177598 -0.56171697 2342.000000 27.000000 5078.000000 0.000000
1.39452600 1.49961102 -0.56428897 2121.000000 23.000000 4259.000000 0.000000
1.40697801 1.49452102 -0.56571698 362.000000 3.000000 4862.000000 0.000000
1.33425701 1.71018398 -0.65985399 1389.000000 9.000000 4209.000000 0.000000
1.34708500 1.70494795 -0.66109300 2840.000000 24.000000 3216.000000 0.000000
1.36881602 1.71074903 -0.66698003 757.000000 5.000000 4596.000000 0.000000
1.39815605 1.70410800 -0.67131799 767.000000 5.000000 2280.000000 0.000000
1.41101801 1.69842100 -0.67255801 740.000000 5.000000 1973.000000 0.000000
1.43611205 1.70718396 -0.67999399 264.000000 1.000000 2994.000000 0.000000
1.34567297 1.50371695 -0.61058801 1966.000000 14.000000 3840.000000 0.000000
1.34848595 1.48838997 -0.60749000 2615.000000 21.000000 3875.000000 0.000000
1.35630703 1.47868705 -0.60687000 3485.000000 33.000000 4122.000000 0.000000
1.36535394 1.47033703 -0.60687000 3084.000000 28.000000 4366.000000 0.000000
1.38021600 1.46816301 -0.60965902 1767.000000 12.000000 4091.000000 0.000000
1.33881795 1.69916105 -0.71373898 2081.000000 22.000000 4043.000000 0.000000
1.34745705 1.68869901 -0.71274298 1170.000000 11.000000 4330.000000 0.000000
1.39608896 1.70640194 -0.72834599 86.000000 1.000000 2278.000000 0.000000
1.43415296 1.73126900 -0.74361801 172.000000 1.000000 3148.000000 0.000000
1.33866000 1.48091102 -0.65497500 1471.000000 14.000000 4669.000000 0.000000
1.35280395 1.47824705 -0.65763098 2697.000000 33.000000 4895.000000 0.000000
1.35353303 1.46090603 -0.65331501 3002.000000 40.000000 5101.000000 0.000000
1.36440396 1.45464206 -0.65431100 2339.000000 27.000000 5391.000000 0.000000
1.38496995 1.45857894 -0.66028702 1155.000000 10.000000 4888.000000 0.000000
1.33726096 1.69193006 -0.77328300 2388.000000 21.000000 3357.000000 0.000000
1.34878600 1.68515205 -0.77399498 1921.000000 15.000000 3538.000000 0.000000
1.34156799 1.48025298 -0.71274799 644.000000 3.000000 3462.000000 0.000000
1.33924496 1.45960701 -0.70633900 2225.000000 16.000000 3490.000000 0.000000
1.35135806 1.45478296 -0.70811898 3122.000000 29.000000 4179.000000 0.000000
1.36025906 1.44646394 -0.70811898 3183.000000 30.000000 4541.000000 0.000000
1.36717403 1.43606102 -0.70705098 2513.000000 20.000000 4488.000000 0.000000
1.39997005 1.45252395 -0.72022599 1187.000000 7.000000 3581.000000 0.000000
1.34258604 1.69094396 -0.83155602 2074.000000 26.000000 3583.000000 0.000000
1.36161900 1.69351494 -0.83722198 810.000000 8.000000 3957.000000 0.000000
1.33538401 1.46623003 -0.75979698 783.000000 7.000000 3673.000000 0.000000
1.34247601 1.45596302 -0.75866401 2117.000000 23.000000 4448.000000 0.000000
1.35642803 1.45312405 -0.76168603 2813.000000 36.000000 4800.000000 0.000000
1.35960805 1.43870497 -0.75828701 2664.000000 33.000000 5004.000000 0.000000
1.37224197 1.43435705 -0.76055300 2143.000000 24.000000 4929.000000 0.000000
1.39194500 1.43724000 -0.76697302 920.000000 8.000000 4026.000000 0.000000
1.34462500 1.69942999 -0.90073699 1434.000000 11.000000 3658.000000 0.000000
1.34585798 1.67971897 -0.89430797 2231.000000 19.000000 3493.000000 0.000000
1.35131502 1.47121894 -0.82640600 864.000000 5.000000 3852.000000 0.000000
1.34845996 1.45016599 -0.81877202 2216.000000 16.000000 4363.000000 0.000000
1.35356402 1.43786705 -0.81636101 2908.000000 26.000000 4822.000000 0.000000
1.36236095 1.42953396 -0.81636101 2625.000000 21.000000 4896.000000 0.000000
1.38446796 1.43497801 -0.82479900 1590.000000 10.000000 4475.000000 0.000000
1.39132595 1.42449200 -0.82359397 560.000000 3.000000 3486.000000 0.000000
1.34842801 1.68597496 -0.95692098 1881.000000 23.000000 3509.000000 0.000000
1.40085006 1.72986102 -0.98821801 921.000000 9.000000 4131.000000 0.000000
1.35006595 1.45380604 -0.87529498 715.000000 6.000000 3876.000000 0.000000
1.34967196 1.43557096 -0.86895102 1703.000000 17.000000 4090.000000 0.000000
1.36468899 1.43384004 -0.87317997 2463.000000 29.000000 4712.000000 0.000000
1.37283301 1.42478597 -0.87275702 2442.000000 29.000000 4710.000000 0.000000
1.38154995 1.41633499 -0.87275702 1891.000000 20.000000 4542.000000 0.000000
1.38894403 1.40653896 -0.87191099 978.000000 9.000000 4296.000000 0.000000
1.35203600 1.68444502 -1.02660596 2199.000000 19.000000 3160.000000 0.000000
1.41430402 1.73995805 -1.06769896 1451.000000 13.000000 3351.000000 0.000000
1.36340201 1.44580901 -0.94039899 1301.000000 8.000000 3964.000000 0.000000
1.35740900 1.42189503 -0.92967898 2385.000000 19.000000 4272.000000 0.000000
1.36299706 1.41032505 -0.92744601 2873.000000 25.000000 4495.000000 0.000000
1.37412906 1.40449095 -0.92923301 2427.000000 19.000000 4327.000000 0.000000
1.39406204 1.40746701 -0.93727201 1688.000000 11.000000 3674.000000 0.000000
1.35989594 1.69041002 -1.09489095 1513.000000 17.000000 3179.000000 0.000000
1.36817598 1.42928004 -0.99391800 1072.000000 10.000000 3600.000000 0.000000
1.36341596 1.40686202 -0.98363400 1733.000000 18.000000 3554.000000 0.000000
1.37572801 1.40226400 -0.98643798 1502.000000 15.000000 3527.000000 0.000000
1.38679302 1.39631104 -0.98830801 1157.000000 11.000000 3399.000000 0.000000
1.42535496 1.41776395 -1.01074696 509.000000 4.000000 3225.000000 0.000000
1.36273098 1.42500603 -1.05710602 1314.000000 8.000000 2606.000000 0.000000
1.36781001 1.41286397 -1.05416095 1409.000000 9.000000 2803.000000 0.000000
1.36668801 1.39449501 -1.04630899 1735.000000 12.000000 3149.000000 0.000000
1.38136005 1.39226401 -1.05121696 1597.000000 11.000000 3089.000000 0.000000
1.39173102 1.38560498 -1.05268896 1379.000000 9.000000 2764.000000 0.000000
1.40145004 1.37826002 -1.05367100 1336.000000 8.000000 2817.000000 0.000000
1.41050601 1.37024200 -1.05416095 1312.000000 8.000000 2866.000000 0.000000
1.43587196 1.37783802 -1.06741202 1179.000000 7.000000 3413.000000 0.000000
1.45189297 1.37618899 -1.07330096 1118.000000 7.000000 3990.000000 0.000000
1.36574602 1.45493698 -1.13123298 1079.000000 11.000000 3116.000000 0.000000
1.35278499 1.42342198 -1.11233699 1637.000000 17.000000 3780.000000 0.000000
1.36149299 1.41509402 -1.11233699 1714.000000 18.000000 3554.000000 0.000000
1.37374198 1.41041696 -1.11540103 1155.000000 11.000000 2888.000000 0.000000
1.38056302 1.40012097 -1.11386895 938.000000 8.000000 2659.000000 0.000000
1.38973403 1.39223301 -1.11438000 903.000000 8.000000 2749.000000 0.000000
1.38971400 1.37519395 -1.10722995 1239.000000 12.000000 3156.000000 0.000000
1.40610099 1.37447202 -1.11386895 893.000000 8.000000 3003.000000 0.000000
1.42314804 1.37419796 -1.12101901 752.000000 6.000000 2944.000000 0.000000
1.43527806 1.36900902 -1.12408304 629.000000 6.000000 2574.000000 0.000000
2.41500497 1.52940202 -0.80598098 949.000000 15.000000 4578.000000 0.000000
2.38551903 1.53118002 -0.87674701 2402.000000 34.000000 4120.000000 0.000000
2.39486909 1.51651394 -0.87674701 2472.000000 36.000000 3663.000000 0.000000
2.42268205 1.51336801 -0.88387299 1650.000000 20.000000 3905.000000 0.000000
2.47078705 1.52239597 -0.89874601 872.000000 9.000000 3867.000000 0.000000
2.38654208 1.51769304 -0.94779599 1821.000000 33.000000 4695.000000 0.000000
2.39421296 1.50201499 -0.94713199 1674.000000 30.000000 4239.000000 0.000000
2.42422104 1.50023198 -0.95576400 1133.000000 18.000000 4282.000000 0.000000
2.48325491 1.51587105 -0.97634798 573.000000 9.000000 3501.000000 0.000000
2.36405897 1.51684403 -1.02183104 1722.000000 22.000000 3746.000000 0.000000
2.37490201 1.50330806 -1.02254295 2483.000000 36.000000 3637.000000 0.000000
2.37932396 1.48574102 -1.02040601 2341.000000 33.000000 4061.000000 0.000000
2.39794588 1.47698998 -1.02468002 1713.000000 21.000000 3654.000000 0.000000
2.42294097 1.47194397 -1.03180099 1178.000000 13.000000 3563.000000 0.000000
2.37223101 1.51664495 -1.09933102 769.000000 12.000000 2694.000000 0.000000
2.35801911 1.48720706 -1.08800101 1036.000000 16.000000 3092.000000 0.000000
2.36317205 1.47025895 -1.08611202 1622.000000 29.000000 3729.000000 0.000000
2.37766790 1.45913005 -1.08875597 1284.000000 21.000000 3505.000000 0.000000
2.39923906 1.45220304 -1.09479904 969.000000 15.000000 3174.000000 0.000000
