-0.35769999 2.04117393 -0.25874501 1840.000000 16.000000 2771.000000 0.000000
-0.34133500 2.02089405 -0.25544000 2330.000000 22.000000 3003.000000 0.000000
-0.33021399 2.03076196 -0.25659001 2528.000000 25.000000 3236.000000 0.000000
-0.31650999 2.02493095 -0.25544000 2271.000000 22.000000 3350.000000 0.000000
-0.30526900 2.03466201 -0.25659001 1768.000000 15.000000 3457.000000 0.000000
-0.29606101 2.05902004 -0.25989401 232.000000 1.000000 6021.000000 0.000000
-0.38205901 2.10801005 -0.32299399 994.000000 6.000000 2185.000000 0.000000
-0.35997799 2.05787611 -0.31390500 2203.000000 16.000000 2004.000000 0.000000
-0.34375200 2.03865910 -0.31020200 2964.000000 24.000000 2108.000000 0.000000
-0.33107999 2.03975701 -0.31003401 3226.000000 28.000000 2264.000000 0.000000
-0.31855801 2.04174995 -0.31003401 2898.000000 23.000000 2262.000000 0.000000
-0.30602399 2.04366589 -0.31003401 2221.000000 15.000000 2376.000000 0.000000
-0.36409399 2.06483412 -0.36564401 1624.000000 16.000000 2969.000000 0.000000
-0.34626099 2.03704309 -0.35970801 2241.000000 21.000000 2769.000000 0.000000
-0.33487800 2.04590702 -0.36104801 2545.000000 30.000000 2870.000000 0.000000
-0.32108301 2.04016900 -0.35951599 2318.000000 22.000000 2800.000000 0.000000
-0.30796501 2.03821993 -0.35874999 1594.000000 13.000000 3051.000000 0.000000
-0.29288700 2.02259207 -0.35530299 443.000000 3.000000 3285.000000 0.000000
-0.39580500 2.11202192 -0.43062201 2000.000000 14.000000 3139.000000 0.000000
-0.38162500 2.10768509 -0.42911199 3276.000000 31.000000 2491.000000 0.000000
-0.36148399 2.06862092 -0.41983399 2642.000000 21.000000 2254.000000 0.000000
-0.34280601 2.03517008 -0.41185099 2884.000000 24.000000 2351.000000 0.000000
-0.32922199 2.03048801 -0.41034099 3114.000000 26.000000 2328.000000 0.000000
-0.31780499 2.03922391 -0.41185099 2934.000000 25.000000 2409.000000 0.000000
-0.30356100 2.02954602 -0.40926200 2135.000000 14.000000 2765.000000 0.000000
-0.28393200 1.98110402 -0.39804301 721.000000 3.000000 3398.000000 0.000000
-0.40130901 2.10678601 -0.48238799 1634.000000 16.000000 3874.000000 0.000000
-0.38677600 2.10061598 -0.48023999 2636.000000 32.000000 3301.000000 0.000000
-0.36563501 2.05707312 -0.46878201 2318.000000 26.000000 2654.000000 0.000000
-0.35118100 2.04875207 -0.46615699 2211.000000 25.000000 2871.000000 0.000000
-0.33732399 2.04320598 -0.46424699 2337.000000 27.000000 2811.000000 0.000000
-0.32508901 2.04715490 -0.46472400 2281.000000 26.000000 3011.000000 0.000000
-0.31163201 2.04335308 -0.46329200 1927.000000 20.000000 3111.000000 0.000000
-0.30506799 2.08557200 -0.47331801 712.000000 6.000000 4320.000000 0.000000
-0.39291799 2.09856606 -0.53649801 1202.000000 7.000000 3245.000000 0.000000
-0.38294300 2.11707902 -0.54096901 2723.000000 22.000000 2254.000000 0.000000
-0.35721701 2.04619908 -0.52071601 2515.000000 20.000000 2256.000000 0.000000
-0.34369799 2.04264307 -0.51913798 2580.000000 20.000000 2190.000000 0.000000
-0.33069700 2.04185605 -0.51834899 2523.000000 20.000000 2192.000000 0.000000
-0.31742299 2.03907990 -0.51703298 2595.000000 21.000000 2379.000000 0.000000
-0.30433801 2.03717208 -0.51598102 1931.000000 13.000000 3051.000000 0.000000
-0.30231100 2.11254692 -0.53623497 367.000000 2.000000 4408.000000 0.000000
-0.37783399 2.10618901 -0.59171498 1587.000000 16.000000 3437.000000 0.000000
-0.35449600 2.04899693 -0.57371598 1891.000000 20.000000 2920.000000 0.000000
-0.34016401 2.04073906 -0.57057399 2181.000000 24.000000 2971.000000 0.000000
-0.32763600 2.04278803 -0.57057399 2096.000000 23.000000 2784.000000 0.000000
-0.31553799 2.04760003 -0.57143098 1985.000000 21.000000 3263.000000 0.000000
-0.30325300 2.05139303 -0.57200199 1049.000000 10.000000 4960.000000 0.000000
-0.35362399 2.03592706 -0.62639099 2083.000000 15.000000 2490.000000 0.000000
-0.34096900 2.03712106 -0.62608099 2397.000000 18.000000 2200.000000 0.000000
-0.32861301 2.04011297 -0.62639099 2406.000000 18.000000 2250.000000 0.000000
-0.31608900 2.04209089 -0.62639099 2379.000000 18.000000 2522.000000 0.000000
-0.30355299 2.04399300 -0.62639099 1699.000000 11.000000 3323.000000 0.000000
-0.35687199 2.03980994 -0.68120301 1487.000000 15.000000 2888.000000 0.000000
-0.34292099 2.03359294 -0.67821503 1901.000000 20.000000 2891.000000 0.000000
-0.33028400 2.03472805 -0.67788303 1926.000000 20.000000 2783.000000 0.000000
-0.31794000 2.03764796 -0.67821503 1837.000000 19.000000 2950.000000 0.000000
-0.30769601 2.05448198 -0.68352699 1241.000000 12.000000 3683.000000 0.000000
-0.35160401 2.02632904 -0.73518199 1963.000000 14.000000 2162.000000 0.000000
-0.33931699 2.02937007 -0.73553801 2358.000000 18.000000 2248.000000 0.000000
-0.32685900 2.03141308 -0.73553801 2259.000000 17.000000 2324.000000 0.000000
-0.31452999 2.03430390 -0.73589402 2254.000000 17.000000 2689.000000 0.000000
-0.30176899 2.03434706 -0.73518199 1122.000000 7.000000 2878.000000 0.000000
-0.39804801 2.16449904 -0.84855199 1271.000000 14.000000 2151.000000 0.000000
-0.37020001 2.08578801 -0.81493801 1556.000000 16.000000 2485.000000 0.000000
-0.34775701 2.03236699 -0.79189998 1734.000000 18.000000 2444.000000 0.000000
-0.33497500 2.03263593 -0.79114503 1840.000000 19.000000 2643.000000 0.000000
-0.32132199 2.02733898 -0.78812301 1938.000000 21.000000 2766.000000 0.000000
-0.31028900 2.03842402 -0.79189998 1662.000000 17.000000 3181.000000 0.000000
-0.37596300 2.09697795 -0.88466501 1649.000000 12.000000 2109.000000 0.000000
-0.35002801 2.02344108 -0.85091501 1869.000000 13.000000 2311.000000 0.000000
-0.33700600 2.02193689 -0.84930801 1958.000000 14.000000 2426.000000 0.000000
-0.32459301 2.02396703 -0.84930801 1963.000000 14.000000 2556.000000 0.000000
-0.31216800 2.02591991 -0.84930801 1853.000000 13.000000 2713.000000 0.000000
-0.31239501 2.11386490 -0.88747799 1133.000000 8.000000 2920.000000 0.000000
-0.21760400 -1.98754501 0.08467600 2640.000000 20.000000 4614.000000 0.000000
-0.24367800 -1.90189695 0.08274400 2623.000000 19.000000 5565.000000 0.000000
-0.25293401 -1.88253295 0.08232000 3778.000000 38.000000 5699.000000 0.000000
-0.26573899 -1.88985395 0.08253200 4196.000000 51.000000 4764.000000 0.000000
-0.27382699 -1.86445200 0.08196600 3976.000000 43.000000 4520.000000 0.000000
-0.29368299 -1.84219599 0.08151900 3126.000000 25.000000 3984.000000 0.000000
-0.31400800 -1.89459801 0.08281400 3326.000000 30.000000 3128.000000 0.000000
-0.32767001 -1.90445697 0.08309700 3332.000000 30.000000 2398.000000 0.000000
-0.34005401 -1.90634704 0.08319100 3371.000000 31.000000 3331.000000 0.000000
-0.35958201 -1.94649196 0.08420400 891.000000 5.000000 4821.000000 0.000000
-0.20708100 -1.97892106 0.03819500 1431.000000 12.000000 5211.000000 0.000000
-0.21759500 -1.96270204 0.03819500 2451.000000 24.000000 4746.000000 0.000000
-0.22986300 -1.96331596 0.03819500 2802.000000 30.000000 4113.000000 0.000000
-0.23528101 -1.90726900 0.03819500 2575.000000 26.000000 5041.000000 0.000000
-0.24761200 -1.91074896 0.03819500 2521.000000 25.000000 3825.000000 0.000000
-0.25455800 -1.87351203 0.03819500 2788.000000 25.000000 3209.000000 0.000000
-0.26535499 -1.86696303 0.03819500 2684.000000 23.000000 2892.000000 0.000000
-0.27781901 -1.87222600 0.03819500 2314.000000 19.000000 2759.000000 0.000000
-0.28718999 -1.85664701 0.03819500 2661.000000 23.000000 2977.000000 0.000000
-0.29983199 -1.86275005 0.03819500 2466.000000 21.000000 3238.000000 0.000000
-0.32233700 -1.92796600 0.03819500 1516.000000 12.000000 3609.000000 0.000000
-0.33449799 -1.92792404 0.03819500 142.000000 1.000000 4076.000000 0.000000
-0.20720400 -1.89611995 -0.00775900 908.000000 4.000000 4854.000000 0.000000
-0.21744999 -1.88289595 -0.00746600 3068.000000 24.000000 4332.000000 0.000000
-0.22839101 -1.87656498 -0.00734400 3170.000000 25.000000 3819.000000 0.000000
-0.23951900 -1.87215400 -0.00727000 3650.000000 34.000000 4480.000000 0.000000
-0.25086799 -1.86965799 -0.00724600 3534.000000 32.000000 3122.000000 0.000000
-0.26219600 -1.86709404 -0.00722200 3094.000000 24.000000 2492.000000 0.000000
-0.27350101 -1.86446095 -0.00719700 3137.000000 25.000000 2160.000000 0.000000
-0.28493601 -1.86274803 -0.00719700 3181.000000 25.000000 2032.000000 0.000000
-0.29872900 -1.87577200 -0.00756400 2951.000000 22.000000 2761.000000 0.000000
-0.31220001 -1.88573694 -0.00785700 559.000000 2.000000 5136.000000 0.000000
-0.18738700 -1.90535700 -0.05247800 2020.000000 15.000000 4011.000000 0.000000
-0.20100901 -1.92305100 -0.05339000 362.000000 2.000000 4965.000000 0.000000
-0.21280500 -1.92178094 -0.05339000 554.000000 4.000000 5435.000000 0.000000
-0.22117200 -1.89066994 -0.05195000 2087.000000 16.000000 5049.000000 0.000000
-0.23144700 -1.87837005 -0.05142300 2925.000000 28.000000 5041.000000 0.000000
-0.24284200 -1.87592304 -0.05137500 3261.000000 34.000000 4925.000000 0.000000
-0.25355399 -1.86845803 -0.05108700 3474.000000 39.000000 4330.000000 0.000000
-0.26501399 -1.86686695 -0.05108700 3356.000000 36.000000 3821.000000 0.000000
-0.27617499 -1.86322904 -0.05099100 2924.000000 28.000000 3441.000000 0.000000
-0.29136500 -1.88618505 -0.05219000 2543.000000 22.000000 3303.000000 0.000000
-0.31201199 -1.94157898 -0.05497300 1673.000000 14.000000 3659.000000 0.000000
-0.32196799 -1.92780197 -0.05439700 112.000000 1.000000 4922.000000 0.000000
-0.19624400 -1.90389705 -0.09904600 873.000000 4.000000 3422.000000 0.000000
-0.20748600 -1.89869201 -0.09875600 2833.000000 21.000000 3338.000000 0.000000
-0.21740600 -1.88252294 -0.09766800 3161.000000 25.000000 4568.000000 0.000000
-0.22883201 -1.88016295 -0.09759500 3654.000000 34.000000 4317.000000 0.000000
-0.24061801 -1.88070202 -0.09774000 4034.000000 45.000000 3699.000000 0.000000
-0.25242001 -1.88116705 -0.09788500 3917.000000 41.000000 3068.000000 0.000000
-0.26354000 -1.87662005 -0.09766800 3738.000000 36.000000 2854.000000 0.000000
-0.27417701 -1.86904705 -0.09723200 2734.000000 19.000000 2149.000000 0.000000
-0.29473001 -1.92647696 -0.10158500 2358.000000 16.000000 2580.000000 0.000000
-0.31174400 -1.95713305 -0.10397900 597.000000 3.000000 4748.000000 0.000000
-0.21946900 -1.88731003 -0.14250299 1921.000000 14.000000 4945.000000 0.000000
-0.23104601 -1.88592803 -0.14250299 3172.000000 32.000000 5131.000000 0.000000
-0.24236301 -1.88250005 -0.14230999 3640.000000 43.000000 4796.000000 0.000000
-0.25377801 -1.87999105 -0.14221400 3539.000000 41.000000 4295.000000 0.000000
-0.26956099 -1.90895998 -0.14519100 2984.000000 34.000000 3943.000000 0.000000
-0.28284499 -1.91810596 -0.14624700 2460.000000 24.000000 3726.000000 0.000000
-0.29505700 -1.91928601 -0.14653499 2874.000000 31.000000 3427.000000 0.000000
-0.31381699 -1.96168303 -0.15085600 1036.000000 8.000000 4818.000000 0.000000
-0.20597801 -1.88199699 -0.18862499 1637.000000 9.000000 2939.000000 0.000000
-0.21775100 -1.88267004 -0.18886700 3332.000000 28.000000 2741.000000 0.000000
-0.22990300 -1.88622499 -0.18946999 3562.000000 32.000000 3037.000000 0.000000
-0.24248700 -1.89265501 -0.19043501 3708.000000 38.000000 3252.000000 0.000000
-0.25422800 -1.89211500 -0.19055600 3611.000000 36.000000 3577.000000 0.000000
-0.26722199 -1.90034902 -0.19176300 3248.000000 28.000000 3048.000000 0.000000
-0.28148699 -1.91635001 -0.19393399 3790.000000 40.000000 2755.000000 0.000000
-0.29822099 -1.94696498 -0.19791600 2550.000000 18.000000 2591.000000 0.000000
-0.31330100 -1.96470296 -0.20032901 204.000000 1.000000 1994.000000 0.000000
-0.20701300 -1.89275599 -0.23432100 1049.000000 8.000000 3561.000000 0.000000
-0.21862300 -1.89145005 -0.23432100 2578.000000 26.000000 5272.000000 0.000000
-0.22857800 -1.87631702 -0.23231000 3333.000000 36.000000 5525.000000 0.000000
-0.24070500 -1.87978804 -0.23302899 3641.000000 44.000000 5232.000000 0.000000
-0.25262299 -1.88121903 -0.23345999 3316.000000 41.000000 4775.000000 0.000000
-0.26592600 -1.89237702 -0.23532701 2654.000000 28.000000 3941.000000 0.000000
-0.27568999 -1.87797701 -0.23345999 2267.000000 21.000000 3697.000000 0.000000
-0.29341200 -1.91734898 -0.23949300 2536.000000 26.000000 3330.000000 0.000000
-0.31316501 -1.96634805 -0.24696399 601.000000 4.000000 2999.000000 0.000000
-0.20648800 -1.88662505 -0.28125200 1842.000000 11.000000 4143.000000 0.000000
-0.21714900 -1.87749004 -0.27990499 3034.000000 23.000000 3489.000000 0.000000
-0.22818500 -1.87220800 -0.27923200 3618.000000 34.000000 3575.000000 0.000000
-0.23966800 -1.87077296 -0.27923200 3612.000000 34.000000 3346.000000 0.000000
-0.25470501 -1.89564204 -0.28377700 3019.000000 25.000000 3040.000000 0.000000
-0.26688299 -1.89794803 -0.28444999 2713.000000 20.000000 2795.000000 0.000000
-0.28039500 -1.90895200 -0.28663799 3111.000000 26.000000 2711.000000 0.000000
-0.29779801 -1.94421804 -0.29303399 1080.000000 6.000000 4404.000000 0.000000
-0.21582299 -1.88414395 -0.32657900 1693.000000 14.000000 4122.000000 0.000000
-0.22553000 -1.86718905 -0.32351500 2674.000000 24.000000 4449.000000 0.000000
-0.23795500 -1.87356198 -0.32504699 3311.000000 41.000000 4437.000000 0.000000
-0.24919200 -1.87012005 -0.32466400 3382.000000 43.000000 4127.000000 0.000000
-0.26052800 -1.86758399 -0.32447299 2842.000000 31.000000 3939.000000 0.000000
-0.27602899 -1.89412403 -0.33002600 1809.000000 16.000000 3304.000000 0.000000
-0.29477599 -1.93995702 -0.33940899 2017.000000 18.000000 3460.000000 0.000000
-0.30394700 -1.92065597 -0.33596301 460.000000 3.000000 5035.000000 0.000000
-0.21724901 -1.87553895 -0.37301499 2585.000000 19.000000 3776.000000 0.000000
-0.22946700 -1.87998497 -0.37430900 3470.000000 33.000000 4034.000000 0.000000
-0.24137200 -1.88144696 -0.37495601 3729.000000 39.000000 3707.000000 0.000000
-0.25251999 -1.87702799 -0.37430900 3492.000000 33.000000 3185.000000 0.000000
-0.26526299 -1.88414395 -0.37625101 2690.000000 20.000000 2795.000000 0.000000
-0.28181499 -1.91629004 -0.38380301 1788.000000 11.000000 3103.000000 0.000000
-0.21382900 -1.88983595 -0.42271301 1752.000000 15.000000 4747.000000 0.000000
-0.22451600 -1.88077199 -0.42080301 2800.000000 30.000000 5120.000000 0.000000
-0.23581401 -1.87743199 -0.42032599 2977.000000 34.000000 4382.000000 0.000000
-0.24670500 -1.87113404 -0.41913199 3286.000000 41.000000 4154.000000 0.000000
-0.26092800 -1.88979197 -0.42414501 2649.000000 28.000000 3782.000000 0.000000
-0.27744099 -1.92276704 -0.43273801 2120.000000 20.000000 3023.000000 0.000000
-0.29265600 -1.94408202 -0.43846700 1785.000000 15.000000 3775.000000 0.000000
-0.19313499 -1.86456394 -0.46547899 1602.000000 10.000000 4421.000000 0.000000
-0.20520800 -1.86909795 -0.46705699 3011.000000 25.000000 4280.000000 0.000000
-0.21801500 -1.87930298 -0.47021401 3400.000000 32.000000 3655.000000 0.000000
-0.22954200 -1.87793005 -0.47021401 3543.000000 34.000000 3569.000000 0.000000
-0.24229600 -1.88605404 -0.47284400 2990.000000 24.000000 3103.000000 0.000000
-0.25761899 -1.91225803 -0.48047200 2644.000000 20.000000 2523.000000 0.000000
-0.27124199 -1.92401505 -0.48415399 2858.000000 22.000000 2264.000000 0.000000
-0.28544301 -1.93853903 -0.48862600 1575.000000 9.000000 3828.000000 0.000000
-0.18512399 -1.86615396 -0.51286501 821.000000 6.000000 4761.000000 0.000000
-0.19775200 -1.87642205 -0.51629299 2395.000000 24.000000 4949.000000 0.000000
-0.20926100 -1.87517405 -0.51629299 3035.000000 35.000000 4880.000000 0.000000
-0.22076300 -1.87385404 -0.51629299 3399.000000 44.000000 4229.000000 0.000000
-0.23411199 -1.88768494 -0.52086401 2679.000000 28.000000 3725.000000 0.000000
-0.24873400 -1.90997696 -0.52800602 2159.000000 20.000000 3212.000000 0.000000
-0.26568100 -1.94735599 -0.53971899 2979.000000 34.000000 3060.000000 0.000000
-0.27442199 -1.92291403 -0.53286302 2650.000000 28.000000 3064.000000 0.000000
-0.28955799 -1.94394898 -0.53971899 1601.000000 13.000000 3987.000000 0.000000
-0.17244300 -1.87308502 -0.56597000 1957.000000 13.000000 4426.000000 0.000000
-0.18318300 -1.86442304 -0.56349200 2854.000000 23.000000 3976.000000 0.000000
-0.19412200 -1.85853601 -0.56194198 3592.000000 36.000000 3963.000000 0.000000
-0.20615400 -1.86298001 -0.56380099 3436.000000 32.000000 3457.000000 0.000000
-0.22046800 -1.88623095 -0.57185698 2495.000000 18.000000 2806.000000 0.000000
-0.23449101 -1.90465796 -0.57836401 2461.000000 18.000000 2305.000000 0.000000
-0.25169200 -1.94561100 -0.59230697 3310.000000 30.000000 2321.000000 0.000000
-0.26349699 -1.94308805 -0.59199798 2917.000000 23.000000 2453.000000 0.000000
-0.27286500 -1.92355001 -0.58611000 2371.000000 17.000000 2892.000000 0.000000
-0.16055800 -1.89137006 -0.62044799 1287.000000 10.000000 4341.000000 0.000000
-0.16998801 -1.86591995 -0.61181599 2186.000000 21.000000 4640.000000 0.000000
-0.18170200 -1.86765897 -0.61281198 2718.000000 29.000000 4129.000000 0.000000
-0.19325300 -1.86744797 -0.61314398 2814.000000 31.000000 3797.000000 0.000000
-0.20662400 -1.88404703 -0.61945200 2237.000000 21.000000 3021.000000 0.000000
-0.21679500 -1.87055898 -0.61513603 1803.000000 16.000000 3093.000000 0.000000
-0.23568100 -1.93100703 -0.63704699 2403.000000 24.000000 2709.000000 0.000000
-0.24693500 -1.92484498 -0.63538700 2337.000000 23.000000 2583.000000 0.000000
-0.26072201 -1.93825603 -0.64069903 2605.000000 27.000000 2727.000000 0.000000
-0.27170300 -1.93007898 -0.63837498 2228.000000 21.000000 2945.000000 0.000000
-0.28557000 -1.94237900 -0.64335501 1119.000000 9.000000 3384.000000 0.000000
-0.13693500 -1.85813606 -0.66147202 1985.000000 13.000000 4026.000000 0.000000
-0.14743300 -1.84608400 -0.65719903 2441.000000 18.000000 3932.000000 0.000000
-0.15908100 -1.84886801 -0.65862298 3053.000000 26.000000 3791.000000 0.000000
-0.17042200 -1.84785700 -0.65862298 2682.000000 20.000000 2769.000000 0.000000
-0.18258700 -1.85514605 -0.66182798 2377.000000 17.000000 2457.000000 0.000000
-0.19504400 -1.86421299 -0.66574502 2301.000000 16.000000 2744.000000 0.000000
-0.21041600 -1.89827204 -0.67927599 2071.000000 14.000000 2318.000000 0.000000
-0.22686800 -1.93777895 -0.69494402 2676.000000 20.000000 2185.000000 0.000000
-0.23921400 -1.94006002 -0.69636899 3010.000000 25.000000 2087.000000 0.000000
-0.25111401 -1.93855500 -0.69636899 2888.000000 23.000000 2289.000000 0.000000
-0.26275101 -1.93512595 -0.69565600 2614.000000 20.000000 2467.000000 0.000000
-0.27871299 -1.96215498 -0.70669502 1401.000000 9.000000 2746.000000 0.000000
-0.09972100 -1.93247998 -0.74015802 864.000000 6.000000 2145.000000 0.000000
-0.11095900 -1.92073798 -0.73562598 1587.000000 13.000000 3054.000000 0.000000
-0.12160100 -1.90153694 -0.72807199 1324.000000 11.000000 3445.000000 0.000000
-0.13031700 -1.85733604 -0.71032101 1780.000000 16.000000 3268.000000 0.000000
-0.14164200 -1.85557795 -0.70994401 1819.000000 16.000000 2585.000000 0.000000
-0.15295100 -1.85375094 -0.70956600 1777.000000 16.000000 1920.000000 0.000000
-0.16480100 -1.85831296 -0.71183199 1575.000000 13.000000 1910.000000 0.000000
-0.17679800 -1.86372101 -0.71447599 1412.000000 11.000000 1832.000000 0.000000
-0.18832099 -1.86352205 -0.71485299 1382.000000 11.000000 1783.000000 0.000000
-0.20304100 -1.89364100 -0.72769499 1196.000000 9.000000 2063.000000 0.000000
-0.21527000 -1.89788103 -0.72996098 1226.000000 10.000000 2269.000000 0.000000
-0.23220401 -1.94158602 -0.74846703 2356.000000 28.000000 2314.000000 0.000000
-0.24502200 -1.94747603 -0.75148797 2575.000000 32.000000 2414.000000 0.000000
-0.25613201 -1.93950796 -0.74884498 2180.000000 25.000000 2370.000000 0.000000
-0.26815200 -1.93881798 -0.74922198 2118.000000 24.000000 2675.000000 0.000000
-0.29518700 -2.04347205 -0.79303300 1346.000000 13.000000 3232.000000 0.000000
-0.10366100 -1.86013401 -0.76734298 1613.000000 10.000000 3456.000000 0.000000
-0.11387100 -1.84027004 -0.75890601 2057.000000 14.000000 3145.000000 0.000000
-0.12585101 -1.84958601 -0.76332498 2594.000000 20.000000 3858.000000 0.000000
-0.13685600 -1.84421301 -0.76131600 2843.000000 23.000000 3999.000000 0.000000
-0.14839099 -1.84607697 -0.76252198 3047.000000 26.000000 4246.000000 0.000000
-0.15955600 -1.84330702 -0.76171798 2946.000000 24.000000 4218.000000 0.000000
-0.17120500 -1.84593999 -0.76332498 2592.000000 20.000000 3876.000000 0.000000
-0.18261901 -1.84576595 -0.76372701 2684.000000 21.000000 4516.000000 0.000000
-0.19577301 -1.86191297 -0.77136099 2549.000000 19.000000 3880.000000 0.000000
-0.21025400 -1.88797796 -0.78341502 1969.000000 13.000000 2828.000000 0.000000
-0.22409400 -1.90575004 -0.79185200 2090.000000 14.000000 2040.000000 0.000000
-0.23838601 -1.92523897 -0.80109298 2462.000000 19.000000 2044.000000 0.000000
1.69648004 -1.79931295 -0.25908899 2399.000000 20.000000 3560.000000 0.000000
1.68202603 -1.80605495 -0.25848600 1154.000000 8.000000 4630.000000 0.000000
1.65009105 -1.79368305 -0.25474501 1374.000000 9.000000 4061.000000 0.000000
1.64372396 -1.80891895 -0.25558999 2814.000000 26.000000 2964.000000 0.000000
1.62994301 -1.81601405 -0.25510699 3060.000000 31.000000 3509.000000 0.000000
1.61547899 -1.82226503 -0.25450400 3000.000000 29.000000 3357.000000 0.000000
1.60492098 -1.83289099 -0.25462499 2397.000000 20.000000 3072.000000 0.000000
1.57612205 -1.82242095 -0.25136700 1932.000000 15.000000 3257.000000 0.000000
1.55653405 -1.82224095 -0.24979800 2055.000000 16.000000 3006.000000 0.000000
1.48444402 -1.82674897 -0.24461000 1383.000000 9.000000 3713.000000 0.000000
1.66220200 -1.80435300 -0.31405601 1965.000000 24.000000 3673.000000 0.000000
1.65176702 -1.81524897 -0.31419900 2182.000000 27.000000 4370.000000 0.000000
1.63131905 -1.81506097 -0.31218800 2356.000000 31.000000 3953.000000 0.000000
1.61554396 -1.81986296 -0.31118199 2059.000000 25.000000 3160.000000 0.000000
1.60957694 -1.83568597 -0.31233200 1321.000000 14.000000 2075.000000 0.000000
1.62035096 -1.87092698 -0.31721601 1913.000000 26.000000 2268.000000 0.000000
1.60561800 -1.87707901 -0.31649801 2199.000000 32.000000 2714.000000 0.000000
1.59727001 -1.89066994 -0.31721601 1970.000000 27.000000 3235.000000 0.000000
1.55133796 -1.85945702 -0.30945799 813.000000 8.000000 4744.000000 0.000000
1.54192197 -1.99268794 -0.32368100 280.000000 3.000000 4916.000000 0.000000
1.65799701 -1.80228603 -0.37534100 2344.000000 20.000000 3239.000000 0.000000
1.64491904 -1.81023598 -0.37483600 3028.000000 30.000000 2886.000000 0.000000
1.63509703 -1.82176304 -0.37517300 3085.000000 31.000000 2428.000000 0.000000
1.63957298 -1.84947300 -0.37921199 2573.000000 26.000000 2250.000000 0.000000
1.62884295 -1.86023998 -0.37938100 2590.000000 26.000000 1742.000000 0.000000
1.61288702 -1.86497796 -0.37820300 1828.000000 16.000000 1703.000000 0.000000
1.60781097 -1.88233805 -0.37988600 2174.000000 20.000000 2433.000000 0.000000
1.62227499 -1.92307305 -0.38678700 679.000000 5.000000 4764.000000 0.000000
1.67586100 -1.81536198 -0.43860301 1417.000000 18.000000 4200.000000 0.000000
1.65409100 -1.81402397 -0.43553999 1933.000000 27.000000 3199.000000 0.000000
1.65279901 -1.83506298 -0.43841201 2175.000000 31.000000 2986.000000 0.000000
1.63758695 -1.84077597 -0.43726301 2016.000000 28.000000 2630.000000 0.000000
1.62820899 -1.85299802 -0.43783799 2073.000000 29.000000 2184.000000 0.000000
1.61874199 -1.86517406 -0.43841201 1560.000000 20.000000 2234.000000 0.000000
1.61110604 -1.87953699 -0.43956101 1871.000000 25.000000 2661.000000 0.000000
1.60526204 -1.89611995 -0.44128400 827.000000 9.000000 3952.000000 0.000000
1.68975103 -1.81498694 -0.50376397 2621.000000 27.000000 3800.000000 0.000000
1.67990398 -1.82675898 -0.50419599 3094.000000 36.000000 2946.000000 0.000000
1.66997600 -1.83847797 -0.50462699 3023.000000 34.000000 2326.000000 0.000000
1.65475404 -1.84432805 -0.50333202 2612.000000 27.000000 1749.000000 0.000000
1.64923096 -1.86102700 -0.50527400 2471.000000 24.000000 1901.000000 0.000000
1.63263905 -1.86522996 -0.50354803 2282.000000 21.000000 2000.000000 0.000000
1.63137496 -1.88703704 -0.50700003 2780.000000 29.000000 2394.000000 0.000000
1.62863696 -1.90741205 -0.51002097 954.000000 7.000000 4189.000000 0.000000
1.69366705 -1.80718899 -0.56402498 1225.000000 15.000000 4629.000000 0.000000
1.67593801 -1.81043100 -0.56163800 2113.000000 30.000000 3998.000000 0.000000
1.66939294 -1.82569003 -0.56330901 2304.000000 34.000000 2903.000000 0.000000
1.66141999 -1.83949697 -0.56450200 1798.000000 24.000000 2675.000000 0.000000
1.65139699 -1.85110402 -0.56497997 1811.000000 24.000000 2391.000000 0.000000
1.64193702 -1.86338401 -0.56569600 1619.000000 21.000000 2357.000000 0.000000
1.63430500 -1.87781298 -0.56712800 2206.000000 32.000000 2725.000000 0.000000
1.62719095 -1.89295399 -0.56879902 1618.000000 21.000000 3417.000000 0.000000
1.69171298 -1.79549396 -0.62698001 1759.000000 15.000000 3805.000000 0.000000
1.67343795 -1.79806805 -0.62408698 2896.000000 32.000000 3112.000000 0.000000
1.66041601 -1.80616999 -0.62329799 2601.000000 26.000000 2204.000000 0.000000
1.66421103 -1.83275998 -0.62934798 2271.000000 21.000000 1984.000000 0.000000
1.65293396 -1.84293699 -0.62934798 2376.000000 23.000000 1851.000000 0.000000
1.65629995 -1.86966300 -0.63539702 2839.000000 31.000000 2068.000000 0.000000
1.64606702 -1.88124299 -0.63592398 2865.000000 31.000000 2298.000000 0.000000
1.63890600 -1.89642000 -0.63776499 1275.000000 10.000000 2832.000000 0.000000
1.75110102 -1.79519796 -0.70141900 249.000000 2.000000 1986.000000 0.000000
1.73938704 -1.80522001 -0.70113301 252.000000 2.000000 2076.000000 0.000000
1.69672000 -1.80481696 -0.69227701 1077.000000 13.000000 4186.000000 0.000000
1.67189598 -1.80046904 -0.68627799 2212.000000 33.000000 3421.000000 0.000000
1.66211402 -1.81210399 -0.68684900 2160.000000 31.000000 2733.000000 0.000000
1.65160894 -1.82297695 -0.68713498 1973.000000 28.000000 2687.000000 0.000000
1.65063596 -1.84448600 -0.69170600 1723.000000 23.000000 2360.000000 0.000000
1.65581906 -1.87322199 -0.69913399 2356.000000 36.000000 2573.000000 0.000000
1.64618802 -1.88550901 -0.69999099 2381.000000 36.000000 2787.000000 0.000000
1.65527904 -1.91949105 -0.70941800 932.000000 11.000000 3249.000000 0.000000
1.67503202 -1.78085005 -0.74971002 1881.000000 16.000000 2548.000000 0.000000
1.66666102 -1.79388201 -0.75094903 2618.000000 27.000000 2506.000000 0.000000
1.65626502 -1.80477500 -0.75125903 2588.000000 26.000000 2352.000000 0.000000
1.64707398 -1.81701803 -0.75218803 2114.000000 19.000000 1866.000000 0.000000
1.64286602 -1.83488595 -0.75559700 2570.000000 26.000000 1901.000000 0.000000
1.66242099 -1.87984800 -0.77077901 2821.000000 30.000000 2084.000000 0.000000
1.64898002 -1.88786399 -0.76985002 1833.000000 16.000000 1965.000000 0.000000
1.64667499 -1.90875006 -0.77449697 137.000000 1.000000 1165.000000 0.000000
1.58468902 2.25591302 -0.29359701 566.000000 4.000000 4342.000000 0.000000
1.59043801 2.23482800 -0.29190800 2227.000000 24.000000 2904.000000 0.000000
1.60760605 2.22985601 -0.29263201 2822.000000 35.000000 2744.000000 0.000000
1.62184405 2.22075200 -0.29275200 2958.000000 38.000000 2682.000000 0.000000
1.60767400 2.17326307 -0.28708100 2472.000000 28.000000 2677.000000 0.000000
1.61204398 2.15144491 -0.28527099 2631.000000 31.000000 2528.000000 0.000000
1.62521398 2.14151406 -0.28527099 2600.000000 31.000000 2551.000000 0.000000
1.63650799 2.12914109 -0.28490901 1309.000000 12.000000 4281.000000 0.000000
1.60454094 2.22992706 -0.35672399 1486.000000 22.000000 3571.000000 0.000000
1.61295700 2.21283507 -0.35543099 2130.000000 36.000000 3380.000000 0.000000
1.60421097 2.17261100 -0.34997201 1721.000000 27.000000 3331.000000 0.000000
1.61159599 2.15479398 -0.34853500 1608.000000 25.000000 3403.000000 0.000000
1.62120795 2.14012599 -0.34767300 1764.000000 28.000000 3148.000000 0.000000
1.62889802 2.12306404 -0.34638000 1164.000000 17.000000 3497.000000 0.000000
1.60455203 2.25464106 -0.42970800 903.000000 8.000000 3775.000000 0.000000
1.60393500 2.22477007 -0.42550001 2674.000000 32.000000 2743.000000 0.000000
1.62046397 2.21886492 -0.42634100 3010.000000 39.000000 2451.000000 0.000000
1.61234403 2.17956901 -0.42011401 2665.000000 32.000000 2636.000000 0.000000
1.61563206 2.15622997 -0.41725200 2540.000000 30.000000 2471.000000 0.000000
1.62227297 2.13764191 -0.41540101 2289.000000 25.000000 2501.000000 0.000000
1.64197099 2.13624096 -0.41725200 1561.000000 15.000000 3457.000000 0.000000
1.58579695 2.23754597 -0.49164701 798.000000 11.000000 4451.000000 0.000000
1.59835398 2.22617793 -0.49126399 1641.000000 25.000000 3476.000000 0.000000
1.61255896 2.21712303 -0.49145600 2179.000000 37.000000 3241.000000 0.000000
1.61625600 2.19373894 -0.48820099 1932.000000 32.000000 3072.000000 0.000000
1.60273504 2.14755797 -0.47939199 1710.000000 27.000000 3009.000000 0.000000
1.61174703 2.13219690 -0.47805101 1731.000000 27.000000 3063.000000 0.000000
1.62420404 2.12148690 -0.47786000 1543.000000 23.000000 3330.000000 0.000000
1.66600394 2.14875388 -0.48705199 578.000000 8.000000 4889.000000 0.000000
1.78638303 2.21875095 -0.51232898 461.000000 6.000000 4987.000000 0.000000
1.60649204 2.22750211 -0.56266600 2163.000000 23.000000 2064.000000 0.000000
1.62070501 2.21839094 -0.56288201 2713.000000 33.000000 2054.000000 0.000000
1.61510599 2.18251204 -0.55576199 2466.000000 28.000000 2412.000000 0.000000
1.61909103 2.16006398 -0.55230999 2470.000000 28.000000 2400.000000 0.000000
1.62640703 2.14231491 -0.55015200 2471.000000 28.000000 2484.000000 0.000000
1.63296998 2.12378311 -0.54777902 2005.000000 21.000000 2864.000000 0.000000
1.68739104 2.16686201 -0.56266600 484.000000 4.000000 4181.000000 0.000000
1.63018596 2.24797201 -0.63778400 1209.000000 17.000000 3594.000000 0.000000
1.61583304 2.19953799 -0.62608802 1926.000000 32.000000 3254.000000 0.000000
1.61657000 2.17242408 -0.62083602 1904.000000 31.000000 3283.000000 0.000000
1.62111902 2.15081906 -0.61725599 1807.000000 29.000000 3102.000000 0.000000
1.62899303 2.13387609 -0.61510700 1786.000000 28.000000 3133.000000 0.000000
1.64146197 2.12307191 -0.61486900 1032.000000 15.000000 4092.000000 0.000000
1.61723900 2.24157190 -0.70799398 721.000000 6.000000 3311.000000 0.000000
1.62925303 2.22926998 -0.70720500 2292.000000 25.000000 2306.000000 0.000000
1.61762702 2.18512511 -0.69563198 2630.000000 31.000000 2496.000000 0.000000
1.62636995 2.16898489 -0.69352698 2542.000000 30.000000 2476.000000 0.000000
1.62038004 2.13362002 -0.68484700 2284.000000 25.000000 2213.000000 0.000000
1.63049901 2.11981511 -0.68353200 2077.000000 22.000000 2422.000000 0.000000
1.66779900 2.14096403 -0.69431603 790.000000 7.000000 3428.000000 0.000000
1.63778496 2.23680997 -0.78026903 1636.000000 27.000000 3073.000000 0.000000
1.62014198 2.18433905 -0.76455599 1962.000000 33.000000 3125.000000 0.000000
1.61972702 2.15594792 -0.75770003 1925.000000 32.000000 3209.000000 0.000000
1.62597501 2.13680601 -0.75427097 1965.000000 33.000000 2954.000000 0.000000
1.62913001 2.11387110 -0.74941498 1638.000000 26.000000 3317.000000 0.000000
1.65972495 2.12652493 -0.75798500 612.000000 8.000000 3546.000000 0.000000
1.63695002 2.23573589 -0.85598701 1843.000000 20.000000 2054.000000 0.000000
1.64156997 2.21343493 -0.85102898 1962.000000 22.000000 1926.000000 0.000000
1.60712099 2.13948798 -0.82500201 2399.000000 27.000000 2209.000000 0.000000
1.61964202 2.12883091 -0.82469201 2402.000000 27.000000 2278.000000 0.000000
1.62686706 2.11132407 -0.82159400 2197.000000 24.000000 2484.000000 0.000000
1.66203296 2.12977409 -0.83336800 1206.000000 11.000000 2526.000000 0.000000
