-1.89371800 2.54037189 1.60583997 64.000000 1.000000 9461.000000 1.000000
-1.86967099 2.46057892 1.47064996 152.000000 3.000000 10866.000000 1.000000
-1.88285697 2.50964689 1.49267495 86.000000 2.000000 11451.000000 1.000000
-1.91557705 2.43698001 1.38507402 48.000000 1.000000 11382.000000 1.000000
-1.90956795 2.46026802 1.39149797 348.000000 4.000000 9876.000000 1.000000
-1.62606597 2.12142897 1.19798994 944.000000 9.000000 10310.000000 1.000000
-1.61191404 2.12990594 1.19718695 40.000000 1.000000 11316.000000 1.000000
-1.95473897 2.45848703 1.31029499 283.000000 5.000000 10450.000000 1.000000
-1.93732703 2.46752501 1.30878198 105.000000 2.000000 11191.000000 1.000000
-1.62732601 2.12687111 1.12121296 721.000000 11.000000 10072.000000 1.000000
-1.62151396 2.14640808 1.12612903 330.000000 5.000000 11161.000000 1.000000
-1.89060700 2.53359699 1.31861401 440.000000 8.000000 9807.000000 1.000000
-1.88602698 2.56004310 1.32617795 148.000000 3.000000 10921.000000 1.000000
-1.99168301 2.46733594 1.23492897 424.000000 5.000000 9722.000000 1.000000
-1.93178999 2.45412588 1.21678495 533.000000 6.000000 9373.000000 1.000000
-1.90752399 2.45412302 1.21109295 588.000000 6.000000 10038.000000 1.000000
-1.63084102 2.12462091 1.04744399 1779.000000 18.000000 8450.000000 1.000000
-1.61664605 2.13309693 1.04673195 1738.000000 18.000000 8771.000000 1.000000
-1.61975300 2.16468501 1.05704904 134.000000 1.000000 10772.000000 1.000000
-1.65238094 2.14223099 0.98149401 749.000000 11.000000 10240.000000 1.000000
-1.62832606 2.13808799 0.97518301 1840.000000 31.000000 9252.000000 1.000000
-1.61063194 2.14201498 0.97252601 1285.000000 20.000000 10437.000000 1.000000
-1.58957195 2.14126706 0.96787500 402.000000 6.000000 11368.000000 1.000000
-1.70537496 2.05643511 0.89845902 428.000000 4.000000 9474.000000 1.000000
-1.69031703 2.06391597 0.89722103 632.000000 5.000000 9576.000000 1.000000
-1.69674504 2.09791899 0.90711999 826.000000 7.000000 8921.000000 1.000000
-1.68502605 2.10977697 0.90773898 904.000000 8.000000 9203.000000 1.000000
-1.65969098 2.10438991 0.90124297 1313.000000 13.000000 8843.000000 1.000000
-1.65200198 2.12128901 0.90402699 1070.000000 10.000000 8313.000000 1.000000
-1.64416897 2.13817310 0.90681100 516.000000 4.000000 8908.000000 1.000000
-1.62757099 2.14367604 0.90495503 62.000000 1.000000 8848.000000 1.000000
-1.64060605 2.18863606 0.91918498 207.000000 2.000000 8811.000000 1.000000
-1.63166904 2.20477891 0.92166001 406.000000 4.000000 8697.000000 1.000000
-1.62147295 2.21935797 0.92351598 704.000000 7.000000 8401.000000 1.000000
-1.98165596 1.77922904 0.82362998 1720.000000 28.000000 10021.000000 1.000000
-1.98348403 1.80293906 0.82876998 1310.000000 20.000000 10242.000000 1.000000
-1.93319404 2.01126790 0.86131901 1534.000000 26.000000 9433.000000 1.000000
-1.94064200 2.04391408 0.86988503 1171.000000 19.000000 9721.000000 1.000000
-1.80002797 1.91965103 0.81420797 1430.000000 22.000000 10531.000000 1.000000
-1.78103995 1.92293596 0.81106699 1218.000000 18.000000 10588.000000 1.000000
-1.77439201 1.93947697 0.81335199 405.000000 6.000000 11070.000000 1.000000
-1.84355605 2.03979802 0.84932703 852.000000 12.000000 10899.000000 1.000000
-1.67775297 1.99994600 0.80792701 26.000000 1.000000 11222.000000 1.000000
-1.72609305 2.08317089 0.83619303 169.000000 3.000000 11009.000000 1.000000
-1.72847903 2.11224294 0.84333098 1298.000000 20.000000 10366.000000 1.000000
-1.70522702 2.11015201 0.83847702 1476.000000 23.000000 8950.000000 1.000000
-1.68805504 2.11533809 0.83647901 1282.000000 19.000000 8867.000000 1.000000
-1.65602696 2.10159612 0.82734197 1047.000000 15.000000 9085.000000 1.000000
-1.64958704 2.12002897 0.83048302 1218.000000 18.000000 9272.000000 1.000000
-1.65526795 2.15440202 0.83961999 206.000000 3.000000 10313.000000 1.000000
-1.63131797 2.20605803 0.84761399 481.000000 7.000000 10458.000000 1.000000
-1.63473701 2.23922300 0.85618001 1468.000000 25.000000 9329.000000 1.000000
-1.61647499 2.24299788 0.85389602 1815.000000 32.000000 9090.000000 1.000000
-1.59878504 2.24741292 0.85189700 613.000000 9.000000 11354.000000 1.000000
-1.77077997 2.58781600 0.96439201 72.000000 2.000000 11377.000000 1.000000
-1.83149195 1.92557502 0.75335097 1819.000000 19.000000 8259.000000 1.000000
-1.81766105 1.93466604 0.75256401 1894.000000 20.000000 7759.000000 1.000000
-1.80706799 1.94719803 0.75308901 1529.000000 15.000000 7641.000000 1.000000
-1.85895300 2.02799201 0.77880001 1584.000000 16.000000 7546.000000 1.000000
-1.78117299 2.09283495 0.77801299 393.000000 3.000000 10190.000000 1.000000
-1.76023102 2.09411812 0.77460200 2455.000000 29.000000 7866.000000 1.000000
-1.75166094 2.11007810 0.77643901 1137.000000 10.000000 9134.000000 1.000000
-1.76252604 2.14990211 0.78667098 131.000000 1.000000 10746.000000 1.000000
-1.80377698 2.56427312 0.88321799 191.000000 2.000000 11320.000000 1.000000
-1.78470898 2.57053494 0.88164401 80.000000 1.000000 12889.000000 1.000000
-1.81272805 1.98675096 0.69269103 627.000000 9.000000 9155.000000 1.000000
-1.88320196 2.08932900 0.72300601 348.000000 5.000000 9766.000000 1.000000
-1.87552094 2.10664010 0.72491598 1013.000000 16.000000 8647.000000 1.000000
-1.84521794 2.09844303 0.71847099 1354.000000 22.000000 8204.000000 1.000000
-1.83039403 2.10752892 0.71775502 1221.000000 18.000000 9128.000000 1.000000
-1.82502699 2.12755394 0.72061902 414.000000 6.000000 10210.000000 1.000000
-1.81064200 2.16392398 0.72515398 1255.000000 20.000000 9998.000000 1.000000
-1.81117499 2.48738408 0.78793299 83.000000 2.000000 13046.000000 1.000000
-1.80893803 2.51657009 0.79342300 214.000000 4.000000 12374.000000 1.000000
-1.86308801 2.08039403 0.64726597 1717.000000 17.000000 8230.000000 1.000000
-1.88779604 2.13423109 0.65973997 1953.000000 22.000000 7561.000000 1.000000
-1.86246395 2.13179493 0.65565401 1305.000000 13.000000 9218.000000 1.000000
-1.73456895 2.01003909 0.61694002 80.000000 1.000000 10119.000000 1.000000
-1.81906903 2.13441300 0.64984697 900.000000 8.000000 9117.000000 1.000000
-1.81725204 2.15898800 0.65371799 1551.000000 17.000000 8900.000000 1.000000
-1.80896199 2.17610788 0.65543902 79.000000 1.000000 10186.000000 1.000000
-1.78380799 2.17282009 0.65135199 32.000000 1.000000 10988.000000 1.000000
-1.83798695 2.41502810 0.70060498 109.000000 1.000000 13324.000000 1.000000
-1.87004006 2.48873997 0.71781099 599.000000 6.000000 11855.000000 1.000000
-1.88206506 2.53704309 0.72792000 40.000000 1.000000 15049.000000 1.000000
-1.96196306 2.15505910 0.60104501 368.000000 5.000000 10388.000000 1.000000
-1.86720097 2.07666612 0.57732099 889.000000 13.000000 9420.000000 1.000000
-1.87074304 2.10640812 0.58210403 1062.000000 15.000000 8992.000000 1.000000
-1.83379698 2.09057903 0.57502502 1256.000000 19.000000 8218.000000 1.000000
-1.82029104 2.10105109 0.57483399 1254.000000 19.000000 9360.000000 1.000000
-1.82270503 2.13005710 0.57942498 812.000000 12.000000 10637.000000 1.000000
-1.90548301 2.43012810 0.63490897 930.000000 15.000000 8692.000000 1.000000
-1.86284995 2.40610909 0.62610799 311.000000 5.000000 12653.000000 1.000000
-1.53929305 2.09328890 0.53943902 104.000000 2.000000 14194.000000 1.000000
-1.52642000 2.10269403 0.53943902 80.000000 1.000000 15463.000000 1.000000
-1.83764100 2.18170309 0.51810801 222.000000 2.000000 13383.000000 1.000000
-1.84060299 2.21265101 0.52246100 341.000000 3.000000 13808.000000 1.000000
-1.95771503 2.38317490 0.55746001 1460.000000 16.000000 9660.000000 1.000000
-1.91718495 2.42344689 0.55846500 761.000000 8.000000 10412.000000 1.000000
-1.90409899 2.43749690 0.55896699 720.000000 7.000000 9736.000000 1.000000
-1.57526100 2.09457397 0.47875500 304.000000 2.000000 12094.000000 1.000000
-1.64342904 2.21347404 0.50186402 55.000000 1.000000 14882.000000 1.000000
-1.78598404 2.19696593 0.44532600 659.000000 9.000000 8325.000000 1.000000
-1.79915500 2.24102998 0.45150399 699.000000 11.000000 10138.000000 1.000000
-1.73425496 2.18773103 0.43957901 865.000000 12.000000 8796.000000 1.000000
-1.97867501 2.52682495 0.50020599 608.000000 10.000000 11419.000000 1.000000
-1.62846005 2.10716796 0.42090300 252.000000 4.000000 11435.000000 1.000000
-1.63234103 2.13912392 0.42492500 81.000000 1.000000 12865.000000 1.000000
-1.79901099 2.15880394 -0.02982100 1078.000000 10.000000 6506.000000 1.000000
-1.78446102 2.16825700 -0.02977200 1524.000000 14.000000 5295.000000 1.000000
-1.78404701 2.17038202 -0.09546700 856.000000 12.000000 5678.000000 1.000000
-1.76628196 2.17586589 -0.09513100 998.000000 14.000000 5206.000000 1.000000
-1.74789095 2.18043494 -0.09474700 1069.000000 15.000000 5300.000000 1.000000
-1.72454298 2.17860198 -0.09397900 592.000000 8.000000 6893.000000 1.000000
-1.66333795 2.21070004 -0.09340300 536.000000 7.000000 6246.000000 1.000000
-1.65451598 2.22727203 -0.09378700 1342.000000 20.000000 6299.000000 1.000000
-1.63785994 2.23335910 -0.09354700 1484.000000 23.000000 6286.000000 1.000000
-1.62471199 2.24417496 -0.09359500 1384.000000 21.000000 5922.000000 1.000000
-1.61323905 2.25734901 -0.09378700 1633.000000 25.000000 5854.000000 1.000000
-1.60051203 2.26883602 -0.09388300 1580.000000 24.000000 6151.000000 1.000000
-1.58598900 2.27779508 -0.09383500 1353.000000 20.000000 6139.000000 1.000000
-1.57198203 2.28748298 -0.09383500 1240.000000 18.000000 6352.000000 1.000000
-1.56409705 2.30616999 -0.09436300 435.000000 6.000000 6791.000000 1.000000
-1.84201598 2.12945890 -0.16462401 354.000000 3.000000 5322.000000 1.000000
-1.84380805 2.15816998 -0.16629200 1828.000000 18.000000 5280.000000 1.000000
-1.83438802 2.17401695 -0.16672800 1436.000000 13.000000 5284.000000 1.000000
-1.89561701 2.30344892 -0.17681099 1161.000000 11.000000 4813.000000 1.000000
