-1.33550596 -1.31011796 0.49146399 98.000000 1.000000 10886.000000 3.000000
-1.33586395 -1.29444897 0.48883799 1688.000000 12.000000 5755.000000 3.000000
-1.34028101 -1.28286302 0.48764500 2216.000000 18.000000 5114.000000 3.000000
-1.34812701 -1.27461505 0.48764500 2214.000000 18.000000 4962.000000 3.000000
-1.35308897 -1.26366198 0.48669001 1847.000000 14.000000 6664.000000 3.000000
-1.31608605 -1.31717503 0.44229800 1219.000000 6.000000 10223.000000 3.000000
-1.33456802 -1.31936598 0.44552401 4071.000000 50.000000 7535.000000 3.000000
-1.33984101 -1.30842495 0.44466400 3988.000000 44.000000 7033.000000 3.000000
-1.34854805 -1.30085695 0.44487900 4111.000000 51.000000 7087.000000 3.000000
-1.35367405 -1.28986502 0.44401899 4036.000000 45.000000 6966.000000 3.000000
-1.35800505 -1.27819097 0.44294399 2686.000000 19.000000 5124.000000 3.000000
-1.36739194 -1.37161803 0.41048700 50.000000 1.000000 12038.000000 3.000000
-1.34029496 -1.32789695 0.40073001 596.000000 4.000000 10693.000000 3.000000
-1.33441603 -1.30588806 0.39690301 1634.000000 11.000000 5785.000000 3.000000
-1.33817804 -1.29357398 0.39575499 2491.000000 21.000000 4881.000000 3.000000
-1.34467304 -1.28398001 0.39537299 2507.000000 21.000000 4943.000000 3.000000
-1.35537696 -1.27840495 0.39613801 2359.000000 19.000000 6450.000000 3.000000
-1.36821306 -1.27475905 0.39747700 253.000000 1.000000 13250.000000 3.000000
-1.33609998 -1.32178700 0.35282701 1291.000000 7.000000 7509.000000 3.000000
-1.33853996 -1.30805504 0.35148799 3187.000000 26.000000 4525.000000 3.000000
-1.34654105 -1.29981804 0.35148799 3158.000000 25.000000 3929.000000 3.000000
-1.34806502 -1.28541303 0.34998101 2441.000000 16.000000 3779.000000 3.000000
-1.36454499 -1.28522205 0.35199001 933.000000 5.000000 7524.000000 3.000000
-1.32471800 -1.31059098 0.30482101 1942.000000 15.000000 7321.000000 3.000000
-1.34050405 -1.31006205 0.30640200 3436.000000 37.000000 6389.000000 3.000000
-1.35349095 -1.30663395 0.30740699 3625.000000 42.000000 6602.000000 3.000000
-1.36076796 -1.29762006 0.30726400 3115.000000 31.000000 6641.000000 3.000000
-1.37445605 -1.29468703 0.30841300 1191.000000 8.000000 8135.000000 3.000000
-1.40551400 -1.30784905 0.31301001 105.000000 1.000000 10161.000000 3.000000
-1.32827604 -1.33118701 0.26183000 480.000000 2.000000 7190.000000 3.000000
-1.33641899 -1.32301199 0.26183000 3501.000000 31.000000 4460.000000 3.000000
-1.34309101 -1.31339896 0.26159000 3114.000000 24.000000 3520.000000 3.000000
-1.35469699 -1.30858004 0.26218900 3832.000000 39.000000 4277.000000 3.000000
-1.35623205 -1.29407895 0.26111099 2632.000000 18.000000 5734.000000 3.000000
-1.38149798 -1.30206394 0.26398599 136.000000 1.000000 8098.000000 3.000000
-1.33750403 -1.33828199 0.21812400 1578.000000 11.000000 5969.000000 3.000000
-1.33368003 -1.31813097 0.21649200 2636.000000 23.000000 4549.000000 3.000000
-1.34103203 -1.30922604 0.21639600 2510.000000 21.000000 4438.000000 3.000000
-1.34689498 -1.29889500 0.21610799 2853.000000 26.000000 4536.000000 3.000000
-1.37282205 -1.30780804 0.21850801 1831.000000 13.000000 7665.000000 3.000000
-1.32758200 -1.33140695 0.17135200 2836.000000 21.000000 4948.000000 3.000000
-1.33218098 -1.31972897 0.17099400 3509.000000 31.000000 4613.000000 3.000000
-1.34667301 -1.31780398 0.17163900 3760.000000 37.000000 3506.000000 3.000000
-1.35473394 -1.30951595 0.17163900 1684.000000 9.000000 3173.000000 3.000000
-1.32168102 -1.33782494 0.12723701 1971.000000 15.000000 6041.000000 3.000000
-1.33197999 -1.33181298 0.12738100 2817.000000 26.000000 4330.000000 3.000000
-1.34154499 -1.32502198 0.12747701 3264.000000 34.000000 4043.000000 3.000000
-1.34822297 -1.31536698 0.12738100 2730.000000 24.000000 3933.000000 3.000000
-1.35555100 -1.30637598 0.12733300 2100.000000 16.000000 5587.000000 3.000000
-1.32588995 -1.34612095 0.08208400 3185.000000 25.000000 4292.000000 3.000000
-1.34118903 -1.34503496 0.08232000 4165.000000 49.000000 3869.000000 3.000000
-1.34301996 -1.33045197 0.08210800 3239.000000 26.000000 3062.000000 3.000000
-1.35115802 -1.32218599 0.08210800 3223.000000 26.000000 3321.000000 3.000000
-1.36643898 -1.32081401 0.08234300 956.000000 5.000000 5402.000000 3.000000
-1.32949197 -1.34576404 0.03819500 2794.000000 25.000000 4022.000000 3.000000
-1.33066797 -1.33049595 0.03819500 1919.000000 14.000000 3151.000000 3.000000
-1.34590697 -1.32934797 0.03819500 2820.000000 25.000000 3830.000000 3.000000
-1.35403800 -1.32106400 0.03819500 2790.000000 25.000000 5559.000000 3.000000
-1.38655102 -1.33637500 0.03819500 125.000000 1.000000 6776.000000 3.000000
-1.31804299 -1.35514700 -0.00734400 2496.000000 17.000000 5167.000000 3.000000
-1.34107304 -1.36198294 -0.00785700 3941.000000 41.000000 4001.000000 3.000000
-1.33527994 -1.33957696 -0.00736800 3017.000000 23.000000 2901.000000 3.000000
-1.35200095 -1.33979702 -0.00766100 3516.000000 31.000000 3814.000000 3.000000
-1.35018802 -1.32169294 -0.00731900 2079.000000 13.000000 5682.000000 3.000000
-1.32087195 -1.35401499 -0.05137500 2500.000000 21.000000 4290.000000 3.000000
-1.32915497 -1.34588504 -0.05137500 1945.000000 14.000000 3316.000000 3.000000
-1.34161699 -1.34195101 -0.05166200 2624.000000 22.000000 3843.000000 3.000000
-1.34982598 -1.33369398 -0.05166200 2327.000000 19.000000 3959.000000 3.000000
-1.37011099 -1.33727205 -0.05247800 305.000000 1.000000 5133.000000 3.000000
-1.32120597 -1.37516403 -0.09853800 895.000000 4.000000 6055.000000 3.000000
-1.32822704 -1.36560202 -0.09839300 3067.000000 23.000000 3440.000000 3.000000
-1.33728099 -1.35813701 -0.09846600 2741.000000 19.000000 2791.000000 3.000000
-1.34629405 -1.35061204 -0.09853800 3010.000000 23.000000 3176.000000 3.000000
-1.35880899 -1.34653497 -0.09897300 1696.000000 10.000000 3719.000000 3.000000
-1.34493697 -1.31655896 -0.09672500 76.000000 1.000000 5544.000000 3.000000
-1.32158101 -1.37341201 -0.14307900 1867.000000 14.000000 5026.000000 3.000000
-1.33206296 -1.36741996 -0.14336701 2519.000000 25.000000 4222.000000 3.000000
-1.33973098 -1.35851097 -0.14327100 2424.000000 20.000000 3828.000000 3.000000
-1.34172499 -1.34391201 -0.14240700 2024.000000 15.000000 3644.000000 3.000000
-1.37677896 -1.36231196 -0.14605500 622.000000 4.000000 5732.000000 3.000000
-1.32703900 -1.38075197 -0.19128001 3004.000000 24.000000 3645.000000 3.000000
-1.32925200 -1.36618400 -0.19019400 3177.000000 27.000000 3515.000000 3.000000
-1.34388304 -1.36436296 -0.19128001 3015.000000 24.000000 2996.000000 3.000000
-1.34451401 -1.34836495 -0.18995300 2389.000000 16.000000 2929.000000 3.000000
-1.37605095 -1.36312795 -0.19393399 354.000000 1.000000 5059.000000 3.000000
-1.32171094 -1.39248300 -0.23661999 1000.000000 7.000000 5383.000000 3.000000
-1.33296704 -1.38720703 -0.23719500 2632.000000 26.000000 4239.000000 3.000000
-1.33594501 -1.37331498 -0.23604500 2501.000000 24.000000 4083.000000 3.000000
-1.33464503 -1.35520101 -0.23403400 2176.000000 20.000000 3695.000000 3.000000
-1.36524796 -1.36945903 -0.23863100 1929.000000 17.000000 3742.000000 3.000000
-1.37152004 -1.35896206 -0.23819999 202.000000 1.000000 3696.000000 3.000000
-1.32368195 -1.39427602 -0.28546000 2658.000000 20.000000 3451.000000 3.000000
-1.33084595 -1.38470697 -0.28512299 2327.000000 16.000000 2582.000000 3.000000
-1.33518898 -1.37227905 -0.28411299 2437.000000 17.000000 2487.000000 3.000000
-1.34358501 -1.36406100 -0.28411299 2618.000000 19.000000 2696.000000 3.000000
-1.36377001 -1.36764896 -0.28697500 897.000000 4.000000 2325.000000 3.000000
-1.31767702 -1.39109504 -0.33040899 1482.000000 12.000000 3556.000000 3.000000
-1.32618701 -1.38298404 -0.33040899 1515.000000 12.000000 3231.000000 3.000000
-1.33601296 -1.37623203 -0.33079201 1362.000000 10.000000 2752.000000 3.000000
-1.34031296 -1.36379898 -0.32964301 1826.000000 15.000000 3440.000000 3.000000
-1.35487294 -1.36182499 -0.33136699 1047.000000 8.000000 4551.000000 3.000000
-1.31448305 -1.40122902 -0.38034999 1351.000000 8.000000 4005.000000 3.000000
-1.32305598 -1.39313698 -0.38034999 2148.000000 14.000000 2742.000000 3.000000
-1.32683897 -1.38006902 -0.37884000 1443.000000 8.000000 2100.000000 3.000000
-1.34209704 -1.37889397 -0.38099799 1944.000000 12.000000 2617.000000 3.000000
-1.34298897 -1.36298800 -0.37862399 1509.000000 9.000000 3052.000000 3.000000
-1.32532704 -1.40307701 -0.42963499 1845.000000 16.000000 4068.000000 3.000000
-1.33457994 -1.39562201 -0.42987400 1042.000000 8.000000 2967.000000 3.000000
-1.34379303 -1.38810599 -0.43011299 1403.000000 11.000000 2986.000000 3.000000
-1.35771096 -1.38539398 -0.43202201 1566.000000 13.000000 3816.000000 3.000000
-1.36755097 -1.37841904 -0.43250000 213.000000 1.000000 6210.000000 3.000000
-1.32434201 -1.41123700 -0.48205000 1936.000000 12.000000 2894.000000 3.000000
-1.32499599 -1.39469600 -0.47889400 2262.000000 15.000000 3108.000000 3.000000
-1.33821297 -1.39140403 -0.48073500 1673.000000 10.000000 2429.000000 3.000000
-1.34672594 -1.38316703 -0.48073500 1611.000000 9.000000 3154.000000 3.000000
-1.38636303 -1.40646398 -0.49283499 241.000000 1.000000 6043.000000 3.000000
-1.32289100 -1.42227399 -0.53286302 1057.000000 8.000000 4173.000000 3.000000
-1.32634902 -1.40853798 -0.53057700 1622.000000 13.000000 3735.000000 3.000000
-1.33034801 -1.39550805 -0.52857798 1851.000000 16.000000 3952.000000 3.000000
-1.34419799 -1.39284599 -0.53086299 1630.000000 13.000000 3950.000000 3.000000
-1.36207497 -1.39418900 -0.53486300 830.000000 6.000000 6187.000000 3.000000
-1.32586002 -1.42786396 -0.58796901 1406.000000 8.000000 3062.000000 3.000000
-1.32807899 -1.41277897 -0.58487099 1780.000000 11.000000 2791.000000 3.000000
-1.33475494 -1.40253794 -0.58394098 1756.000000 11.000000 2834.000000 3.000000
-1.33937502 -1.39021599 -0.58208197 1649.000000 10.000000 3193.000000 3.000000
-1.36448801 -1.39897704 -0.58982903 576.000000 3.000000 5793.000000 3.000000
-1.32730699 -1.43248296 -0.63970298 841.000000 6.000000 3582.000000 3.000000
-1.32705700 -1.41466200 -0.63505501 1270.000000 10.000000 3551.000000 3.000000
-1.33960104 -1.41060400 -0.63704699 1409.000000 11.000000 3610.000000 3.000000
-1.34823096 -1.40235806 -0.63704699 1432.000000 11.000000 4016.000000 3.000000
-1.36337495 -1.40083301 -0.64036697 458.000000 3.000000 5981.000000 3.000000
-1.32271802 -1.42399299 -0.69209599 1669.000000 10.000000 3058.000000 3.000000
-1.32630599 -1.41040802 -0.68924701 1834.000000 11.000000 3499.000000 3.000000
-1.33557999 -1.40292001 -0.68960297 1865.000000 12.000000 3170.000000 3.000000
-1.35130095 -1.40209496 -0.69352001 1053.000000 6.000000 3448.000000 3.000000
-1.31930494 -1.43072701 -0.74469000 1016.000000 8.000000 3741.000000 3.000000
-1.32869005 -1.42328405 -0.74506801 1436.000000 12.000000 3720.000000 3.000000
-1.33232105 -1.40971005 -0.74204600 1235.000000 10.000000 3551.000000 3.000000
-1.35499704 -1.41625702 -0.75035501 492.000000 4.000000 2610.000000 3.000000
-1.36944699 -1.41391397 -0.75375402 255.000000 2.000000 5268.000000 3.000000
-1.32837796 -1.44628096 -0.81154001 1247.000000 8.000000 3320.000000 3.000000
-1.33535504 -1.43609202 -0.81033498 1356.000000 8.000000 2982.000000 3.000000
-1.32592595 -1.40854800 -0.79868299 931.000000 5.000000 2573.000000 3.000000
-1.35477400 -1.42158496 -0.81154001 1283.000000 8.000000 3349.000000 3.000000
-1.37110698 -1.42114794 -0.81636101 331.000000 2.000000 4986.000000 3.000000
-1.32462001 -1.44399703 -0.86387497 405.000000 3.000000 2710.000000 3.000000
-1.33283997 -1.43517697 -0.86345202 338.000000 2.000000 2331.000000 3.000000
-1.34843397 -1.43424797 -0.86810499 511.000000 4.000000 2438.000000 3.000000
-1.35845494 -1.42726302 -0.86895102 629.000000 5.000000 3575.000000 3.000000
-1.32632005 -1.45941103 -0.93280602 820.000000 5.000000 2517.000000 3.000000
-1.32615602 -1.44137597 -0.92610598 1528.000000 10.000000 2835.000000 3.000000
-1.34168899 -1.44040799 -0.93101901 907.000000 5.000000 2376.000000 3.000000
-1.34988701 -1.43149805 -0.93057299 849.000000 5.000000 2791.000000 3.000000
-1.32073903 -1.46728396 -0.99158102 439.000000 3.000000 3035.000000 3.000000
-1.32437098 -1.45325994 -0.98737299 684.000000 6.000000 3029.000000 3.000000
-1.32907701 -1.44054902 -0.98410100 822.000000 7.000000 3229.000000 3.000000
-1.34029901 -1.43495703 -0.98597097 776.000000 7.000000 3134.000000 3.000000
-1.36119795 -1.43957901 -0.99532002 206.000000 1.000000 3905.000000 3.000000
-1.31954396 -1.46743202 -1.05808699 798.000000 4.000000 2679.000000 3.000000
-1.32852304 -1.45930696 -1.05808699 1266.000000 8.000000 3060.000000 3.000000
-1.33686101 -1.45048797 -1.05759704 1168.000000 7.000000 3146.000000 3.000000
-1.34335601 -1.43971097 -1.05563402 968.000000 6.000000 3521.000000 3.000000
-1.32505703 -1.48287702 -1.12714696 621.000000 6.000000 3279.000000 3.000000
-1.33585703 -1.47663498 -1.12867904 702.000000 7.000000 2951.000000 3.000000
-1.34315503 -1.46650398 -1.12714696 790.000000 8.000000 3341.000000 3.000000
-1.34979498 -1.45570803 -1.12510395 586.000000 6.000000 3433.000000 3.000000
-1.31888402 -1.50076699 -1.20628703 799.000000 5.000000 2987.000000 3.000000
-1.33763003 -1.50337803 -1.21536303 909.000000 6.000000 2846.000000 3.000000
-1.33606803 -1.48321402 -1.20521903 742.000000 5.000000 2412.000000 3.000000
-1.35369694 -1.48435295 -1.21322703 930.000000 6.000000 2736.000000 3.000000
-1.35703897 -1.46981001 -1.20788801 523.000000 3.000000 2313.000000 3.000000
-1.34582996 -3.93669891 0.63826799 1670.000000 34.000000 9821.000000 3.000000
-1.36898506 -3.92556310 0.63783699 1365.000000 26.000000 9670.000000 3.000000
-1.33551502 -3.97017694 0.54034197 1148.000000 17.000000 8370.000000 3.000000
-1.87334597 -2.31883311 -0.24677999 709.000000 11.000000 6930.000000 3.000000
-1.89823604 -2.32040596 -0.24841200 1184.000000 19.000000 8015.000000 3.000000
-1.91243804 -2.30871511 -0.24841200 733.000000 11.000000 6650.000000 3.000000
-1.98724198 -2.36946607 -0.25753400 343.000000 5.000000 5275.000000 3.000000
-1.98353100 -2.27837205 -0.25062001 1190.000000 19.000000 7548.000000 3.000000
-1.98248398 -2.36168909 -0.33329299 1349.000000 17.000000 6027.000000 3.000000
