-1.73521399 2.03735304 -0.97126698 1344.000000 14.000000 3927.000000 0.000000
-1.72328198 2.04867697 -0.97162300 2514.000000 34.000000 4069.000000 0.000000
-1.71306598 2.06208897 -0.97304702 2653.000000 37.000000 3449.000000 0.000000
-1.69327295 2.06388807 -0.96877402 2034.000000 24.000000 3372.000000 0.000000
-1.77341902 2.03821111 -1.05287600 535.000000 8.000000 4689.000000 0.000000
-1.74092901 2.02590990 -1.04041302 1821.000000 33.000000 4315.000000 0.000000
-1.72966599 2.03796506 -1.04116797 1915.000000 36.000000 4010.000000 0.000000
-1.71593702 2.04712200 -1.04041302 1795.000000 33.000000 3431.000000 0.000000
-1.70334399 2.05761194 -1.04041302 720.000000 11.000000 4822.000000 0.000000
-1.61560905 2.00136900 -1.00000095 1120.000000 17.000000 3142.000000 0.000000
-1.60214198 2.00979805 -0.99924600 1128.000000 17.000000 3178.000000 0.000000
-1.59264898 2.02322412 -1.00113404 698.000000 10.000000 3697.000000 0.000000
-1.77565002 2.01082397 -1.12694299 1377.000000 16.000000 4321.000000 0.000000
-1.75425506 2.01132488 -1.12091696 2124.000000 29.000000 3876.000000 0.000000
-1.73889399 2.01858091 -1.11890805 2253.000000 32.000000 3713.000000 0.000000
-1.72588205 2.02851510 -1.11850595 1716.000000 22.000000 3401.000000 0.000000
-1.65750599 2.02238607 -1.09721100 892.000000 9.000000 3437.000000 0.000000
-1.61800599 1.99904895 -1.07832694 1327.000000 14.000000 3021.000000 0.000000
-1.60456705 2.00750804 -1.07752299 1290.000000 14.000000 3042.000000 0.000000
-1.60128999 2.02882099 -1.08395195 688.000000 7.000000 4342.000000 0.000000
-1.86431396 2.00388694 -1.22675300 1013.000000 16.000000 4902.000000 0.000000
-1.85566902 2.01928592 -1.22929096 1301.000000 22.000000 4393.000000 0.000000
-1.76944005 1.99822605 -1.19503295 1425.000000 25.000000 3864.000000 0.000000
-1.75236499 2.00359702 -1.19165003 1835.000000 34.000000 4050.000000 0.000000
-1.74300504 2.01773500 -1.19376397 1479.000000 26.000000 3139.000000 0.000000
-1.72705603 2.02426100 -1.19122696 742.000000 11.000000 3520.000000 0.000000
-1.89284503 1.99428403 -1.32095897 1332.000000 17.000000 3871.000000 0.000000
-1.89323604 2.06973600 -1.34865201 920.000000 11.000000 3963.000000 0.000000
-1.78158605 1.97172797 -1.27495205 1746.000000 22.000000 3576.000000 0.000000
-1.76469100 1.97728002 -1.27137899 2133.000000 29.000000 3572.000000 0.000000
-1.75548100 1.99142802 -1.27361202 2019.000000 27.000000 3205.000000 0.000000
-1.74792695 2.00756192 -1.27718604 1371.000000 16.000000 3347.000000 0.000000
-1.62381005 1.98472202 -1.22849905 1151.000000 12.000000 3010.000000 0.000000
-1.61722004 2.00161099 -1.23296595 944.000000 9.000000 2917.000000 0.000000
-1.60881102 2.01639390 -1.23609197 966.000000 11.000000 3332.000000 0.000000
-1.68217397 2.13520503 -1.30532598 890.000000 10.000000 3971.000000 0.000000
-1.82309496 1.94688404 -1.35807502 681.000000 10.000000 3517.000000 0.000000
-1.79668295 1.94248199 -1.34685504 1101.000000 18.000000 3342.000000 0.000000
-1.78114605 1.94955897 -1.34405100 1191.000000 20.000000 3262.000000 0.000000
-1.76559103 1.95651996 -1.34124601 1227.000000 21.000000 3253.000000 0.000000
-1.76298106 1.97785902 -1.34872496 964.000000 15.000000 2633.000000 0.000000
-1.62420702 1.98871195 -1.39277995 1088.000000 12.000000 2801.000000 0.000000
-1.61251998 1.99931896 -1.39327097 1095.000000 13.000000 2864.000000 0.000000
