1.07228601 -1.81295502 -0.93239099 68.000000 1.000000 1630.000000 3.000000
1.06114197 -1.81950104 -0.93239099 75.000000 1.000000 1704.000000 3.000000
1.03953195 -1.80792999 -0.92266297 74.000000 1.000000 1944.000000 3.000000
0.72109199 -1.80251896 -0.85541701 137.000000 1.000000 1989.000000 3.000000
0.70768601 -1.80101097 -0.85245597 139.000000 1.000000 1761.000000 3.000000
0.69629401 -1.80447495 -0.85203302 159.000000 1.000000 1772.000000 3.000000
0.68585402 -1.81040704 -0.85287899 123.000000 1.000000 1984.000000 3.000000
0.67536801 -1.81627798 -0.85372502 140.000000 1.000000 2530.000000 3.000000
0.49451301 -1.79606903 -0.87831300 276.000000 1.000000 2306.000000 3.000000
0.48209399 -1.79388404 -0.87563300 295.000000 1.000000 1707.000000 3.000000
0.46972099 -1.79161501 -0.87295300 268.000000 1.000000 1625.000000 3.000000
0.45695099 -1.78752697 -0.86937898 260.000000 1.000000 1726.000000 3.000000
0.27697599 -1.75440395 -0.88686800 220.000000 1.000000 1713.000000 3.000000
0.26647499 -1.75781798 -0.88780302 281.000000 2.000000 1463.000000 3.000000
0.25568399 -1.75942004 -0.88780302 368.000000 2.000000 1548.000000 3.000000
0.24513200 -1.76270604 -0.88873798 290.000000 2.000000 1442.000000 3.000000
0.23739199 -1.78695405 -0.90089202 175.000000 1.000000 1838.000000 3.000000
-0.81329298 -1.71370697 -0.89528602 210.000000 1.000000 1715.000000 3.000000
-0.82262498 -1.70626700 -0.89394599 226.000000 1.000000 1646.000000 3.000000
-0.83110899 -1.69717097 -0.89171302 226.000000 1.000000 2151.000000 3.000000
-0.84110802 -1.69123900 -0.89126599 258.000000 1.000000 2441.000000 3.000000
