2.55434394 -1.82790995 -0.72729802 961.000000 16.000000 3958.000000 0.000000
2.53757095 -1.83956599 -0.72562701 1977.000000 39.000000 3956.000000 0.000000
2.52153492 -1.85165799 -0.72419500 1697.000000 32.000000 4042.000000 0.000000
2.51714611 -1.87230301 -0.72634298 1383.000000 24.000000 3677.000000 0.000000
2.57540393 -1.74071395 -0.80189598 1753.000000 23.000000 3589.000000 0.000000
2.53018188 -1.82567298 -0.80505300 2244.000000 33.000000 3253.000000 0.000000
2.52126789 -1.84287298 -0.80584198 2360.000000 35.000000 2915.000000 0.000000
2.52153993 -1.86692500 -0.80978698 1415.000000 18.000000 2873.000000 0.000000
2.59365201 -1.80315995 -0.98240501 1503.000000 21.000000 2738.000000 0.000000
2.54446197 -1.79219604 -0.96722198 2081.000000 32.000000 3085.000000 0.000000
2.52800202 -1.80390704 -0.96505302 2294.000000 37.000000 3002.000000 0.000000
2.51688600 -1.81938398 -0.96505302 2160.000000 34.000000 2877.000000 0.000000
2.51641107 -1.84266198 -0.96939099 1645.000000 23.000000 2606.000000 0.000000
2.50171995 -1.77730703 -1.03245497 1040.000000 18.000000 4788.000000 0.000000
2.49536610 -1.79592395 -1.03444695 1353.000000 24.000000 4566.000000 0.000000
2.49269199 -1.81730294 -1.03809905 1062.000000 19.000000 4288.000000 0.000000
2.52540994 -1.75632203 -1.12367105 1538.000000 21.000000 2627.000000 0.000000
2.52680397 -1.78040195 -1.12936902 1844.000000 27.000000 2698.000000 0.000000
2.50138593 -1.78555095 -1.12260306 2113.000000 33.000000 2648.000000 0.000000
2.49038291 -1.80086505 -1.12260306 2198.000000 35.000000 2916.000000 0.000000
2.50415492 -1.83434606 -1.13435400 1383.000000 19.000000 2683.000000 0.000000
-1.05027497 -1.80274498 -0.63289702 1943.000000 13.000000 3246.000000 0.000000
-1.02535605 -1.71145296 -0.60315198 2430.000000 17.000000 3544.000000 0.000000
-1.03435504 -1.70269299 -0.60222203 2451.000000 17.000000 3430.000000 0.000000
-1.07473302 -1.74486697 -0.62081301 1344.000000 8.000000 4354.000000 0.000000
-0.97052300 -1.82180202 -0.67887902 651.000000 5.000000 4243.000000 0.000000
-1.01635599 -1.72474897 -0.65696698 293.000000 2.000000 3347.000000 0.000000
-1.02981305 -1.72334397 -0.65895897 1822.000000 19.000000 3721.000000 0.000000
-1.03744400 -1.71214700 -0.65696698 2181.000000 24.000000 4068.000000 0.000000
-1.06023395 -1.72586703 -0.66526699 1836.000000 19.000000 4235.000000 0.000000
-0.96988100 -1.78807700 -0.72663599 2675.000000 22.000000 2545.000000 0.000000
-0.98128498 -1.78291094 -0.72699201 2572.000000 20.000000 2205.000000 0.000000
-0.99220598 -1.77685595 -0.72699201 2525.000000 20.000000 2340.000000 0.000000
-1.00355101 -1.77154803 -0.72734803 2516.000000 20.000000 2234.000000 0.000000
-1.00834298 -1.75482798 -0.72271901 2206.000000 16.000000 2099.000000 0.000000
-1.01673603 -1.74457204 -0.72093803 1482.000000 9.000000 3024.000000 0.000000
-1.01933002 -1.72463095 -0.71488500 2111.000000 15.000000 3014.000000 0.000000
-1.02989197 -1.71834397 -0.71488500 2362.000000 18.000000 3103.000000 0.000000
-1.04673302 -1.72236896 -0.71951401 2390.000000 18.000000 3473.000000 0.000000
-1.09801102 -1.78191805 -0.74906898 1284.000000 8.000000 4283.000000 0.000000
-0.97491300 -1.81370997 -0.79076701 629.000000 5.000000 3635.000000 0.000000
-0.97100401 -1.78002703 -0.77792603 2321.000000 26.000000 4037.000000 0.000000
-0.98235399 -1.77484596 -0.77830398 2397.000000 28.000000 3711.000000 0.000000
-0.99322599 -1.76878500 -0.77830398 2164.000000 24.000000 2994.000000 0.000000
-1.00542998 -1.76507401 -0.77943701 1988.000000 21.000000 2746.000000 0.000000
-1.00608695 -1.74121296 -0.77112800 1702.000000 17.000000 2570.000000 0.000000
-1.01768506 -1.73660600 -0.77188301 1582.000000 15.000000 3078.000000 0.000000
-1.02360702 -1.72236001 -0.76810598 1750.000000 18.000000 3283.000000 0.000000
-1.03510797 -1.71763504 -0.76886201 1615.000000 16.000000 3285.000000 0.000000
-1.03071201 -1.68672705 -0.75715399 1012.000000 9.000000 4499.000000 0.000000
-0.95726103 -1.78872895 -0.84006703 2020.000000 14.000000 3315.000000 0.000000
-0.96734297 -1.78121305 -0.83926302 2112.000000 15.000000 3334.000000 0.000000
-0.97736901 -1.77364004 -0.83846003 2128.000000 15.000000 3885.000000 0.000000
-0.98554897 -1.76281595 -0.83604902 1852.000000 13.000000 3543.000000 0.000000
-0.99182397 -1.74877298 -0.83203101 1640.000000 11.000000 2225.000000 0.000000
-1.00207806 -1.74186099 -0.83162898 1586.000000 10.000000 2170.000000 0.000000
-1.00858903 -1.72856402 -0.82801300 1617.000000 11.000000 2738.000000 0.000000
-1.01030600 -1.70737505 -0.82037902 1771.000000 12.000000 3137.000000 0.000000
-1.02076304 -1.70114398 -0.82037902 1804.000000 12.000000 3194.000000 0.000000
-1.04547703 -1.71830797 -0.83243299 1223.000000 7.000000 4071.000000 0.000000
-1.04418302 -1.71887195 -0.88798302 292.000000 2.000000 3885.000000 0.000000
-1.04807901 -1.70161700 -0.88206202 916.000000 8.000000 3787.000000 0.000000
-1.06471896 -1.70515895 -0.88756001 1362.000000 13.000000 4002.000000 0.000000
-0.96075398 -1.79154098 -0.96317899 1450.000000 9.000000 3534.000000 0.000000
-0.97202998 -1.80710602 -1.03271794 1149.000000 12.000000 3222.000000 0.000000
-0.97339600 -1.78324103 -1.02196598 1408.000000 14.000000 3127.000000 0.000000
-0.98047900 -1.77026606 -1.01775897 1813.000000 19.000000 3293.000000 0.000000
-0.99089199 -1.76344502 -1.01729095 1898.000000 20.000000 3360.000000 0.000000
-1.00387394 -1.76117694 -1.01962900 1721.000000 18.000000 2996.000000 0.000000
-1.01157498 -1.74961996 -1.01635599 1497.000000 15.000000 2833.000000 0.000000
-0.96148199 -1.76320100 -1.07771695 877.000000 6.000000 3408.000000 0.000000
-0.97439402 -1.76107800 -1.08017099 2279.000000 20.000000 3234.000000 0.000000
-0.98133898 -1.74823105 -1.07575405 1995.000000 14.000000 3093.000000 0.000000
-0.99334198 -1.74444699 -1.07722700 2011.000000 15.000000 2556.000000 0.000000
-1.00926304 -1.74737000 -1.08311605 1669.000000 13.000000 2600.000000 0.000000
-1.01070595 -1.72536302 -1.07281005 1329.000000 8.000000 2616.000000 0.000000
-1.01993704 -1.71688199 -1.07133806 1168.000000 7.000000 2591.000000 0.000000
-1.02955198 -1.70910001 -1.07035601 1160.000000 7.000000 2999.000000 0.000000
-0.96039897 -1.80102003 -1.15829897 965.000000 10.000000 2530.000000 0.000000
-0.96654099 -1.78600895 -1.15217102 1124.000000 12.000000 2945.000000 0.000000
-0.96635199 -1.75967300 -1.13838196 1273.000000 14.000000 3420.000000 0.000000
-0.98505098 -1.76799798 -1.14808595 1057.000000 11.000000 3629.000000 0.000000
-0.99250901 -1.75592601 -1.14400005 992.000000 10.000000 3112.000000 0.000000
-1.01815498 -1.70222497 -1.12408304 479.000000 4.000000 2794.000000 0.000000
-1.04190695 -1.71802902 -1.13940406 694.000000 7.000000 2657.000000 0.000000
1.20944703 -1.65182400 -0.73162103 1631.000000 11.000000 4113.000000 0.000000
1.19163203 -1.64860594 -0.72663599 2060.000000 15.000000 4094.000000 0.000000
1.19066405 -1.69062102 -0.73945498 2324.000000 17.000000 3936.000000 0.000000
1.18666196 -1.70710695 -0.74372798 1473.000000 9.000000 4524.000000 0.000000
1.34190702 -1.64274800 -0.81607199 1052.000000 9.000000 4640.000000 0.000000
1.29625404 -1.60705900 -0.79303300 1398.000000 13.000000 4463.000000 0.000000
1.31875598 -1.65547597 -0.81418300 1455.000000 14.000000 4483.000000 0.000000
1.25306904 -1.69768703 -0.81153899 1326.000000 12.000000 4203.000000 0.000000
1.24426901 -1.70758498 -0.81267202 1172.000000 11.000000 4275.000000 0.000000
1.45930195 -1.62889194 -0.97003198 1607.000000 18.000000 4504.000000 0.000000
1.44687200 -1.63510501 -0.96833998 1542.000000 18.000000 4541.000000 0.000000
1.31821597 -1.58550704 -0.91166699 1115.000000 10.000000 4103.000000 0.000000
1.27915502 -1.59749806 -0.90447700 1227.000000 11.000000 4034.000000 0.000000
1.43454003 -1.56778002 -1.00918603 2027.000000 17.000000 4590.000000 0.000000
1.36595094 -1.58797097 -0.99399900 1736.000000 14.000000 4484.000000 0.000000
1.34460497 -1.58267796 -0.98506600 1956.000000 16.000000 4385.000000 0.000000
1.31184900 -1.60300303 -0.98238599 1759.000000 14.000000 4248.000000 0.000000
1.29580700 -1.60336399 -0.97747201 1749.000000 14.000000 4452.000000 0.000000
1.27590704 -1.59869099 -0.96943200 1477.000000 10.000000 4171.000000 0.000000
1.24228096 -1.57625699 -0.95022601 2050.000000 15.000000 4404.000000 0.000000
1.24082100 -1.59444594 -0.95692599 2172.000000 16.000000 4533.000000 0.000000
1.44067097 -1.57810605 -1.07759500 1144.000000 12.000000 3445.000000 0.000000
1.36432505 -1.65029597 -1.07993197 919.000000 9.000000 3527.000000 0.000000
1.31213999 -1.60736299 -1.04487205 1451.000000 16.000000 3761.000000 0.000000
1.30225301 -1.61538398 -1.04487205 1428.000000 16.000000 4002.000000 0.000000
1.29231596 -1.62334394 -1.04487205 1413.000000 16.000000 4167.000000 0.000000
1.28616595 -1.63610005 -1.04814398 1260.000000 14.000000 4084.000000 0.000000
1.27664602 -1.64465797 -1.04861200 1083.000000 11.000000 3755.000000 0.000000
1.38683701 -1.59517503 -1.13709795 1276.000000 9.000000 3884.000000 0.000000
1.37532103 -1.60167098 -1.13562596 1183.000000 8.000000 4227.000000 0.000000
1.32090402 -1.57699096 -1.10520005 1454.000000 11.000000 4263.000000 0.000000
1.27675295 -1.62293398 -1.10961604 1702.000000 13.000000 4196.000000 0.000000
1.26036203 -1.62247598 -1.10372698 1871.000000 15.000000 4420.000000 0.000000
1.24985301 -1.62948704 -1.10323703 1902.000000 16.000000 4288.000000 0.000000
1.24351001 -1.64198995 -1.10667205 1672.000000 13.000000 4412.000000 0.000000
1.23653901 -1.65377796 -1.10961604 1131.000000 8.000000 3887.000000 0.000000
1.28887296 -1.58710396 -1.16034198 1271.000000 14.000000 3884.000000 0.000000
1.29151499 -1.61038196 -1.17208803 1117.000000 12.000000 3647.000000 0.000000
1.23749995 -1.68649995 -1.18842995 1017.000000 11.000000 3654.000000 0.000000
0.85860801 -1.65459895 -0.66182798 2449.000000 18.000000 3823.000000 0.000000
0.81119502 -1.66173100 -0.65613103 1704.000000 10.000000 4379.000000 0.000000
0.80381298 -1.67257500 -0.65862298 1691.000000 10.000000 3494.000000 0.000000
0.80670100 -1.70536005 -0.67037398 1588.000000 9.000000 2518.000000 0.000000
0.81079203 -1.74163306 -0.68354899 1785.000000 11.000000 2459.000000 0.000000
0.82123399 -1.64206600 -0.69974601 2050.000000 19.000000 4404.000000 0.000000
0.79182899 -1.60807705 -0.68199497 1584.000000 13.000000 4585.000000 0.000000
0.77910602 -1.60707903 -0.67935199 1726.000000 15.000000 4463.000000 0.000000
0.76802802 -1.60932505 -0.67821902 1769.000000 15.000000 4293.000000 0.000000
0.77119398 -1.64163399 -0.69068199 1548.000000 13.000000 3653.000000 0.000000
0.77695900 -1.73575997 -0.72656202 918.000000 7.000000 3516.000000 0.000000
0.82666302 -1.66957295 -0.76734298 531.000000 2.000000 3917.000000 0.000000
0.78635103 -1.61285698 -0.73720902 1138.000000 6.000000 4219.000000 0.000000
0.80711699 -1.70852602 -0.77899498 1117.000000 6.000000 2323.000000 0.000000
0.92929697 -1.68800795 -0.84864998 695.000000 6.000000 3918.000000 0.000000
0.87753099 -1.69102502 -0.83849901 1647.000000 14.000000 4072.000000 0.000000
0.75607800 -1.62456405 -0.78563201 1099.000000 8.000000 2953.000000 0.000000
0.93189901 -1.60375702 -0.87429303 743.000000 4.000000 4095.000000 0.000000
0.90028399 -1.59402895 -0.86223298 819.000000 4.000000 4120.000000 0.000000
0.88831401 -1.59561300 -0.85999900 808.000000 4.000000 3831.000000 0.000000
0.89311999 -1.62771297 -0.87518603 1061.000000 6.000000 3961.000000 0.000000
0.86951602 -1.60796797 -0.86089301 1267.000000 7.000000 3952.000000 0.000000
0.89198399 -1.67409694 -0.89528602 1661.000000 11.000000 4109.000000 0.000000
0.88335598 -1.68270802 -0.89707297 1790.000000 12.000000 3632.000000 0.000000
0.80838501 -1.71503794 -0.89483899 1619.000000 11.000000 3076.000000 0.000000
0.78844899 -1.69966900 -0.88367301 1202.000000 7.000000 2803.000000 0.000000
0.85012102 -1.60162795 -0.90650201 827.000000 6.000000 3796.000000 0.000000
0.88198400 -1.73747396 -0.97802401 1258.000000 12.000000 4080.000000 0.000000
0.81373501 -1.62832701 -0.91024101 1045.000000 8.000000 4155.000000 0.000000
0.81039602 -1.64675796 -0.91818798 533.000000 4.000000 3679.000000 0.000000
0.90116298 -1.67003405 -1.01539195 1048.000000 6.000000 3642.000000 0.000000
0.90601200 -1.70400798 -1.03355002 1295.000000 8.000000 3406.000000 0.000000
0.88948399 -1.69795299 -1.02618802 1398.000000 9.000000 3734.000000 0.000000
0.84593099 -1.63908994 -0.98545599 1170.000000 7.000000 4034.000000 0.000000
0.82521302 -1.62327099 -0.97220600 1214.000000 7.000000 3974.000000 0.000000
0.80650002 -1.71486199 -1.01391995 402.000000 2.000000 1782.000000 0.000000
0.74480999 -1.60904002 -0.94521397 706.000000 4.000000 2644.000000 0.000000
0.84497702 -1.62568402 -1.03420103 840.000000 7.000000 3624.000000 0.000000
0.81183600 -1.63480902 -1.03011501 849.000000 8.000000 3608.000000 0.000000
0.77622002 -1.66435802 -1.03675401 526.000000 4.000000 2829.000000 0.000000
1.14290297 1.58165300 -0.86006898 1826.000000 19.000000 3453.000000 0.000000
1.11089098 1.59353304 -0.91806602 2156.000000 16.000000 3345.000000 0.000000
1.09171402 1.54578304 -0.89305300 2088.000000 15.000000 4242.000000 0.000000
1.07545900 1.46487796 -0.85553300 2167.000000 15.000000 4523.000000 0.000000
1.15818095 1.55727196 -0.91717303 2170.000000 16.000000 3822.000000 0.000000
1.20004499 1.59299099 -0.94397300 1276.000000 8.000000 3270.000000 0.000000
1.15697205 1.57113600 -0.97942603 1453.000000 14.000000 3576.000000 0.000000
1.20400596 1.61440098 -1.01261699 1747.000000 18.000000 3533.000000 0.000000
1.19422996 1.58084095 -0.99532002 1400.000000 14.000000 3181.000000 0.000000
1.23176205 1.61005294 -1.01962900 492.000000 4.000000 3499.000000 0.000000
1.16609395 1.64792502 -1.08360600 1594.000000 12.000000 3403.000000 0.000000
1.16246402 1.62162805 -1.07035601 2113.000000 16.000000 3346.000000 0.000000
1.17187905 1.61375999 -1.06986499 1986.000000 14.000000 3375.000000 0.000000
1.17865801 1.60232997 -1.06692100 1882.000000 13.000000 3347.000000 0.000000
1.19524205 1.60414600 -1.07330096 2134.000000 16.000000 3387.000000 0.000000
1.20348597 1.59469700 -1.07182801 2090.000000 15.000000 3402.000000 0.000000
1.22754800 1.60596299 -1.08507895 1474.000000 11.000000 3328.000000 0.000000
1.24485302 1.60804105 -1.09194899 831.000000 5.000000 3134.000000 0.000000
1.17740202 1.65356100 -1.15165997 1124.000000 12.000000 3103.000000 0.000000
1.17799795 1.63303602 -1.14195704 1544.000000 18.000000 3098.000000 0.000000
1.19001901 1.62855899 -1.14400005 1307.000000 14.000000 2969.000000 0.000000
1.19845903 1.61915004 -1.14246798 1298.000000 14.000000 3038.000000 0.000000
1.20991397 1.61383295 -1.14400005 1426.000000 16.000000 3017.000000 0.000000
1.22031200 1.60706496 -1.14451098 1314.000000 15.000000 3010.000000 0.000000
1.21499300 1.57974899 -1.12970102 858.000000 9.000000 3148.000000 0.000000
1.26154101 1.61982596 -1.16544902 651.000000 6.000000 2887.000000 0.000000
