2.63791490 -1.63058197 -0.71751100 78.000000 1.000000 2242.000000 3.000000
2.56904793 -1.65420198 -0.70629197 69.000000 1.000000 2676.000000 3.000000
2.33620501 -1.64235497 -0.73298198 74.000000 1.000000 1676.000000 3.000000
2.24791193 -1.66415501 -0.71693701 107.000000 1.000000 1595.000000 3.000000
1.98839498 -1.59185100 -0.71313202 216.000000 2.000000 1944.000000 3.000000
1.78645205 -1.65929198 -0.74754101 215.000000 1.000000 1415.000000 3.000000
1.77416003 -1.66826701 -0.74661100 167.000000 1.000000 1905.000000 3.000000
1.74737096 -1.66337895 -0.73917502 280.000000 2.000000 2036.000000 3.000000
1.73234200 -1.66944897 -0.73700601 212.000000 1.000000 1639.000000 3.000000
1.72138596 -1.67938197 -0.73669600 122.000000 1.000000 1598.000000 3.000000
1.60468495 -1.65956402 -0.76486599 83.000000 1.000000 2077.000000 3.000000
1.51610804 -1.64717197 -0.74029797 282.000000 2.000000 2788.000000 3.000000
1.42687702 -1.65427196 -0.78396600 172.000000 1.000000 1449.000000 3.000000
1.40277302 -1.64662695 -0.77577603 126.000000 1.000000 1364.000000 3.000000
1.25038803 -1.64341903 -0.73838699 377.000000 2.000000 2014.000000 3.000000
1.24196303 -1.65330303 -0.73945498 324.000000 1.000000 1332.000000 3.000000
1.22734594 -1.65488505 -0.73660600 143.000000 1.000000 1286.000000 3.000000
1.21551394 -1.66012096 -0.73553801 150.000000 1.000000 1638.000000 3.000000
1.15495205 -1.62697697 -0.76470703 182.000000 1.000000 1866.000000 3.000000
1.14601302 -1.63554800 -0.76546198 216.000000 1.000000 1672.000000 3.000000
1.13172996 -1.63646495 -0.76244098 179.000000 1.000000 1453.000000 3.000000
1.11276698 -1.63039601 -0.75602001 155.000000 1.000000 1513.000000 3.000000
1.10066605 -1.63412499 -0.75450999 114.000000 1.000000 1433.000000 3.000000
1.09010506 -1.64007795 -0.75413197 98.000000 1.000000 1668.000000 3.000000
1.08409595 -1.65292203 -0.75715399 105.000000 1.000000 1824.000000 3.000000
1.06636405 -1.64789796 -0.75148797 245.000000 2.000000 1632.000000 3.000000
1.05423295 -1.65129197 -0.74997801 258.000000 2.000000 1489.000000 3.000000
1.04012001 -1.65146995 -0.74695599 175.000000 1.000000 1476.000000 3.000000
1.03339899 -1.66331899 -0.74959999 573.000000 4.000000 1852.000000 3.000000
1.01589203 -1.65780199 -0.74393499 358.000000 2.000000 2249.000000 3.000000
0.54932600 -1.73414695 -0.79832101 211.000000 1.000000 1759.000000 3.000000
0.53948599 -1.74008000 -0.79958898 256.000000 1.000000 1591.000000 3.000000
0.53091902 -1.75029004 -0.80297297 452.000000 3.000000 1806.000000 3.000000
0.51964998 -1.75177801 -0.80212700 398.000000 2.000000 1577.000000 3.000000
0.51245302 -1.76710999 -0.80804801 265.000000 1.000000 1544.000000 3.000000
0.49985701 -1.76412201 -0.80508798 210.000000 1.000000 1462.000000 3.000000
0.48756099 -1.76191902 -0.80255002 163.000000 1.000000 1499.000000 3.000000
0.47316599 -1.75176406 -0.79620600 155.000000 1.000000 1524.000000 3.000000
0.46217600 -1.75375795 -0.79578298 158.000000 1.000000 1497.000000 3.000000
0.44799301 -1.74340403 -0.78943902 164.000000 1.000000 1680.000000 3.000000
0.43328699 -1.73030698 -0.78182602 187.000000 1.000000 1651.000000 3.000000
0.42027801 -1.72325504 -0.77717400 193.000000 1.000000 1597.000000 3.000000
0.40250900 -1.69584203 -0.76279402 230.000000 1.000000 1660.000000 3.000000
0.38756400 -1.67886603 -0.75348902 280.000000 1.000000 1813.000000 3.000000
0.37685400 -1.67944503 -0.75264400 258.000000 1.000000 1874.000000 3.000000
0.36420101 -1.67110705 -0.74756801 351.000000 2.000000 1945.000000 3.000000
0.25390601 -1.71336997 -0.75771898 274.000000 1.000000 1517.000000 3.000000
0.24338800 -1.71489596 -0.75771898 579.000000 3.000000 1680.000000 3.000000
0.23335700 -1.71994805 -0.75941098 241.000000 1.000000 1534.000000 3.000000
0.22279900 -1.72134697 -0.75941098 195.000000 1.000000 1528.000000 3.000000
0.21065100 -1.71009505 -0.75348902 138.000000 1.000000 1621.000000 3.000000
0.20004700 -1.71045494 -0.75306702 118.000000 1.000000 1704.000000 3.000000
0.18924201 -1.70894897 -0.75179797 139.000000 1.000000 1738.000000 3.000000
0.17865600 -1.70917702 -0.75137502 145.000000 1.000000 1606.000000 3.000000
0.16789301 -1.70753706 -0.75010598 179.000000 1.000000 1557.000000 3.000000
0.15741199 -1.70853496 -0.75010598 140.000000 1.000000 1521.000000 3.000000
0.14636700 -1.70315003 -0.74714500 167.000000 1.000000 1335.000000 3.000000
0.13531999 -1.69679105 -0.74376202 174.000000 1.000000 1459.000000 3.000000
0.12518100 -1.70120394 -0.74545401 146.000000 1.000000 1583.000000 3.000000
0.11404600 -1.69199598 -0.74080098 206.000000 1.000000 1616.000000 3.000000
0.10418000 -1.70080304 -0.74460799 142.000000 1.000000 1677.000000 3.000000
0.09322100 -1.69236398 -0.74037802 190.000000 1.000000 1606.000000 3.000000
0.08264900 -1.68928397 -0.73868698 159.000000 1.000000 1744.000000 3.000000
0.07228300 -1.68975902 -0.73868698 171.000000 1.000000 1864.000000 3.000000
0.06177100 -1.68654895 -0.73699498 168.000000 1.000000 1929.000000 3.000000
0.05121300 -1.68055701 -0.73403400 178.000000 1.000000 1958.000000 3.000000
0.04080300 -1.67721605 -0.73234302 178.000000 1.000000 1570.000000 3.000000
0.03045500 -1.67471695 -0.73107398 200.000000 1.000000 1418.000000 3.000000
0.02023100 -1.67849600 -0.73276597 177.000000 1.000000 1796.000000 3.000000
0.00992400 -1.67768300 -0.73234302 196.000000 1.000000 2282.000000 3.000000
-0.00033900 -1.69130397 -0.73868698 214.000000 1.000000 2638.000000 3.000000
-0.98396701 -1.72721601 -0.76168603 158.000000 1.000000 1781.000000 3.000000
-0.99731600 -1.72596204 -0.76395202 150.000000 1.000000 1987.000000 3.000000
-1.01208699 -1.72700799 -0.76735097 159.000000 1.000000 2955.000000 3.000000
-0.53320199 -1.71712303 -0.73881602 179.000000 1.000000 1486.000000 3.000000
-0.69895601 -1.68537199 -0.75046802 228.000000 1.000000 1617.000000 3.000000
-0.70857102 -1.67936397 -0.74966502 207.000000 1.000000 1482.000000 3.000000
-0.72428799 -1.68760395 -0.75569099 212.000000 1.000000 1543.000000 3.000000
-0.74086797 -1.69739103 -0.76252198 153.000000 1.000000 1647.000000 3.000000
-0.75759399 -1.70703697 -0.76935202 334.000000 1.000000 1802.000000 3.000000
-0.26262701 -1.62949896 -0.71965498 468.000000 2.000000 1709.000000 3.000000
-0.27660000 -1.65199804 -0.73107398 304.000000 1.000000 1656.000000 3.000000
-0.28673100 -1.65026903 -0.73107398 345.000000 2.000000 1635.000000 3.000000
-0.30286899 -1.68238294 -0.74714500 203.000000 1.000000 1436.000000 3.000000
-0.31433299 -1.68673205 -0.75010598 202.000000 1.000000 1445.000000 3.000000
-0.32569301 -1.69011199 -0.75264400 254.000000 1.000000 1443.000000 3.000000
-0.33710501 -1.69341695 -0.75518101 270.000000 1.000000 1417.000000 3.000000
-0.34676901 -1.68776500 -0.75348902 193.000000 1.000000 1571.000000 3.000000
-0.35841799 -1.69181395 -0.75645000 250.000000 1.000000 1521.000000 3.000000
-0.36993799 -1.69489706 -0.75898802 229.000000 1.000000 1666.000000 3.000000
-0.38091999 -1.69524896 -0.76025599 230.000000 1.000000 1864.000000 3.000000
-0.39373901 -1.70348096 -0.76533198 170.000000 1.000000 2047.000000 3.000000
-0.40439099 -1.70191503 -0.76575500 168.000000 1.000000 2354.000000 3.000000
-0.06732100 -3.86471295 0.22256900 230.000000 4.000000 6459.000000 3.000000
-0.08997400 -3.81729293 0.22031400 991.000000 18.000000 6670.000000 3.000000
-0.01955900 -3.86885190 0.12873200 372.000000 5.000000 5570.000000 3.000000
-0.04359700 -3.89464998 0.12934500 1181.000000 18.000000 6308.000000 3.000000
-0.09088800 -3.87283397 0.12885000 1421.000000 22.000000 5586.000000 3.000000
-0.04309100 -3.90957189 -0.05669700 702.000000 10.000000 5447.000000 3.000000
-0.06828600 -3.97820306 -0.05838300 1221.000000 19.000000 5326.000000 3.000000
-1.65079904 -3.86225605 -0.46903199 434.000000 6.000000 4613.000000 3.000000
-1.67327797 -3.84932303 -0.46867001 1185.000000 18.000000 4789.000000 3.000000
-1.69485700 -3.83444405 -0.46806601 1205.000000 19.000000 4607.000000 3.000000
0.39681500 -1.64539301 1.34645903 436.000000 2.000000 4456.000000 3.000000
0.38295400 -1.63171601 1.33348703 624.000000 4.000000 3757.000000 3.000000
0.37293401 -1.63403499 1.33348703 663.000000 4.000000 3419.000000 3.000000
0.36290100 -1.63629198 1.33348703 646.000000 4.000000 3749.000000 3.000000
0.35367799 -1.64233303 1.33657598 594.000000 3.000000 3326.000000 3.000000
0.34279400 -1.64062202 1.33348703 668.000000 4.000000 3523.000000 3.000000
0.33443001 -1.65117502 1.34028196 528.000000 3.000000 3780.000000 3.000000
0.32504600 -1.65705502 1.34337103 486.000000 3.000000 5905.000000 3.000000
0.39324999 -1.64781797 1.27648497 188.000000 1.000000 6393.000000 3.000000
0.38019300 -1.63769603 1.26694500 347.000000 2.000000 4516.000000 3.000000
0.37013701 -1.63999701 1.26694500 490.000000 3.000000 3992.000000 3.000000
0.35641199 -1.62577999 1.25442398 668.000000 5.000000 4220.000000 3.000000
0.34879899 -1.63892305 1.26277196 384.000000 3.000000 3735.000000 3.000000
0.33659801 -1.63081706 1.25502098 302.000000 2.000000 3713.000000 3.000000
0.33089501 -1.65409505 1.27111900 482.000000 3.000000 4504.000000 3.000000
0.31826299 -1.64348996 1.26157904 325.000000 2.000000 5504.000000 3.000000
0.38639399 -1.63376701 1.20425105 324.000000 1.000000 3841.000000 3.000000
0.37617901 -1.63531101 1.20367396 651.000000 3.000000 3495.000000 3.000000
0.36631599 -1.63838601 1.20425105 578.000000 3.000000 3145.000000 3.000000
0.35729200 -1.64539397 1.20771098 511.000000 2.000000 2729.000000 3.000000
0.34349900 -1.62996495 1.19502401 297.000000 1.000000 2673.000000 3.000000
0.33609599 -1.64485097 1.20425105 774.000000 4.000000 3751.000000 3.000000
0.32915500 -1.66291296 1.21578503 561.000000 3.000000 4662.000000 3.000000
0.32200500 -1.68095195 1.22731996 147.000000 1.000000 8592.000000 3.000000
0.38239101 -1.63604200 1.14002895 265.000000 2.000000 4848.000000 3.000000
0.36842701 -1.62132704 1.12838399 84.000000 1.000000 3300.000000 3.000000
0.36228499 -1.64061105 1.14002895 221.000000 1.000000 3268.000000 3.000000
0.35168201 -1.64036405 1.13836598 257.000000 2.000000 3513.000000 3.000000
0.34366900 -1.65226197 1.14502001 389.000000 3.000000 3824.000000 3.000000
0.33352500 -1.65434003 1.14502001 614.000000 4.000000 4497.000000 3.000000
0.32449901 -1.66206896 1.14890206 540.000000 4.000000 5467.000000 3.000000
0.31366801 -1.66076005 1.14668405 111.000000 1.000000 9406.000000 3.000000
0.38578799 -1.61997199 1.07342196 388.000000 2.000000 6140.000000 3.000000
0.37888199 -1.63548803 1.08196902 681.000000 3.000000 3713.000000 3.000000
0.36809900 -1.63448203 1.07983196 882.000000 5.000000 4344.000000 3.000000
0.35824299 -1.63753605 1.08036697 998.000000 6.000000 3956.000000 3.000000
0.34871301 -1.64218497 1.08196902 896.000000 5.000000 4651.000000 3.000000
0.33863100 -1.64429295 1.08196902 1027.000000 6.000000 4598.000000 3.000000
0.32952300 -1.65131497 1.08517504 829.000000 4.000000 4601.000000 3.000000
0.32465100 -1.68070102 1.10280299 405.000000 2.000000 7421.000000 3.000000
0.38884699 -1.64726901 1.03040504 352.000000 2.000000 7437.000000 3.000000
0.37795401 -1.64627695 1.02835798 603.000000 4.000000 4575.000000 3.000000
0.36727801 -1.64605105 1.02682304 713.000000 5.000000 4834.000000 3.000000
0.35735500 -1.64911306 1.02733505 700.000000 5.000000 4236.000000 3.000000
0.34615600 -1.64623296 1.02426398 803.000000 6.000000 4712.000000 3.000000
0.33709100 -1.65337396 1.02733505 712.000000 5.000000 4798.000000 3.000000
0.32626501 -1.65204096 1.02528799 631.000000 4.000000 4764.000000 3.000000
0.32119000 -1.68015897 1.04115200 406.000000 3.000000 6507.000000 3.000000
0.39907300 -1.66832101 0.98950899 404.000000 2.000000 8178.000000 3.000000
0.38017201 -1.63339496 0.96790999 1120.000000 6.000000 4920.000000 3.000000
0.37148300 -1.64164698 0.97134602 1323.000000 8.000000 4630.000000 3.000000
0.36140299 -1.64389503 0.97134602 1425.000000 8.000000 4308.000000 3.000000
0.35076699 -1.64352500 0.96987301 1201.000000 7.000000 4077.000000 3.000000
0.34120300 -1.64820600 0.97134602 1301.000000 8.000000 4266.000000 3.000000
0.33040100 -1.64685094 0.96938199 1113.000000 6.000000 4376.000000 3.000000
0.32591301 -1.67793095 0.98607302 858.000000 5.000000 4388.000000 3.000000
0.39767399 -1.66685700 0.93171299 321.000000 2.000000 8339.000000 3.000000
0.38117999 -1.64259601 0.91720301 908.000000 6.000000 5568.000000 3.000000
0.37246999 -1.65093505 0.92047900 1026.000000 7.000000 5855.000000 3.000000
0.36271599 -1.65491402 0.92141497 1079.000000 7.000000 5619.000000 3.000000
0.35292700 -1.65883696 0.92235202 1157.000000 8.000000 5312.000000 3.000000
0.33985001 -1.64713097 0.91486198 942.000000 6.000000 5042.000000 3.000000
0.33061400 -1.65351498 0.91720301 888.000000 6.000000 5011.000000 3.000000
0.32182300 -1.66244996 0.92094702 885.000000 6.000000 5276.000000 3.000000
0.38922000 -1.66333103 0.87713599 1474.000000 8.000000 5864.000000 3.000000
0.37544701 -1.64998102 0.86909902 1679.000000 10.000000 5046.000000 3.000000
0.36358401 -1.64438903 0.86508000 2037.000000 13.000000 4851.000000 3.000000
0.35348701 -1.64658904 0.86508000 2038.000000 13.000000 4838.000000 3.000000
0.34301400 -1.64697397 0.86418700 2154.000000 14.000000 4803.000000 3.000000
0.33343101 -1.65167999 0.86552697 2022.000000 12.000000 4798.000000 3.000000
0.32363200 -1.65545106 0.86641997 1952.000000 12.000000 5326.000000 3.000000
0.37604901 -1.64098501 0.81285000 1503.000000 11.000000 6583.000000 3.000000
0.36537600 -1.64060998 0.81157899 1924.000000 15.000000 6710.000000 3.000000
0.35510901 -1.64193594 0.81115597 2267.000000 19.000000 6845.000000 3.000000
0.34483901 -1.64319801 0.81073201 2256.000000 19.000000 6499.000000 3.000000
0.33493301 -1.64617002 0.81115597 2199.000000 18.000000 6394.000000 3.000000
0.32518101 -1.64997101 0.81200302 2088.000000 17.000000 6367.000000 3.000000
0.31728500 -1.66349697 0.81750900 1665.000000 12.000000 6085.000000 3.000000
0.40204701 -1.66430700 0.77684999 302.000000 1.000000 11116.000000 3.000000
0.38806799 -1.65069103 0.76962399 1501.000000 8.000000 5870.000000 3.000000
0.37711900 -1.64946902 0.76801801 1841.000000 11.000000 5217.000000 3.000000
0.36441800 -1.64012694 0.76279902 2087.000000 13.000000 5229.000000 3.000000
0.35280800 -1.63516903 0.75958699 2236.000000 14.000000 5117.000000 3.000000
0.34276801 -1.63730299 0.75958699 2221.000000 14.000000 4883.000000 3.000000
0.33344099 -1.64296603 0.76119298 2135.000000 13.000000 4570.000000 3.000000
0.32581601 -1.65756404 0.76681298 1938.000000 12.000000 4854.000000 3.000000
0.31734300 -1.66853094 0.77082801 1582.000000 9.000000 6624.000000 3.000000
0.30528599 -1.66053700 0.76641202 133.000000 1.000000 12146.000000 3.000000
0.38364401 -1.64709198 0.71809000 1214.000000 8.000000 7568.000000 3.000000
0.36960399 -1.63226902 0.71090502 2175.000000 17.000000 6710.000000 3.000000
0.36219600 -1.64625394 0.71582103 2534.000000 22.000000 6636.000000 3.000000
0.35169700 -1.64663506 0.71506500 2730.000000 25.000000 6341.000000 3.000000
0.34215701 -1.65147996 0.71619898 2675.000000 24.000000 6314.000000 3.000000
0.33127901 -1.64991999 0.71468598 2576.000000 23.000000 6277.000000 3.000000
0.32007599 -1.64647198 0.71241701 2148.000000 17.000000 5820.000000 3.000000
0.31256700 -1.66204500 0.71809000 1304.000000 9.000000 5494.000000 3.000000
0.38930100 -1.65084600 0.67354000 1359.000000 7.000000 5415.000000 3.000000
0.37625000 -1.64044905 0.66856003 2127.000000 13.000000 4890.000000 3.000000
0.36475900 -1.63634002 0.66606897 2415.000000 16.000000 4663.000000 3.000000
0.35490900 -1.63946104 0.66642499 2427.000000 16.000000 4663.000000 3.000000
0.34503400 -1.64252198 0.66678101 2511.000000 17.000000 4361.000000 3.000000
0.33513501 -1.64552498 0.66713703 2517.000000 17.000000 4588.000000 3.000000
0.32521200 -1.64846694 0.66749197 2531.000000 17.000000 4837.000000 3.000000
0.31666201 -1.65869498 0.67069399 2112.000000 13.000000 6142.000000 3.000000
0.31103700 -1.68542504 0.68030000 316.000000 1.000000 12453.000000 3.000000
0.38926399 -1.64222097 0.62309200 406.000000 2.000000 11738.000000 3.000000
0.37896600 -1.64365995 0.62276000 1867.000000 14.000000 6324.000000 3.000000
0.36699799 -1.63767505 0.61977100 2515.000000 22.000000 6503.000000 3.000000
0.35876799 -1.64818704 0.62276000 2859.000000 27.000000 6204.000000 3.000000
0.34884501 -1.65127897 0.62309200 3023.000000 30.000000 6472.000000 3.000000
0.33908901 -1.65523601 0.62375700 2947.000000 28.000000 6099.000000 3.000000
0.32874101 -1.65636098 0.62342399 2920.000000 28.000000 5851.000000 3.000000
0.31911200 -1.66112399 0.62442100 2069.000000 16.000000 4900.000000 3.000000
0.31048399 -1.67139304 0.62740999 1259.000000 8.000000 6481.000000 3.000000
0.29532799 -1.64635503 0.61777800 115.000000 1.000000 13989.000000 3.000000
0.38979000 -1.64657402 0.57982898 1234.000000 6.000000 6489.000000 3.000000
0.37691501 -1.63688600 0.57580799 2525.000000 17.000000 4459.000000 3.000000
0.36665699 -1.63823903 0.57549798 2886.000000 21.000000 4388.000000 3.000000
0.35639700 -1.63952899 0.57518899 3107.000000 24.000000 4208.000000 3.000000
0.34691700 -1.64447701 0.57611698 2900.000000 21.000000 3972.000000 3.000000
0.33625099 -1.64377904 0.57518899 2615.000000 18.000000 3971.000000 3.000000
0.32671100 -1.64861000 0.57611698 2442.000000 16.000000 4037.000000 3.000000
0.32015601 -1.66926503 0.58230400 2005.000000 12.000000 4319.000000 3.000000
0.31059799 -1.67493904 0.58354098 713.000000 3.000000 9269.000000 3.000000
0.38745499 -1.64840198 0.53468299 553.000000 3.000000 10933.000000 3.000000
0.37625501 -1.64608002 0.53325498 2381.000000 20.000000 6461.000000 3.000000
0.36866799 -1.65957797 0.53668201 2882.000000 27.000000 6088.000000 3.000000
0.35643500 -1.65244603 0.53382599 2550.000000 22.000000 5782.000000 3.000000
0.34450200 -1.64616299 0.53125697 2089.000000 16.000000 4454.000000 3.000000
0.33748001 -1.66326702 0.53582501 1265.000000 8.000000 3588.000000 3.000000
0.32446200 -1.65120697 0.53154200 1800.000000 13.000000 4337.000000 3.000000
0.31468701 -1.65504897 0.53211302 1449.000000 10.000000 3771.000000 3.000000
0.30715799 -1.67108095 0.53639603 1197.000000 8.000000 6295.000000 3.000000
0.29723799 -1.67482102 0.53696698 259.000000 2.000000 14854.000000 3.000000
0.38278699 -1.65856004 0.49361700 1281.000000 7.000000 3642.000000 3.000000
0.37070900 -1.65240204 0.49125600 2571.000000 17.000000 4970.000000 3.000000
0.36056301 -1.65464604 0.49125600 2517.000000 17.000000 3991.000000 3.000000
0.34761900 -1.64360702 0.48758301 2317.000000 15.000000 3759.000000 3.000000
0.33829999 -1.64949095 0.48863301 1296.000000 7.000000 2642.000000 3.000000
0.32817200 -1.65153599 0.48863301 1320.000000 7.000000 2761.000000 3.000000
0.31839499 -1.65541399 0.48915699 2163.000000 13.000000 3438.000000 3.000000
0.30946201 -1.66397798 0.49099401 1647.000000 9.000000 4766.000000 3.000000
0.38692600 -1.65628898 0.44969100 326.000000 2.000000 8549.000000 3.000000
0.37523499 -1.65200698 0.44802001 1433.000000 10.000000 4472.000000 3.000000
0.36086199 -1.63532197 0.44324601 2435.000000 18.000000 5729.000000 3.000000
0.35082099 -1.63750601 0.44324601 2364.000000 17.000000 5192.000000 3.000000
0.34156600 -1.64342904 0.44420099 2018.000000 15.000000 3969.000000 3.000000
0.33302799 -1.65310597 0.44611099 560.000000 3.000000 2577.000000 3.000000
0.32287800 -1.65511799 0.44611099 604.000000 3.000000 2809.000000 3.000000
0.31198701 -1.65325296 0.44515601 1811.000000 13.000000 3861.000000 3.000000
0.30360201 -1.66468501 0.44754300 1485.000000 10.000000 4030.000000 3.000000
0.39401901 -1.65559304 0.40702599 100.000000 1.000000 10495.000000 3.000000
0.38429299 -1.65988302 0.40745601 1963.000000 12.000000 5384.000000 3.000000
0.37132299 -1.64982200 0.40465999 3146.000000 25.000000 4737.000000 3.000000
0.36098501 -1.65111494 0.40444499 3284.000000 27.000000 4654.000000 3.000000
0.35104901 -1.65425396 0.40465999 3206.000000 26.000000 4453.000000 3.000000
0.33853900 -1.64489698 0.40207899 2148.000000 12.000000 2929.000000 3.000000
0.33110300 -1.66035295 0.40509000 539.000000 2.000000 2013.000000 3.000000
0.32090899 -1.66235399 0.40509000 1722.000000 9.000000 2594.000000 3.000000
0.31052399 -1.66333103 0.40487501 2378.000000 15.000000 3317.000000 3.000000
0.30134800 -1.67097294 0.40616500 1538.000000 8.000000 5568.000000 3.000000
0.38792500 -1.66949201 0.36705700 377.000000 2.000000 7719.000000 3.000000
0.37483400 -1.65940106 0.36456999 1900.000000 14.000000 4973.000000 3.000000
0.36379400 -1.65783596 0.36380401 2689.000000 24.000000 5108.000000 3.000000
0.35134101 -1.64948297 0.36170000 2965.000000 25.000000 5184.000000 3.000000
0.34121400 -1.65160704 0.36170000 3087.000000 26.000000 5082.000000 3.000000
0.33263299 -1.66136599 0.36322999 2604.000000 22.000000 3966.000000 3.000000
0.32205400 -1.66144896 0.36284801 1557.000000 9.000000 3206.000000 3.000000
0.31148800 -1.66146600 0.36246499 1896.000000 12.000000 3451.000000 3.000000
0.30164200 -1.66527605 0.36284801 1705.000000 10.000000 3285.000000 3.000000
0.28987700 -1.65839696 0.36112601 665.000000 3.000000 7028.000000 3.000000
0.38134801 -1.64453995 0.32034099 1111.000000 5.000000 4818.000000 3.000000
0.37276301 -1.65358305 0.32151300 2346.000000 14.000000 3685.000000 3.000000
0.36050799 -1.64620602 0.31983799 3192.000000 24.000000 4179.000000 3.000000
0.35101300 -1.65128100 0.32034099 3578.000000 30.000000 4366.000000 3.000000
0.34087399 -1.65340400 0.32034099 3589.000000 30.000000 4109.000000 3.000000
0.32841399 -1.64386106 0.31833100 2327.000000 14.000000 2661.000000 3.000000
0.32018599 -1.65552604 0.32000601 1234.000000 6.000000 2074.000000 3.000000
0.30893901 -1.65164399 0.31900099 2188.000000 12.000000 2754.000000 3.000000
0.29932201 -1.65641999 0.31950301 1984.000000 11.000000 4765.000000 3.000000
0.37236801 -1.65383303 0.28039801 1667.000000 10.000000 4111.000000 3.000000
0.36199901 -1.65512002 0.28025401 3048.000000 26.000000 4476.000000 3.000000
0.35059100 -1.65150499 0.27939200 3210.000000 28.000000 5094.000000 3.000000
0.34024900 -1.65265596 0.27924901 3284.000000 30.000000 4821.000000 3.000000
0.33147299 -1.66150296 0.28025401 3009.000000 25.000000 3977.000000 3.000000
0.32013199 -1.65767801 0.27939200 1364.000000 8.000000 2552.000000 3.000000
0.30940300 -1.65669501 0.27896100 2247.000000 15.000000 3574.000000 3.000000
0.30136800 -1.67024398 0.28068501 1959.000000 13.000000 3110.000000 3.000000
0.28956601 -1.66329002 0.27939200 592.000000 3.000000 6915.000000 3.000000
0.27985299 -1.66796196 0.27982301 30.000000 1.000000 8975.000000 3.000000
0.37285000 -1.65131700 0.23918900 2647.000000 17.000000 3514.000000 3.000000
0.36101499 -1.64581394 0.23823100 3495.000000 28.000000 4364.000000 3.000000
0.35090899 -1.64799798 0.23823100 3649.000000 31.000000 4009.000000 3.000000
0.34179100 -1.65498304 0.23883000 3969.000000 39.000000 4146.000000 3.000000
0.33143601 -1.65607500 0.23871000 3345.000000 26.000000 3195.000000 3.000000
0.31995100 -1.65125406 0.23787200 2299.000000 13.000000 2752.000000 3.000000
0.31090599 -1.65904200 0.23859000 3244.000000 24.000000 3126.000000 3.000000
0.30124900 -1.66384900 0.23895000 1643.000000 8.000000 2877.000000 3.000000
0.28950301 -1.65686297 0.23787200 120.000000 1.000000 6150.000000 3.000000
0.36991701 -1.64698398 0.19844000 2226.000000 15.000000 3737.000000 3.000000
0.35830399 -1.64241803 0.19776800 3386.000000 32.000000 4917.000000 3.000000
0.34821901 -1.64458597 0.19776800 3454.000000 33.000000 4305.000000 3.000000
0.34014601 -1.65643704 0.19872800 3655.000000 38.000000 4754.000000 3.000000
0.32879701 -1.65263796 0.19815201 3231.000000 29.000000 4000.000000 3.000000
0.31750801 -1.64876294 0.19757600 2862.000000 23.000000 3256.000000 3.000000
0.30867699 -1.65752697 0.19824800 3216.000000 28.000000 3676.000000 3.000000
0.29814300 -1.65743101 0.19805600 2614.000000 19.000000 3125.000000 3.000000
0.29141700 -1.67883599 0.19997700 1864.000000 12.000000 5696.000000 3.000000
0.38484499 -1.65448999 0.15830800 1237.000000 6.000000 3556.000000 3.000000
0.37336999 -1.65098202 0.15787800 1707.000000 9.000000 2426.000000 3.000000
0.36366001 -1.65518999 0.15802100 2888.000000 19.000000 3314.000000 3.000000
0.35246000 -1.65251303 0.15766300 3273.000000 25.000000 3394.000000 3.000000
0.34110600 -1.64878201 0.15723300 3414.000000 27.000000 3160.000000 3.000000
0.33234999 -1.65769100 0.15773501 1531.000000 7.000000 1936.000000 3.000000
0.32065800 -1.65186501 0.15716100 1798.000000 9.000000 1965.000000 3.000000
0.31161600 -1.65968394 0.15759100 1382.000000 6.000000 1841.000000 3.000000
0.30054000 -1.65665698 0.15723300 2381.000000 14.000000 2647.000000 3.000000
0.29447901 -1.68205297 0.15895300 1063.000000 5.000000 5164.000000 3.000000
0.38258001 -1.65823495 0.11864900 458.000000 2.000000 4583.000000 3.000000
0.36952701 -1.64788699 0.11802500 912.000000 5.000000 2196.000000 3.000000
0.35983899 -1.65207505 0.11812100 773.000000 4.000000 2023.000000 3.000000
0.34593600 -1.63666904 0.11725700 1649.000000 10.000000 2645.000000 3.000000
0.33730701 -1.64560699 0.11759300 2691.000000 21.000000 3024.000000 3.000000
0.32562900 -1.63981199 0.11720900 3360.000000 31.000000 2164.000000 3.000000
0.31918600 -1.66040802 0.11812100 885.000000 5.000000 2056.000000 3.000000
0.30862299 -1.66037202 0.11802500 814.000000 4.000000 2264.000000 3.000000
0.29932299 -1.66714799 0.11826500 2218.000000 15.000000 2868.000000 3.000000
0.28995201 -1.67387199 0.11850500 1771.000000 11.000000 4922.000000 3.000000
0.38300401 -1.64654803 0.07739600 1258.000000 6.000000 3985.000000 3.000000
0.37025699 -1.63716400 0.07711300 2069.000000 11.000000 2346.000000 3.000000
0.36234200 -1.64917099 0.07734900 3847.000000 36.000000 3527.000000 3.000000
0.35512501 -1.66505396 0.07767800 4595.000000 65.000000 4015.000000 3.000000
0.34490201 -1.66720200 0.07767800 4702.000000 73.000000 3648.000000 3.000000
0.33016300 -1.64673805 0.07713700 2788.000000 18.000000 2040.000000 3.000000
0.31948301 -1.64578795 0.07706600 3175.000000 23.000000 2563.000000 3.000000
0.31489000 -1.67719901 0.07777300 4412.000000 55.000000 3256.000000 3.000000
0.30441600 -1.67811501 0.07774900 4106.000000 43.000000 3123.000000 3.000000
0.29256800 -1.67108798 0.07753700 1633.000000 8.000000 4743.000000 3.000000
0.37017199 -1.65073097 0.03819500 2356.000000 16.000000 3135.000000 3.000000
0.35917601 -1.64906502 0.03819500 3377.000000 30.000000 3395.000000 3.000000
0.34842399 -1.64830399 0.03819500 3631.000000 36.000000 3737.000000 3.000000
0.34175500 -1.66705704 0.03819500 4527.000000 71.000000 3922.000000 3.000000
0.32915500 -1.65735805 0.03819500 3800.000000 40.000000 3262.000000 3.000000
0.31630599 -1.64560401 0.03819500 2210.000000 15.000000 2407.000000 3.000000
0.30897701 -1.66225505 0.03819500 3734.000000 38.000000 3477.000000 3.000000
0.29930899 -1.66707098 0.03819500 3498.000000 33.000000 3524.000000 3.000000
0.28648099 -1.65410197 0.03819500 2168.000000 14.000000 4279.000000 3.000000
0.27849501 -1.66864705 0.03819500 60.000000 1.000000 4337.000000 3.000000
0.37382901 -1.65169501 -0.00253100 3215.000000 24.000000 2869.000000 3.000000
0.36368799 -1.65395796 -0.00253100 3222.000000 24.000000 2718.000000 3.000000
0.35561201 -1.66593695 -0.00277500 4509.000000 60.000000 3919.000000 3.000000
0.34619099 -1.67200398 -0.00287300 4728.000000 75.000000 3619.000000 3.000000
0.33259401 -1.65743101 -0.00245700 3950.000000 38.000000 2630.000000 3.000000
0.32013899 -1.64766300 -0.00216400 3105.000000 22.000000 2256.000000 3.000000
0.31296501 -1.66531801 -0.00255500 3855.000000 36.000000 2808.000000 3.000000
0.30256301 -1.66622400 -0.00253100 3687.000000 32.000000 2663.000000 3.000000
0.28803900 -1.64342797 -0.00192000 2477.000000 15.000000 3815.000000 3.000000
0.37179899 -1.65658998 -0.04206700 1727.000000 11.000000 3657.000000 3.000000
0.35904801 -1.64713502 -0.04149100 2510.000000 18.000000 2693.000000 3.000000
0.34830701 -1.64637697 -0.04134700 3779.000000 40.000000 3581.000000 3.000000
0.34022799 -1.65826297 -0.04182700 4146.000000 53.000000 3866.000000 3.000000
0.33004701 -1.66031897 -0.04182700 4076.000000 50.000000 3631.000000 3.000000
0.31813499 -1.65348899 -0.04139500 3859.000000 43.000000 3582.000000 3.000000
0.30724299 -1.65148401 -0.04120300 2785.000000 22.000000 2670.000000 3.000000
0.29549399 -1.64449406 -0.04077100 2872.000000 23.000000 2785.000000 3.000000
0.28816399 -1.66201699 -0.04153900 2664.000000 20.000000 3557.000000 3.000000
0.28179801 -1.68640399 -0.04264300 171.000000 1.000000 5261.000000 3.000000
0.37538600 -1.65859902 -0.08352200 1398.000000 7.000000 2687.000000 3.000000
0.35901201 -1.63261795 -0.08141800 2285.000000 13.000000 2041.000000 3.000000
0.35044000 -1.64161801 -0.08192600 3311.000000 25.000000 2421.000000 3.000000
0.34237501 -1.65350604 -0.08265100 3571.000000 29.000000 2554.000000 3.000000
0.33124599 -1.65068495 -0.08228900 2888.000000 19.000000 2043.000000 3.000000
0.32111099 -1.65268695 -0.08228900 3011.000000 21.000000 2625.000000 3.000000
0.28918999 -1.65170205 -0.16232200 1671.000000 8.000000 2716.000000 3.000000
0.32184201 -1.66036904 -0.20343301 3111.000000 27.000000 2783.000000 3.000000
0.31109500 -1.65939605 -0.20300201 845.000000 4.000000 1875.000000 3.000000
0.30090699 -1.66127300 -0.20300201 940.000000 5.000000 1959.000000 3.000000
0.29243499 -1.67283297 -0.20443900 1184.000000 6.000000 1986.000000 3.000000
0.28049800 -1.66484106 -0.20300201 944.000000 5.000000 3172.000000 3.000000
0.34196001 -1.65292799 -0.24540000 3494.000000 28.000000 2828.000000 3.000000
0.33103999 -1.65112901 -0.24472700 3393.000000 26.000000 2683.000000 3.000000
0.31996700 -1.64829004 -0.24388500 3249.000000 24.000000 2412.000000 3.000000
0.29883999 -1.64724195 -0.24304400 1660.000000 8.000000 1429.000000 3.000000
0.29008099 -1.65681398 -0.24439000 1490.000000 7.000000 1949.000000 3.000000
0.27396199 -1.68828201 -0.33374700 1520.000000 8.000000 3495.000000 3.000000
0.30779701 -1.64237702 -0.40998000 800.000000 4.000000 1310.000000 3.000000
0.29891101 -1.65088105 -0.41182101 463.000000 2.000000 1287.000000 3.000000
0.29009899 -1.66028798 -0.41392499 624.000000 3.000000 1481.000000 3.000000
0.28516901 -1.69343698 -0.42260501 1547.000000 8.000000 2745.000000 3.000000
0.27108499 -1.67229497 -0.41629201 2347.000000 15.000000 3729.000000 3.000000
0.36166501 -1.65054905 -0.54707599 603.000000 3.000000 3620.000000 3.000000
0.34022701 -1.64932299 -0.54508400 957.000000 6.000000 2063.000000 3.000000
0.35867000 -1.64320195 -0.59239101 1657.000000 9.000000 2384.000000 3.000000
0.34838799 -1.64445806 -0.59203500 1828.000000 10.000000 2408.000000 3.000000
0.33829099 -1.64656496 -0.59203500 1660.000000 9.000000 2235.000000 3.000000
0.32472900 -1.63119400 -0.58526999 2018.000000 12.000000 2383.000000 3.000000
0.31489101 -1.63407302 -0.58562601 2084.000000 13.000000 2255.000000 3.000000
0.30860800 -1.65618801 -0.59346002 1198.000000 6.000000 1612.000000 3.000000
0.35451299 -1.64733398 -0.63818502 862.000000 5.000000 2959.000000 3.000000
0.34401500 -1.64766705 -0.63742900 1429.000000 10.000000 2532.000000 3.000000
0.33427101 -1.65156102 -0.63818502 957.000000 6.000000 1979.000000 3.000000
0.32322901 -1.64903998 -0.63629597 1325.000000 9.000000 2333.000000 3.000000
0.31275499 -1.64917302 -0.63554102 1493.000000 10.000000 2561.000000 3.000000
0.30229199 -1.64924097 -0.63478500 1690.000000 12.000000 2578.000000 3.000000
0.29363900 -1.65926695 -0.63818502 981.000000 6.000000 1990.000000 3.000000
0.28171399 -1.65100098 -0.63402998 1371.000000 9.000000 2424.000000 3.000000
0.27249300 -1.65817904 -0.63629597 1090.000000 7.000000 2390.000000 3.000000
0.36418900 -1.67273796 -0.70104802 359.000000 1.000000 1857.000000 3.000000
0.34656301 -1.63999295 -0.68537802 877.000000 4.000000 1989.000000 3.000000
0.33649400 -1.64208806 -0.68537802 854.000000 4.000000 1828.000000 3.000000
0.32659000 -1.64502001 -0.68577999 1722.000000 10.000000 2591.000000 3.000000
0.31631801 -1.64609396 -0.68537802 1728.000000 10.000000 2711.000000 3.000000
0.30571201 -1.64530301 -0.68417299 1623.000000 9.000000 2315.000000 3.000000
0.29673800 -1.65345800 -0.68698603 821.000000 4.000000 1948.000000 3.000000
0.28720900 -1.65885699 -0.68859297 604.000000 3.000000 1848.000000 3.000000
0.27852401 -1.66962194 -0.69261098 471.000000 2.000000 1945.000000 3.000000
0.34938699 -1.65204501 -0.73741800 567.000000 3.000000 1902.000000 3.000000
0.33887500 -1.65238297 -0.73657203 511.000000 3.000000 1561.000000 3.000000
0.32890901 -1.65531898 -0.73699498 397.000000 2.000000 1480.000000 3.000000
0.31805301 -1.65374899 -0.73530298 578.000000 3.000000 1677.000000 3.000000
0.30773100 -1.65477800 -0.73487997 864.000000 5.000000 1819.000000 3.000000
0.29757199 -1.65663600 -0.73487997 1081.000000 7.000000 1982.000000 3.000000
0.28834301 -1.66378498 -0.73741800 859.000000 5.000000 1872.000000 3.000000
0.27782601 -1.66373599 -0.73657203 943.000000 6.000000 2109.000000 3.000000
0.26980200 -1.67882395 -0.74291599 806.000000 5.000000 1957.000000 3.000000
0.34729600 -1.65050399 -0.79031903 871.000000 4.000000 1996.000000 3.000000
0.33662701 -1.64997399 -0.78897899 577.000000 2.000000 1634.000000 3.000000
0.32563299 -1.64761901 -0.78674603 824.000000 4.000000 1897.000000 3.000000
0.31585199 -1.65134394 -0.78763902 1199.000000 6.000000 2024.000000 3.000000
0.30571401 -1.65325105 -0.78763902 1218.000000 6.000000 2173.000000 3.000000
0.29634699 -1.65950000 -0.78987300 1082.000000 5.000000 2024.000000 3.000000
0.28646100 -1.66305101 -0.79076600 549.000000 2.000000 1611.000000 3.000000
0.27625099 -1.66477704 -0.79076600 568.000000 2.000000 1877.000000 3.000000
0.34628999 -1.66085601 -0.84479600 810.000000 5.000000 2748.000000 3.000000
0.33449700 -1.65515494 -0.84058899 368.000000 2.000000 1710.000000 3.000000
0.31249401 -1.65045404 -0.83591402 531.000000 3.000000 1826.000000 3.000000
0.30284500 -1.65494704 -0.83731598 610.000000 3.000000 1797.000000 3.000000
0.29268500 -1.65677404 -0.83731598 842.000000 5.000000 2073.000000 3.000000
0.28296599 -1.66115201 -0.83871901 344.000000 2.000000 1544.000000 3.000000
0.27320400 -1.66547298 -0.84012097 263.000000 1.000000 1627.000000 3.000000
0.26297900 -1.66711795 -0.84012097 255.000000 1.000000 2303.000000 3.000000
0.34608799 -1.65180898 -0.89712101 1218.000000 7.000000 2795.000000 3.000000
0.33577400 -1.65304697 -0.89662999 660.000000 3.000000 1720.000000 3.000000
0.32244200 -1.63882995 -0.88730597 462.000000 2.000000 1668.000000 3.000000
0.31367901 -1.64762604 -0.89123201 1110.000000 6.000000 2191.000000 3.000000
0.30309200 -1.64694905 -0.88976002 1148.000000 6.000000 2220.000000 3.000000
0.29298100 -1.64877796 -0.88976002 1135.000000 6.000000 2143.000000 3.000000
0.28842399 -1.68318295 -0.90840799 400.000000 2.000000 1652.000000 3.000000
0.27470201 -1.66428602 -0.89662999 636.000000 3.000000 1894.000000 3.000000
0.34186301 -1.66064095 -0.95300102 575.000000 4.000000 1933.000000 3.000000
0.33166799 -1.66270697 -0.95300102 576.000000 4.000000 1933.000000 3.000000
0.31881601 -1.65121102 -0.94483000 224.000000 1.000000 1532.000000 3.000000
0.30883801 -1.65398097 -0.94533998 470.000000 3.000000 1822.000000 3.000000
0.29837400 -1.65415299 -0.94431901 801.000000 6.000000 2041.000000 3.000000
0.28821900 -1.65595305 -0.94431901 807.000000 6.000000 1943.000000 3.000000
0.28036401 -1.67125106 -0.95248997 388.000000 2.000000 1545.000000 3.000000
0.27205300 -1.68481803 -0.95964003 342.000000 2.000000 1673.000000 3.000000
0.26251400 -1.69155097 -0.96270400 337.000000 2.000000 2358.000000 3.000000
0.34465900 -1.65205503 -1.01034200 195.000000 1.000000 1290.000000 3.000000
0.33485001 -1.65579605 -1.01141000 149.000000 1.000000 1192.000000 3.000000
0.32419801 -1.65532994 -1.00980794 313.000000 1.000000 1303.000000 3.000000
0.31560299 -1.66559696 -1.01514697 574.000000 3.000000 1592.000000 3.000000
0.30386099 -1.65918398 -1.00980794 477.000000 2.000000 1497.000000 3.000000
0.29513901 -1.66934502 -1.01514697 420.000000 2.000000 1524.000000 3.000000
0.28489101 -1.67112398 -1.01514697 184.000000 1.000000 1179.000000 3.000000
0.27490401 -1.67451000 -1.01621497 167.000000 1.000000 1386.000000 3.000000
0.34095100 -1.67309701 -1.07848501 320.000000 2.000000 1551.000000 3.000000
0.31500599 -1.64935303 -1.05966997 140.000000 1.000000 1238.000000 3.000000
0.30396000 -1.64634299 -1.05634904 645.000000 4.000000 1826.000000 3.000000
0.29518801 -1.65555298 -1.06132996 435.000000 3.000000 1656.000000 3.000000
0.28574100 -1.66143501 -1.06409705 372.000000 2.000000 1484.000000 3.000000
0.27733901 -1.67383504 -1.07129097 138.000000 1.000000 1468.000000 3.000000
0.26599699 -1.66892803 -1.06686401 194.000000 1.000000 1426.000000 3.000000
0.25985599 -1.69686401 -1.08457196 421.000000 3.000000 2059.000000 3.000000
0.34568700 -1.66561902 -1.14139497 741.000000 4.000000 1933.000000 3.000000
0.33369499 -1.65889204 -1.13505900 527.000000 2.000000 1622.000000 3.000000
0.32413200 -1.66411805 -1.13736296 688.000000 3.000000 1652.000000 3.000000
0.30984700 -1.64438295 -1.12181103 872.000000 5.000000 1892.000000 3.000000
0.30120900 -1.65429604 -1.12757099 750.000000 4.000000 1718.000000 3.000000
0.29443201 -1.67543900 -1.14139497 627.000000 3.000000 1656.000000 3.000000
0.28224400 -1.66592896 -1.13333094 266.000000 1.000000 1353.000000 3.000000
0.27345601 -1.67650497 -1.13966703 367.000000 2.000000 1477.000000 3.000000
0.33529800 -1.65681100 -1.19331002 467.000000 3.000000 1959.000000 3.000000
0.32308799 -1.64858902 -1.18557501 264.000000 2.000000 1547.000000 3.000000
0.31478900 -1.66001201 -1.19271505 690.000000 5.000000 1853.000000 3.000000
0.30268601 -1.65164006 -1.18498003 402.000000 3.000000 1686.000000 3.000000
0.29240400 -1.65267503 -1.18438494 422.000000 3.000000 1660.000000 3.000000
0.28321901 -1.65998101 -1.18855000 567.000000 4.000000 1710.000000 3.000000
0.27104101 -1.64979696 -1.17962599 331.000000 2.000000 1467.000000 3.000000
0.26359299 -1.66809297 -1.19211996 247.000000 1.000000 1427.000000 3.000000
0.34077600 1.78508306 1.04694498 925.000000 5.000000 4144.000000 3.000000
0.35256901 1.78723204 1.04939997 1519.000000 9.000000 4628.000000 3.000000
0.36126000 1.77393901 1.04301798 1188.000000 7.000000 5422.000000 3.000000
0.32638901 1.78060102 0.92803800 1332.000000 8.000000 4283.000000 3.000000
0.31602699 1.80462003 0.88231498 763.000000 5.000000 4207.000000 3.000000
0.32533801 1.79283905 0.87765598 1151.000000 9.000000 4348.000000 3.000000
0.37359500 1.80561399 0.88782102 748.000000 5.000000 7712.000000 3.000000
0.30557999 1.80185103 0.82743502 373.000000 2.000000 6928.000000 3.000000
0.32080901 1.80452394 0.77594900 1137.000000 9.000000 4252.000000 3.000000
0.33187500 1.80252099 0.77594900 1262.000000 10.000000 3677.000000 3.000000
0.34156001 1.79317296 0.77292401 1285.000000 10.000000 3770.000000 3.000000
0.34972799 1.77650404 0.76687300 2010.000000 18.000000 5039.000000 3.000000
0.34692600 1.78611100 0.72050101 2098.000000 14.000000 3576.000000 3.000000
0.35455701 1.76745796 0.71409702 1853.000000 12.000000 4255.000000 3.000000
0.37490299 1.81099999 0.73188502 1112.000000 6.000000 7751.000000 3.000000
0.32470599 1.80303299 0.67391300 2663.000000 27.000000 5376.000000 3.000000
0.33251700 1.78338206 0.66760200 2436.000000 24.000000 4657.000000 3.000000
0.34380701 1.78316104 0.66826600 2207.000000 20.000000 4905.000000 3.000000
0.31097701 1.78405094 0.61849803 2285.000000 14.000000 3635.000000 3.000000
0.32446399 1.79614401 0.62313801 2535.000000 18.000000 3563.000000 3.000000
0.33495200 1.79131603 0.62221003 2591.000000 18.000000 3632.000000 3.000000
0.34466901 1.78269196 0.62004399 2703.000000 19.000000 3973.000000 3.000000
0.35522699 1.77867901 0.61942601 2393.000000 16.000000 4306.000000 3.000000
0.37287700 1.80905902 0.63025302 1137.000000 6.000000 8112.000000 3.000000
0.37940800 1.78534603 0.62313801 61.000000 1.000000 11843.000000 3.000000
0.38933501 1.77834105 0.62159097 28.000000 1.000000 11263.000000 3.000000
0.32731301 1.79794705 0.57465601 3306.000000 35.000000 4957.000000 3.000000
0.33939099 1.80155802 0.57636899 3506.000000 39.000000 4947.000000 3.000000
0.34935099 1.79379499 0.57465601 3261.000000 34.000000 5267.000000 3.000000
0.35717401 1.77563798 0.56980199 2172.000000 17.000000 5250.000000 3.000000
0.32413501 1.79961300 0.52798599 3505.000000 31.000000 4842.000000 3.000000
0.33641401 1.80422997 0.52982301 3678.000000 35.000000 4582.000000 3.000000
0.34729499 1.80118501 0.52956003 3290.000000 27.000000 4381.000000 3.000000
0.35720500 1.79334199 0.52798599 2784.000000 20.000000 4091.000000 3.000000
0.29782900 1.81056201 0.48263201 1517.000000 10.000000 5488.000000 3.000000
0.30634999 1.79337895 0.47881299 2372.000000 19.000000 4246.000000 3.000000
0.31734800 1.79146504 0.47881299 2930.000000 27.000000 4166.000000 3.000000
0.32868001 1.79139602 0.47929001 3109.000000 31.000000 4170.000000 3.000000
0.33930799 1.78743601 0.47881299 3018.000000 29.000000 4348.000000 3.000000
0.35082400 1.78818095 0.47952899 2871.000000 26.000000 4636.000000 3.000000
0.36388701 1.79646802 0.48215500 2176.000000 17.000000 5907.000000 3.000000
0.28834900 1.79701495 0.43305001 2051.000000 12.000000 5527.000000 3.000000
0.30937600 1.78756905 0.43176001 3046.000000 23.000000 5310.000000 3.000000
0.32518700 1.81254804 0.43778199 4180.000000 49.000000 5042.000000 3.000000
0.33612299 1.80955899 0.43756700 4220.000000 51.000000 5125.000000 3.000000
0.34555599 1.79883206 0.43563101 4012.000000 43.000000 4700.000000 3.000000
0.35734999 1.80050898 0.43649101 3406.000000 29.000000 4521.000000 3.000000
0.36760399 1.79445601 0.43563101 1533.000000 8.000000 5753.000000 3.000000
0.31739700 1.77912295 0.38523301 3178.000000 32.000000 5053.000000 3.000000
0.32760301 1.77328002 0.38446701 2555.000000 22.000000 5390.000000 3.000000
0.33938801 1.77605903 0.38542399 2142.000000 17.000000 5394.000000 3.000000
0.35253599 1.78550303 0.38771999 2739.000000 24.000000 4966.000000 3.000000
0.36658800 1.79870105 0.39078099 1849.000000 14.000000 5923.000000 3.000000
0.29216000 1.82464695 0.34746900 1382.000000 7.000000 5687.000000 3.000000
0.29766101 1.78878605 0.34160799 2183.000000 13.000000 3955.000000 3.000000
0.31031701 1.79664004 0.34328201 3432.000000 29.000000 3791.000000 3.000000
0.32220700 1.79955304 0.34412000 3790.000000 37.000000 3725.000000 3.000000
0.33324301 1.79754198 0.34412000 3877.000000 39.000000 4128.000000 3.000000
0.34482500 1.79836798 0.34462199 4161.000000 49.000000 4846.000000 3.000000
0.35527599 1.79331803 0.34412000 3758.000000 36.000000 4629.000000 3.000000
0.36805701 1.79979599 0.34562701 1537.000000 8.000000 5691.000000 3.000000
0.30155501 1.81182802 0.30094200 2424.000000 20.000000 4587.000000 3.000000
0.31100199 1.80018795 0.29950601 3396.000000 36.000000 4562.000000 3.000000
0.32152501 1.79532194 0.29907501 3938.000000 52.000000 5030.000000 3.000000
0.33449700 1.80402303 0.30065501 4353.000000 71.000000 4748.000000 3.000000
0.34390101 1.79318595 0.29936200 3233.000000 33.000000 4240.000000 3.000000
0.35622901 1.79784000 0.30036801 2207.000000 17.000000 4105.000000 3.000000
0.30057901 1.81006896 0.25631899 2610.000000 17.000000 3690.000000 3.000000
0.31167999 1.80819094 0.25631899 3927.000000 40.000000 3852.000000 3.000000
0.32224301 1.80331302 0.25595999 4182.000000 49.000000 3918.000000 3.000000
0.33439001 1.80715799 0.25667900 4336.000000 55.000000 3810.000000 3.000000
0.34247500 1.78947306 0.25476199 3135.000000 24.000000 3086.000000 3.000000
0.35499501 1.79512799 0.25571999 2923.000000 21.000000 3077.000000 3.000000
0.29982999 1.79553795 0.21121100 2356.000000 19.000000 3407.000000 3.000000
0.30966699 1.78679705 0.21053900 1967.000000 14.000000 2834.000000 3.000000
0.32166800 1.79074299 0.21111500 2871.000000 26.000000 3458.000000 3.000000
0.33210999 1.78579903 0.21082699 2070.000000 16.000000 2719.000000 3.000000
0.34268901 1.78177202 0.21063501 2371.000000 19.000000 3138.000000 3.000000
0.35438299 1.78354299 0.21101899 1964.000000 14.000000 3266.000000 3.000000
0.30068600 1.81455195 0.16841400 1917.000000 11.000000 2530.000000 3.000000
0.30790901 1.79006696 0.16676500 2980.000000 22.000000 2801.000000 3.000000
0.31976601 1.79305303 0.16712400 1353.000000 7.000000 1924.000000 3.000000
0.32912499 1.78223097 0.16647901 1695.000000 9.000000 2079.000000 3.000000
0.34193301 1.78997302 0.16719501 2699.000000 18.000000 2703.000000 3.000000
0.35349101 1.79077697 0.16741000 3382.000000 28.000000 3276.000000 3.000000
0.29025000 1.80243301 0.12459800 1244.000000 8.000000 2930.000000 3.000000
0.30032700 1.79470503 0.12431000 1514.000000 10.000000 2600.000000 3.000000
0.31032100 1.78692102 0.12402200 3046.000000 29.000000 3507.000000 3.000000
0.32005599 1.77810001 0.12368600 1819.000000 13.000000 2343.000000 3.000000
0.33204499 1.78199601 0.12397400 2978.000000 28.000000 3279.000000 3.000000
0.34409401 1.78581297 0.12426200 2622.000000 22.000000 3006.000000 3.000000
0.35330901 1.77484703 0.12383000 1643.000000 11.000000 3702.000000 3.000000
0.28625301 1.79579997 0.08041100 2065.000000 12.000000 3626.000000 3.000000
0.29743099 1.79499602 0.08043500 3893.000000 39.000000 3413.000000 3.000000
0.30792800 1.79018199 0.08036400 3754.000000 36.000000 3217.000000 3.000000
0.32014099 1.79514694 0.08052900 4072.000000 45.000000 3347.000000 3.000000
0.32732201 1.77250600 0.08003400 2341.000000 15.000000 2132.000000 3.000000
0.34195700 1.79010105 0.08050600 2736.000000 19.000000 2507.000000 3.000000
0.35468400 1.79679501 0.08071800 1897.000000 11.000000 2247.000000 3.000000
0.27904499 1.80326402 0.03819500 1223.000000 8.000000 5268.000000 3.000000
0.28947699 1.79756701 0.03819500 3120.000000 30.000000 3459.000000 3.000000
0.29968700 1.79082406 0.03819500 3313.000000 34.000000 3216.000000 3.000000
0.30914801 1.78008103 0.03819500 2438.000000 20.000000 2848.000000 3.000000
0.32006499 1.77815104 0.03819500 2228.000000 17.000000 2703.000000 3.000000
0.33259901 1.78500497 0.03819500 2707.000000 23.000000 2943.000000 3.000000
0.34354499 1.78293002 0.03819500 2740.000000 24.000000 2705.000000 3.000000
0.35447901 1.78078902 0.03819500 2451.000000 20.000000 3178.000000 3.000000
0.28941199 1.81753004 -0.00612200 3682.000000 34.000000 3560.000000 3.000000
0.29875600 1.80487204 -0.00585300 4153.000000 48.000000 3399.000000 3.000000
0.30761400 1.79019797 -0.00553600 3365.000000 28.000000 2432.000000 3.000000
0.31806499 1.78532398 -0.00546200 2562.000000 17.000000 1829.000000 3.000000
0.32755700 1.77547598 -0.00526700 1733.000000 9.000000 1647.000000 3.000000
0.34032601 1.78325105 -0.00551100 2582.000000 17.000000 2223.000000 3.000000
0.35242599 1.78701305 -0.00565800 3507.000000 30.000000 3042.000000 3.000000
0.36418501 1.78873503 -0.00575600 2712.000000 19.000000 3936.000000 3.000000
0.27827299 1.80027699 -0.04801600 1176.000000 7.000000 4226.000000 3.000000
0.28853101 1.79360294 -0.04777600 2429.000000 20.000000 2770.000000 3.000000
0.30001900 1.79475605 -0.04792000 3709.000000 44.000000 3394.000000 3.000000
0.30832699 1.77712905 -0.04715300 2829.000000 25.000000 2841.000000 3.000000
0.32097301 1.78503799 -0.04763200 1931.000000 14.000000 2159.000000 3.000000
0.33137700 1.78008795 -0.04748800 1256.000000 8.000000 1959.000000 3.000000
0.34173301 1.77507699 -0.04734400 1074.000000 7.000000 1921.000000 3.000000
0.35473901 1.78372800 -0.04787200 2008.000000 15.000000 2792.000000 3.000000
0.28637999 1.79857302 -0.09230000 3176.000000 25.000000 3058.000000 3.000000
0.29724699 1.79579794 -0.09222700 3575.000000 32.000000 2978.000000 3.000000
0.30758199 1.79000902 -0.09193700 3998.000000 42.000000 3296.000000 3.000000
0.31574899 1.77237904 -0.09077600 2855.000000 20.000000 1991.000000 3.000000
0.32752600 1.77531195 -0.09113900 2282.000000 14.000000 1836.000000 3.000000
0.33897600 1.77620697 -0.09135600 1181.000000 6.000000 1668.000000 3.000000
0.28508499 1.77979302 -0.13309300 2701.000000 23.000000 3746.000000 3.000000
0.29954901 1.79961896 -0.13520500 3606.000000 41.000000 3238.000000 3.000000
0.30807501 1.78303003 -0.13376500 2915.000000 27.000000 2842.000000 3.000000
0.31935701 1.78306603 -0.13395700 1948.000000 14.000000 1989.000000 3.000000
0.33226499 1.79184306 -0.13501300 730.000000 4.000000 1657.000000 3.000000
0.33936000 1.76923299 -0.13299701 389.000000 2.000000 1614.000000 3.000000
0.35288900 1.78079295 -0.13434100 836.000000 5.000000 2416.000000 3.000000
0.33771101 1.76795602 -0.17728400 293.000000 1.000000 1201.000000 3.000000
0.35144600 1.78045702 -0.17909400 822.000000 4.000000 1689.000000 3.000000
0.28318799 1.77571404 -0.21894901 2366.000000 19.000000 2701.000000 3.000000
0.29152301 1.75831604 -0.21665099 1550.000000 10.000000 2137.000000 3.000000
0.30595201 1.77795899 -0.21981101 1362.000000 9.000000 1942.000000 3.000000
0.31651199 1.77409899 -0.21952400 1041.000000 6.000000 1586.000000 3.000000
0.32916799 1.78185904 -0.22096100 494.000000 2.000000 1425.000000 3.000000
0.35157901 1.78059900 -0.22139201 1460.000000 10.000000 2559.000000 3.000000
0.27756301 1.81269097 -0.27031100 1338.000000 7.000000 2611.000000 3.000000
0.28649801 1.79732800 -0.26795501 2562.000000 17.000000 2117.000000 3.000000
0.29541701 1.78289497 -0.26576701 703.000000 3.000000 1299.000000 3.000000
0.30651900 1.78201997 -0.26593500 938.000000 4.000000 1219.000000 3.000000
0.31692600 1.77719498 -0.26543000 812.000000 4.000000 1162.000000 3.000000
0.32800400 1.77618599 -0.26559800 965.000000 4.000000 1367.000000 3.000000
0.33815399 1.77026796 -0.26492500 836.000000 4.000000 1313.000000 3.000000
0.35245800 1.78556395 -0.26795501 1199.000000 6.000000 1831.000000 3.000000
0.26277301 1.80182898 -0.31183401 1011.000000 6.000000 3357.000000 3.000000
0.27295101 1.79435897 -0.31068501 2394.000000 19.000000 2718.000000 3.000000
0.28062400 1.77131605 -0.30647200 1388.000000 9.000000 2068.000000 3.000000
0.29211700 1.77343595 -0.30723801 476.000000 2.000000 1536.000000 3.000000
0.30462599 1.78128898 -0.30915299 570.000000 3.000000 1392.000000 3.000000
0.31334999 1.76681805 -0.30666399 453.000000 2.000000 1435.000000 3.000000
0.32436001 1.76582694 -0.30685499 426.000000 2.000000 1425.000000 3.000000
0.33591300 1.76766300 -0.30762100 1181.000000 7.000000 1880.000000 3.000000
0.26211801 1.78298795 -0.35402799 433.000000 2.000000 3090.000000 3.000000
0.27216199 1.77555501 -0.35273299 1533.000000 8.000000 1869.000000 3.000000
0.28289700 1.77288795 -0.35251799 2703.000000 19.000000 2243.000000 3.000000
0.29521400 1.77978694 -0.35445899 658.000000 3.000000 1264.000000 3.000000
0.30296701 1.75966096 -0.35036001 534.000000 2.000000 1180.000000 3.000000
0.31427601 1.76065195 -0.35100701 493.000000 2.000000 1189.000000 3.000000
0.32952699 1.78269196 -0.35640100 332.000000 1.000000 1221.000000 3.000000
0.33972299 1.77680099 -0.35553801 304.000000 1.000000 1200.000000 3.000000
0.26983801 1.79039204 -0.40027499 1721.000000 12.000000 2738.000000 3.000000
0.27918500 1.77814603 -0.39764899 2359.000000 19.000000 3011.000000 3.000000
0.28962699 1.77352297 -0.39693299 1358.000000 9.000000 2178.000000 3.000000
0.30322799 1.78799498 -0.40099099 380.000000 2.000000 1514.000000 3.000000
0.31369501 1.78322995 -0.40027499 370.000000 2.000000 1520.000000 3.000000
0.32205099 1.76693594 -0.39669400 1105.000000 7.000000 1905.000000 3.000000
0.33537701 1.77829194 -0.40003601 367.000000 2.000000 1591.000000 3.000000
0.34591401 1.77429402 -0.39955899 381.000000 2.000000 1699.000000 3.000000
0.26256999 1.78392601 -0.44601500 1627.000000 9.000000 2659.000000 3.000000
0.27498201 1.79181600 -0.44864500 2408.000000 15.000000 2599.000000 3.000000
0.28597099 1.79009604 -0.44864500 2430.000000 16.000000 2442.000000 3.000000
0.29536200 1.77879095 -0.44601500 1598.000000 9.000000 1550.000000 3.000000
0.30758700 1.78454995 -0.44811901 601.000000 2.000000 1165.000000 3.000000
0.31699800 1.77408302 -0.44575199 393.000000 1.000000 1170.000000 3.000000
0.32840601 1.77495003 -0.44654101 373.000000 1.000000 1207.000000 3.000000
0.34020099 1.77763903 -0.44785601 337.000000 1.000000 1236.000000 3.000000
0.26839200 1.79982996 -0.49629501 2224.000000 18.000000 3285.000000 3.000000
0.27827001 1.79057097 -0.49400899 2490.000000 21.000000 3232.000000 3.000000
0.28940201 1.78977597 -0.49429500 2330.000000 19.000000 2879.000000 3.000000
0.29912499 1.78040397 -0.49201000 1267.000000 8.000000 1955.000000 3.000000
0.26730701 1.80522704 -0.54768902 1857.000000 11.000000 2591.000000 3.000000
0.27648500 1.79133797 -0.54366100 2527.000000 17.000000 2522.000000 3.000000
0.28868300 1.79711699 -0.54614002 2298.000000 14.000000 2456.000000 3.000000
0.29577300 1.77187002 -0.53839397 1473.000000 8.000000 1820.000000 3.000000
0.30941001 1.78594601 -0.54366100 887.000000 4.000000 1555.000000 3.000000
0.31850699 1.77372098 -0.54025298 588.000000 2.000000 1317.000000 3.000000
0.34187099 1.77808106 -0.54304200 493.000000 2.000000 1532.000000 3.000000
0.25654700 1.82076097 -0.59953201 306.000000 2.000000 3986.000000 3.000000
0.26487300 1.79954898 -0.59255999 1710.000000 14.000000 3057.000000 3.000000
0.27548701 1.79509103 -0.59156400 2033.000000 18.000000 3171.000000 3.000000
0.28649601 1.79336703 -0.59156400 1788.000000 15.000000 2694.000000 3.000000
0.29536101 1.77854300 -0.58691603 1490.000000 10.000000 2457.000000 3.000000
0.30800799 1.78692698 -0.59056801 963.000000 7.000000 1918.000000 3.000000
0.31831101 1.78128695 -0.58924001 437.000000 2.000000 1621.000000 3.000000
0.32974300 1.78208399 -0.59023601 520.000000 3.000000 1706.000000 3.000000
0.26526999 1.78942204 -0.64081901 1813.000000 11.000000 2462.000000 3.000000
0.27524099 1.78129601 -0.63832700 1959.000000 12.000000 2344.000000 3.000000
0.28676099 1.78326404 -0.63975102 1827.000000 11.000000 2200.000000 3.000000
0.29661500 1.77502000 -0.63725799 859.000000 4.000000 1411.000000 3.000000
0.30814201 1.77684903 -0.63868302 681.000000 3.000000 1512.000000 3.000000
0.31937101 1.77676404 -0.63939500 655.000000 3.000000 1436.000000 3.000000
0.33061001 1.77660799 -0.64010698 1325.000000 7.000000 2091.000000 3.000000
0.24879000 1.79661000 -0.69068199 521.000000 3.000000 3565.000000 3.000000
0.26059201 1.80054903 -0.69294798 1514.000000 12.000000 2828.000000 3.000000
0.27109101 1.79525304 -0.69143701 1915.000000 17.000000 2970.000000 3.000000
0.28167599 1.79081094 -0.69030398 1647.000000 14.000000 2647.000000 3.000000
0.28926900 1.76802397 -0.68161798 456.000000 3.000000 1594.000000 3.000000
0.30011201 1.76621604 -0.68161798 504.000000 3.000000 1720.000000 3.000000
0.31348100 1.77893698 -0.68766099 1346.000000 10.000000 2278.000000 3.000000
0.26700699 1.79473305 -0.74604797 1601.000000 10.000000 2740.000000 3.000000
0.27702799 1.78672802 -0.74323601 1486.000000 9.000000 2462.000000 3.000000
0.28446901 1.76329994 -0.73359299 705.000000 3.000000 1702.000000 3.000000
0.29573900 1.76423001 -0.73479801 359.000000 1.000000 1483.000000 3.000000
0.30876499 1.77501094 -0.74042302 1464.000000 8.000000 2793.000000 3.000000
0.31997699 1.77488506 -0.74122697 1281.000000 7.000000 2341.000000 3.000000
0.23299401 1.79769397 -0.79536003 871.000000 6.000000 3674.000000 3.000000
0.24366000 1.79353595 -0.79409099 844.000000 6.000000 3018.000000 3.000000
0.25491101 1.79380202 -0.79493701 1323.000000 10.000000 2670.000000 3.000000
0.27333799 1.75314701 -0.83409297 1436.000000 8.000000 3931.000000 3.000000
0.29677299 1.76112902 -0.83989900 1323.000000 8.000000 2527.000000 3.000000
0.30974001 1.77161205 -0.84615302 1290.000000 7.000000 2047.000000 3.000000
0.32140601 1.77407897 -0.84838599 1269.000000 7.000000 2381.000000 3.000000
0.25022799 1.76985705 -1.00764501 840.000000 6.000000 2324.000000 3.000000
0.24982800 1.79888105 -1.09149599 741.000000 4.000000 1798.000000 3.000000
0.25756401 1.77472401 -1.07708001 1036.000000 6.000000 2043.000000 3.000000
0.26552299 1.75388396 -1.06480098 1097.000000 6.000000 2029.000000 3.000000
0.27972099 1.77393496 -1.07868195 910.000000 5.000000 1844.000000 3.000000
0.25633901 1.78748095 -1.14378500 856.000000 7.000000 2093.000000 3.000000
0.26718000 1.78505099 -1.14323199 875.000000 8.000000 2228.000000 3.000000
0.27787599 1.78173101 -1.14212501 942.000000 8.000000 2049.000000 3.000000
0.28880301 1.77999306 -1.14212501 796.000000 7.000000 1881.000000 3.000000
0.30012801 1.78065205 -1.14378500 940.000000 8.000000 2097.000000 3.000000
0.31048301 1.77549398 -1.14157200 758.000000 6.000000 1909.000000 3.000000
0.24841100 1.77537203 -1.20590794 1035.000000 6.000000 1950.000000 3.000000
0.25929999 1.77381504 -1.20590794 1059.000000 7.000000 2199.000000 3.000000
0.27315199 1.79158199 -1.21973205 679.000000 4.000000 1584.000000 3.000000
0.28014600 1.76484799 -1.20187604 914.000000 5.000000 1827.000000 3.000000
0.29123801 1.76470900 -1.20302796 953.000000 6.000000 1862.000000 3.000000
0.30483401 1.77900100 -1.21454799 710.000000 4.000000 1873.000000 3.000000
0.25048500 1.80897295 -1.29385805 614.000000 5.000000 1912.000000 3.000000
0.25920501 1.79069102 -1.28136396 710.000000 6.000000 1987.000000 3.000000
0.26947999 1.78429699 -1.27779400 498.000000 4.000000 1680.000000 3.000000
0.28005400 1.78022695 -1.27600896 438.000000 3.000000 1773.000000 3.000000
0.29020599 1.77371395 -1.27243996 701.000000 6.000000 1767.000000 3.000000
0.30187899 1.77665603 -1.27600896 444.000000 3.000000 1619.000000 3.000000
0.24152900 1.78580701 -1.35407603 898.000000 5.000000 1708.000000 3.000000
0.25281501 1.78662801 -1.35592794 1011.000000 6.000000 1654.000000 3.000000
0.26203799 1.77336895 -1.34667003 785.000000 5.000000 1561.000000 3.000000
0.27339599 1.77483797 -1.34913898 571.000000 3.000000 1449.000000 3.000000
0.29580501 1.77522898 -1.35222495 604.000000 3.000000 1384.000000 3.000000
0.24938500 1.79697895 -1.43269300 519.000000 5.000000 1787.000000 3.000000
0.25931799 1.78777003 -1.42633903 491.000000 5.000000 1573.000000 3.000000
0.26835299 1.77316105 -1.41553700 465.000000 4.000000 1514.000000 3.000000
0.27721900 1.75850904 -1.40473497 399.000000 3.000000 1593.000000 3.000000
0.29082900 1.77430797 -1.41934896 616.000000 6.000000 1680.000000 3.000000
0.27547601 1.68041396 -1.01995206 1005.000000 5.000000 2918.000000 3.000000
0.31996199 1.74907196 -1.06746995 366.000000 2.000000 1697.000000 3.000000
0.34316400 1.81269801 -1.10964894 195.000000 1.000000 3048.000000 3.000000
0.24925500 1.81791198 -1.16315401 627.000000 5.000000 2031.000000 3.000000
0.32195699 1.77683496 -1.14378500 836.000000 7.000000 2177.000000 3.000000
0.34057900 1.81659698 -1.17200804 426.000000 3.000000 2649.000000 3.000000
0.25048000 1.87327099 -1.27445197 759.000000 5.000000 2074.000000 3.000000
0.31617501 1.77951097 -1.21627605 1204.000000 8.000000 2376.000000 3.000000
0.32589999 1.77110696 -1.21166801 864.000000 5.000000 2322.000000 3.000000
0.24754401 1.87344599 -1.34086001 514.000000 5.000000 1996.000000 3.000000
0.31208801 1.77081096 -1.27303505 683.000000 6.000000 2071.000000 3.000000
0.32750100 1.79417598 -1.29207301 577.000000 5.000000 2060.000000 3.000000
0.28578299 1.78244901 -1.35654497 381.000000 2.000000 1241.000000 3.000000
0.30548000 1.76640403 -1.34667003 664.000000 4.000000 1341.000000 3.000000
0.32189199 1.79547095 -1.37135696 525.000000 3.000000 1326.000000 3.000000
0.33910501 1.82672298 -1.39789605 557.000000 4.000000 1578.000000 3.000000
0.30171099 1.77249002 -1.41934896 601.000000 6.000000 1680.000000 3.000000
0.31430000 1.78049600 -1.42761004 614.000000 6.000000 1893.000000 3.000000
0.37962100 1.81702495 0.48788401 209.000000 1.000000 11749.000000 3.000000
0.38401401 1.82716799 0.39690301 86.000000 1.000000 7943.000000 3.000000
0.36823499 1.80047095 0.30108601 1003.000000 6.000000 5622.000000 3.000000
0.36699900 1.79777896 0.25631899 2608.000000 18.000000 4819.000000 3.000000
0.37145501 1.81157506 0.21399599 363.000000 2.000000 4113.000000 3.000000
0.36567199 1.79443705 0.16784000 3013.000000 22.000000 4118.000000 3.000000
0.36160699 1.75992095 0.12320700 2266.000000 18.000000 5121.000000 3.000000
0.36770499 1.80438006 0.08095300 1528.000000 8.000000 3435.000000 3.000000
0.38272500 1.86383796 0.03819500 919.000000 5.000000 4186.000000 3.000000
0.37322900 1.81871498 -0.04969500 237.000000 1.000000 4308.000000 3.000000
0.35509801 1.80051005 -0.09331500 592.000000 2.000000 1541.000000 3.000000
0.36134699 1.77484500 -0.09157400 863.000000 4.000000 3682.000000 3.000000
0.37782300 1.84786201 -0.14115800 100.000000 1.000000 4448.000000 3.000000
0.36594501 1.79577303 -0.18126500 641.000000 3.000000 3596.000000 3.000000
0.34266701 1.79341996 -0.22297201 297.000000 1.000000 1557.000000 3.000000
0.36425799 1.78713906 -0.22268499 556.000000 3.000000 4154.000000 3.000000
0.34274599 1.78096795 -0.64260000 1071.000000 6.000000 2767.000000 3.000000
0.33104300 1.75220001 -0.67821902 392.000000 2.000000 2437.000000 3.000000
0.35283601 1.80741405 -0.70201200 160.000000 1.000000 4463.000000 3.000000
0.33912599 1.81699204 -0.76091498 841.000000 4.000000 2275.000000 3.000000
0.35218501 1.82476604 -0.76533401 822.000000 4.000000 3578.000000 3.000000
0.33906701 1.76043904 -0.78605503 211.000000 1.000000 4169.000000 3.000000
