2.92381406 -1.64707696 -0.44507900 1434.000000 27.000000 3044.000000 0.000000
2.92490911 -1.49063301 -0.51773798 1329.000000 18.000000 2713.000000 0.000000
2.92621112 -1.51399195 -0.51975697 1860.000000 29.000000 3201.000000 0.000000
2.90726805 -1.52687299 -0.51790601 2544.000000 45.000000 3423.000000 0.000000
2.89175701 -1.54143405 -0.51672798 2306.000000 39.000000 3331.000000 0.000000
2.89351296 -1.56525099 -0.51891601 791.000000 10.000000 3907.000000 0.000000
2.91283202 -1.62223899 -0.52648997 565.000000 7.000000 3907.000000 0.000000
2.89681697 -1.63668394 -0.52531201 1601.000000 23.000000 3307.000000 0.000000
2.87892699 -1.50371301 -0.59026700 1382.000000 26.000000 4025.000000 0.000000
2.87485194 -1.52410102 -0.59141600 2240.000000 49.000000 4025.000000 0.000000
2.86977100 -1.54403198 -0.59237301 1805.000000 37.000000 3728.000000 0.000000
2.87231112 -1.56818199 -0.59505397 402.000000 6.000000 4738.000000 0.000000
2.88476801 -1.64455497 -0.60443801 1222.000000 22.000000 4083.000000 0.000000
2.88647890 -1.49404895 -0.67399698 1211.000000 17.000000 3618.000000 0.000000
2.88503599 -1.51582205 -0.67593902 2570.000000 46.000000 3535.000000 0.000000
2.87740302 -1.53441501 -0.67637002 2498.000000 44.000000 3499.000000 0.000000
2.87136793 -1.55390203 -0.67723298 1099.000000 15.000000 3264.000000 0.000000
2.92371893 -1.62897003 -0.69535702 383.000000 4.000000 2051.000000 0.000000
2.87797403 -1.62668502 -0.68629497 1516.000000 22.000000 2160.000000 0.000000
2.85862303 -1.63896799 -0.68392199 713.000000 9.000000 1717.000000 0.000000
2.86667299 -1.47001505 -0.74711001 816.000000 14.000000 3985.000000 0.000000
2.87139010 -1.49473405 -0.75092900 1840.000000 38.000000 3947.000000 0.000000
2.86302304 -1.51277697 -0.75116801 2068.000000 44.000000 4042.000000 0.000000
2.85283089 -1.52985799 -0.75092900 1148.000000 21.000000 3935.000000 0.000000
2.86343002 -1.62717700 -0.76477402 987.000000 17.000000 3541.000000 0.000000
2.85339093 -1.64471602 -0.76477402 941.000000 17.000000 4280.000000 0.000000
2.85272098 -1.43305802 -0.82477999 1783.000000 27.000000 2944.000000 0.000000
2.84129596 -1.44921899 -0.82399100 2455.000000 43.000000 3253.000000 0.000000
2.84005904 -1.47062099 -0.82635802 1681.000000 25.000000 3147.000000 0.000000
2.83610511 -1.49071503 -0.82793599 434.000000 5.000000 2794.000000 0.000000
2.85127091 -1.63540494 -0.85055703 1299.000000 18.000000 2662.000000 0.000000
2.82748890 -1.42263401 -0.89740098 1511.000000 29.000000 3486.000000 0.000000
2.81870699 -1.43995595 -0.89740098 2186.000000 48.000000 3868.000000 0.000000
2.81833100 -1.46162605 -0.90025800 1364.000000 26.000000 3752.000000 0.000000
2.82947898 -1.62510800 -0.92654198 1056.000000 19.000000 3135.000000 0.000000
2.82359791 -1.64484596 -0.92796999 620.000000 10.000000 3396.000000 0.000000
2.90251899 -1.35127199 -0.99634802 375.000000 4.000000 2514.000000 0.000000
2.80375600 -1.38997304 -0.97279900 1520.000000 22.000000 3207.000000 0.000000
2.79942012 -1.40928996 -0.97434801 1992.000000 32.000000 3004.000000 0.000000
2.78648806 -1.42427504 -0.97279900 1544.000000 23.000000 3042.000000 0.000000
2.81566501 -1.46106803 -0.98674202 405.000000 5.000000 2583.000000 0.000000
2.84836292 -1.59082603 -1.01617801 586.000000 7.000000 2813.000000 0.000000
2.90140390 -1.64391994 -1.03972602 812.000000 11.000000 2965.000000 0.000000
2.82120991 -1.62139297 -1.01338899 1518.000000 22.000000 2762.000000 0.000000
2.82170892 -1.39143801 -1.05967903 1142.000000 21.000000 3449.000000 0.000000
2.78442311 -1.39440298 -1.04839098 1392.000000 27.000000 3558.000000 0.000000
2.78002095 -1.41359401 -1.05005097 1370.000000 26.000000 3348.000000 0.000000
2.81994200 -1.45565796 -1.06930697 729.000000 12.000000 3234.000000 0.000000
2.83739090 -1.64563501 -1.10682201 1190.000000 23.000000 3428.000000 0.000000
2.91871309 -1.33769703 -1.17494798 1219.000000 17.000000 3968.000000 0.000000
2.86556292 -1.33465099 -1.15607500 1125.000000 15.000000 2859.000000 0.000000
2.81678510 -1.33300495 -1.13898301 1432.000000 21.000000 2674.000000 0.000000
2.77739906 -1.33526897 -1.12580800 1948.000000 31.000000 2913.000000 0.000000
2.76915407 -1.35228598 -1.12580800 2016.000000 32.000000 3275.000000 0.000000
2.75913000 -1.36842000 -1.12509596 1827.000000 28.000000 3365.000000 0.000000
2.75735688 -1.38868999 -1.12794399 1412.000000 20.000000 2945.000000 0.000000
2.79287004 -1.42815006 -1.14681697 1208.000000 17.000000 3012.000000 0.000000
2.80395508 -1.45560098 -1.15536296 1082.000000 15.000000 3314.000000 0.000000
2.82389903 -1.48803699 -1.16782606 1026.000000 14.000000 3072.000000 0.000000
2.85920095 -1.52915299 -1.18705499 1096.000000 16.000000 3090.000000 0.000000
2.86454511 -1.55469704 -1.19346404 1093.000000 16.000000 3580.000000 0.000000
2.81915212 -1.57513595 -1.18206894 1231.000000 18.000000 3857.000000 0.000000
2.78322506 -1.62299204 -1.17922103 1382.000000 20.000000 3120.000000 0.000000
2.81234789 -1.31478596 -1.21716702 1096.000000 20.000000 3150.000000 0.000000
2.77744699 -1.31933999 -1.20508099 1617.000000 32.000000 3255.000000 0.000000
2.77013397 -1.33675802 -1.20545900 1477.000000 29.000000 2998.000000 0.000000
2.74690390 -1.34641504 -1.19866002 1308.000000 25.000000 2757.000000 0.000000
2.73693204 -1.36242104 -1.19790494 1282.000000 24.000000 3274.000000 0.000000
2.70784807 -1.36877501 -1.18846297 1138.000000 21.000000 3591.000000 0.000000
2.70022202 -1.38578498 -1.18884099 1133.000000 21.000000 3788.000000 0.000000
2.69413400 -1.40360796 -1.18997395 1138.000000 21.000000 4273.000000 0.000000
2.71495891 -1.43565500 -1.20357001 994.000000 18.000000 3933.000000 0.000000
2.71018100 -1.45447004 -1.20545900 926.000000 17.000000 3716.000000 0.000000
2.70039201 -1.47063005 -1.20508099 1047.000000 19.000000 3766.000000 0.000000
2.69618392 -1.48985302 -1.20734704 979.000000 18.000000 4161.000000 0.000000
1.90278304 -1.61750805 -0.50764799 2210.000000 23.000000 3044.000000 0.000000
1.89282298 -1.62915206 -0.50764799 3268.000000 44.000000 3380.000000 0.000000
1.87764001 -1.63624299 -0.50613701 3088.000000 39.000000 3160.000000 0.000000
1.93799496 -1.61607099 -0.57548302 879.000000 10.000000 3007.000000 0.000000
1.90575397 -1.60917199 -0.56832200 1137.000000 13.000000 2553.000000 0.000000
1.88623500 -1.61264706 -0.56521797 2013.000000 28.000000 3194.000000 0.000000
1.87630498 -1.62419105 -0.56521797 1954.000000 27.000000 3631.000000 0.000000
1.88531804 -1.65228403 -0.57142502 614.000000 7.000000 4362.000000 0.000000
1.88226295 -1.69084299 -0.57715398 1351.000000 17.000000 3752.000000 0.000000
1.91436505 -1.58785105 -0.63250399 2531.000000 28.000000 3953.000000 0.000000
1.90753996 -1.60204995 -0.63355601 3248.000000 43.000000 3414.000000 0.000000
1.89914405 -1.61497498 -0.63408202 2370.000000 25.000000 3054.000000 0.000000
1.90089095 -1.63667595 -0.63829100 553.000000 4.000000 2951.000000 0.000000
1.87475801 -1.67524695 -0.63986897 2688.000000 31.000000 2660.000000 0.000000
1.88446701 -1.70485306 -0.64723402 687.000000 5.000000 3892.000000 0.000000
1.92566800 -1.56125700 -0.69284803 1095.000000 13.000000 3630.000000 0.000000
1.90196097 -1.56151199 -0.68742001 2338.000000 35.000000 4068.000000 0.000000
1.89234400 -1.57315302 -0.68742001 2468.000000 38.000000 3684.000000 0.000000
1.89586997 -1.59582102 -0.69256300 1654.000000 22.000000 3287.000000 0.000000
1.89991999 -1.61921203 -0.69799101 495.000000 5.000000 2726.000000 0.000000
1.86675894 -1.67173302 -0.70084798 1867.000000 25.000000 3255.000000 0.000000
1.91035402 -1.52872705 -0.75032902 2436.000000 26.000000 3689.000000 0.000000
1.89798498 -1.53802395 -0.74909002 3190.000000 42.000000 3538.000000 0.000000
1.89806294 -1.55748701 -0.75311798 2760.000000 32.000000 3040.000000 0.000000
1.88408506 -1.56545496 -0.75125903 901.000000 7.000000 3197.000000 0.000000
1.85653698 -1.64141703 -0.76055402 2261.000000 24.000000 2634.000000 0.000000
1.86413300 -1.66864097 -0.76830000 485.000000 4.000000 4090.000000 0.000000
1.90505898 -1.51943099 -0.81001800 1395.000000 18.000000 3476.000000 0.000000
1.88835204 -1.52517700 -0.80669802 2223.000000 33.000000 3723.000000 0.000000
1.88480794 -1.54150200 -0.80935401 2085.000000 30.000000 3287.000000 0.000000
1.88404405 -1.56024396 -0.81333798 1024.000000 12.000000 3124.000000 0.000000
1.85726798 -1.63659894 -0.82362902 1663.000000 22.000000 2999.000000 0.000000
1.84507596 -1.64608300 -0.82263303 613.000000 7.000000 3435.000000 0.000000
1.89929903 -1.50137103 -0.87405503 1690.000000 16.000000 3433.000000 0.000000
1.88640499 -1.51007497 -0.87227499 2827.000000 34.000000 3600.000000 0.000000
1.87492704 -1.51985502 -0.87120700 2682.000000 31.000000 3398.000000 0.000000
1.86773300 -1.53311002 -0.87227499 1815.000000 17.000000 3187.000000 0.000000
1.85641801 -1.60169601 -0.88580602 1000.000000 8.000000 2205.000000 0.000000
1.85077596 -1.61674798 -0.88794303 2213.000000 23.000000 2735.000000 0.000000
1.91681099 -1.52121699 -0.94901502 1278.000000 16.000000 3690.000000 0.000000
1.86190903 -1.49648404 -0.92522103 2014.000000 29.000000 3593.000000 0.000000
1.85053504 -1.50612998 -0.92408800 2067.000000 30.000000 3218.000000 0.000000
1.84769797 -1.52274597 -0.92748702 1731.000000 23.000000 3242.000000 0.000000
1.85327101 -1.54648697 -0.93541801 595.000000 6.000000 2768.000000 0.000000
1.81724298 -1.55469501 -0.92635399 1442.000000 18.000000 4276.000000 0.000000
1.80766904 -1.56581700 -0.92635399 1554.000000 20.000000 4553.000000 0.000000
1.81615400 -1.59272099 -0.93617302 687.000000 8.000000 3546.000000 0.000000
1.88533294 -1.49190605 -1.00479996 1075.000000 9.000000 3347.000000 0.000000
1.85685802 -1.48797405 -0.99395198 1956.000000 19.000000 3302.000000 0.000000
1.82494998 -1.48086202 -0.98109400 2264.000000 24.000000 3147.000000 0.000000
1.83563006 -1.50832105 -0.99234402 2077.000000 21.000000 3229.000000 0.000000
1.86117494 -1.58764398 -1.02328205 949.000000 8.000000 2750.000000 0.000000
1.83823800 -1.58765399 -1.01564801 1469.000000 13.000000 2473.000000 0.000000
1.86600101 -1.49183798 -1.06434596 881.000000 10.000000 3067.000000 0.000000
1.83635902 -1.48676002 -1.05208099 1661.000000 22.000000 3180.000000 0.000000
1.82509696 -1.49627995 -1.05081201 1900.000000 27.000000 3188.000000 0.000000
1.81937301 -1.51033795 -1.05292702 1485.000000 19.000000 2986.000000 0.000000
1.86147904 -1.56452894 -1.08422399 755.000000 9.000000 2550.000000 0.000000
1.83732700 -1.58312201 -1.08126402 1260.000000 16.000000 2315.000000 0.000000
1.95971501 -1.55358899 -1.19678605 1144.000000 12.000000 2605.000000 0.000000
1.82949996 -1.46861899 -1.11951196 1812.000000 18.000000 2778.000000 0.000000
1.81490195 -1.47529900 -1.11593902 2170.000000 23.000000 3221.000000 0.000000
1.80719697 -1.48754501 -1.11683202 2140.000000 22.000000 2993.000000 0.000000
1.79597497 -1.49688601 -1.11549199 1962.000000 20.000000 2939.000000 0.000000
1.78743994 -1.50845504 -1.11593902 2037.000000 21.000000 3295.000000 0.000000
1.80670404 -1.54382205 -1.13469899 1626.000000 15.000000 2643.000000 0.000000
1.70863605 -1.65170503 -1.13469899 1413.000000 13.000000 3671.000000 0.000000
1.86579895 -1.48168898 -1.20755005 877.000000 12.000000 2548.000000 0.000000
1.82286799 -1.46602499 -1.18464398 763.000000 9.000000 2368.000000 0.000000
1.79393005 -1.46103001 -1.17108798 1047.000000 13.000000 2367.000000 0.000000
1.78219998 -1.46976495 -1.16921794 1152.000000 14.000000 2499.000000 0.000000
1.77246797 -1.48010695 -1.16875100 1221.000000 15.000000 2456.000000 0.000000
1.76470494 -1.49209404 -1.16968596 1203.000000 15.000000 2824.000000 0.000000
1.77972996 -1.52354598 -1.18651402 939.000000 11.000000 2919.000000 0.000000
1.78105402 -1.54368103 -1.19399405 761.000000 9.000000 2899.000000 0.000000
0.81594700 -1.50007904 -0.41997501 1691.000000 9.000000 3027.000000 0.000000
0.82675302 -1.54248798 -0.43154800 3018.000000 23.000000 3035.000000 0.000000
0.82177198 -1.55606604 -0.43417901 3527.000000 31.000000 3290.000000 0.000000
0.80992800 -1.51853299 -0.46686900 2168.000000 17.000000 3339.000000 0.000000
0.81268501 -1.54635096 -0.47458199 2910.000000 27.000000 2994.000000 0.000000
0.80318099 -1.55130804 -0.47458199 2893.000000 27.000000 3270.000000 0.000000
0.77396703 -1.51783502 -0.46172699 2492.000000 21.000000 4172.000000 0.000000
0.81812900 -1.52952695 -0.51825398 3182.000000 25.000000 3647.000000 0.000000
0.80651498 -1.53031099 -0.51670498 3696.000000 35.000000 3527.000000 0.000000
0.79098499 -1.52341199 -0.51236701 3416.000000 29.000000 3489.000000 0.000000
0.81449699 -1.52015603 -0.55936003 2185.000000 17.000000 4192.000000 0.000000
0.80559599 -1.52595794 -0.55969203 3236.000000 33.000000 4108.000000 0.000000
0.79621798 -1.53087199 -0.55969203 3218.000000 33.000000 3836.000000 0.000000
0.78680998 -1.53572905 -0.55969203 2599.000000 23.000000 3747.000000 0.000000
0.78292203 -1.55146205 -0.56400800 778.000000 5.000000 4152.000000 0.000000
0.69644099 -1.64760602 -0.58193600 1509.000000 10.000000 4379.000000 0.000000
0.81929803 -1.48807597 -0.59880102 1293.000000 7.000000 3541.000000 0.000000
0.80792701 -1.48896694 -0.59702098 2496.000000 17.000000 3148.000000 0.000000
0.80009598 -1.49636996 -0.59808898 3026.000000 23.000000 3363.000000 0.000000
0.79133397 -1.50207806 -0.59844500 3085.000000 24.000000 3320.000000 0.000000
0.76705903 -1.47786403 -0.58598202 2362.000000 15.000000 3209.000000 0.000000
0.76179898 -1.49003398 -0.58918703 660.000000 3.000000 3366.000000 0.000000
0.80749500 -1.47685599 -0.63742900 721.000000 4.000000 4043.000000 0.000000
0.79930001 -1.48341095 -0.63818502 2223.000000 18.000000 4052.000000 0.000000
0.79061902 -1.48910499 -0.63856202 3117.000000 31.000000 3975.000000 0.000000
0.78146702 -1.49392796 -0.63856202 3022.000000 29.000000 3786.000000 0.000000
0.77399099 -1.50198305 -0.64007300 2490.000000 21.000000 3453.000000 0.000000
0.76307601 -1.50340497 -0.63856202 865.000000 5.000000 3884.000000 0.000000
0.81255198 -1.47760403 -0.68979800 1732.000000 10.000000 4018.000000 0.000000
0.80085599 -1.47772896 -0.68738699 2465.000000 17.000000 4363.000000 0.000000
0.78961998 -1.47857404 -0.68537802 2926.000000 22.000000 4131.000000 0.000000
0.78053302 -1.48339200 -0.68537802 3066.000000 24.000000 3871.000000 0.000000
0.77099597 -1.48733997 -0.68497699 2632.000000 18.000000 3882.000000 0.000000
0.76185501 -1.49204195 -0.68497699 1524.000000 8.000000 3434.000000 0.000000
0.79745799 -1.58589900 -0.72877198 257.000000 1.000000 2209.000000 0.000000
0.79420400 -1.60389698 -0.73519999 237.000000 1.000000 1748.000000 0.000000
0.78194398 -1.60380006 -0.73278898 361.000000 1.000000 1581.000000 0.000000
0.77525300 -1.61517406 -0.73600399 534.000000 2.000000 1569.000000 0.000000
0.76610899 -1.62155700 -0.73680699 634.000000 3.000000 1453.000000 0.000000
0.76192701 -1.63868701 -0.74283397 295.000000 1.000000 1368.000000 0.000000
0.78968298 -1.47818804 -0.73149699 1936.000000 15.000000 3945.000000 0.000000
0.78017402 -1.48220503 -0.73107398 2546.000000 22.000000 3917.000000 0.000000
0.77022702 -1.48535705 -0.73022801 2864.000000 27.000000 3835.000000 0.000000
0.75695598 -1.48199606 -0.72599900 2303.000000 19.000000 3513.000000 0.000000
0.75234997 -1.49550605 -0.73065102 1145.000000 7.000000 3536.000000 0.000000
0.78232801 -1.46792805 -0.77870601 1758.000000 10.000000 3970.000000 0.000000
0.76707703 -1.46081305 -0.77200598 2686.000000 19.000000 3857.000000 0.000000
0.77000099 -1.48854804 -0.78495902 3097.000000 25.000000 3741.000000 0.000000
0.74868703 -1.46931899 -0.77155900 2632.000000 19.000000 3832.000000 0.000000
0.77320099 -1.47928500 -0.83030403 1302.000000 9.000000 3800.000000 0.000000
0.75678998 -1.46987295 -0.82189000 2014.000000 16.000000 3538.000000 0.000000
0.74856001 -1.47606397 -0.82282501 1940.000000 15.000000 3071.000000 0.000000
0.74147397 -1.48457801 -0.82516199 1779.000000 13.000000 3067.000000 0.000000
0.73078197 -1.48593104 -0.82329202 1399.000000 10.000000 3104.000000 0.000000
0.72746098 -1.50230598 -0.83030403 510.000000 3.000000 2791.000000 0.000000
0.77078098 -1.47095394 -0.88190800 1500.000000 8.000000 3662.000000 0.000000
0.75376099 -1.46016395 -0.87209201 2228.000000 14.000000 3488.000000 0.000000
0.74597001 -1.46709299 -0.87356502 2666.000000 19.000000 3455.000000 0.000000
0.73695397 -1.47164202 -0.87356502 1987.000000 12.000000 2955.000000 0.000000
0.72906399 -1.47848201 -0.87503701 1509.000000 8.000000 2889.000000 0.000000
0.73137498 -1.50645196 -0.88976002 728.000000 4.000000 2953.000000 0.000000
0.82899201 -1.52611005 -0.97751403 808.000000 6.000000 2851.000000 0.000000
0.82858098 -1.54782200 -0.98874903 878.000000 6.000000 2740.000000 0.000000
0.80536598 -1.52705503 -0.97138602 475.000000 3.000000 2435.000000 0.000000
0.77486902 -1.49158597 -0.94431901 702.000000 5.000000 2741.000000 0.000000
0.74680603 -1.45962405 -0.91980600 1265.000000 9.000000 3012.000000 0.000000
0.74017000 -1.46878004 -0.92286998 1827.000000 14.000000 2932.000000 0.000000
0.72922200 -1.46944797 -0.92031699 1868.000000 14.000000 2980.000000 0.000000
0.72019202 -1.47389495 -0.92031699 1424.000000 10.000000 2788.000000 0.000000
0.73324698 -1.52393901 -0.95044702 623.000000 4.000000 2870.000000 0.000000
0.75978303 -1.62933302 -1.01377296 819.000000 6.000000 2834.000000 0.000000
0.71300298 -1.55434895 -0.96168298 781.000000 6.000000 2588.000000 0.000000
0.69562697 -1.54147398 -0.95044702 475.000000 3.000000 2566.000000 0.000000
0.86747903 -1.49863005 -1.03810501 644.000000 3.000000 2829.000000 0.000000
0.77215499 -1.45482302 -0.98471397 1166.000000 7.000000 2688.000000 0.000000
0.75460798 -1.44304204 -0.97296798 1479.000000 9.000000 2816.000000 0.000000
0.74032801 -1.43711698 -0.96549302 1664.000000 10.000000 2976.000000 0.000000
0.72996801 -1.43861496 -0.96335799 1644.000000 10.000000 2978.000000 0.000000
0.71999598 -1.44079697 -0.96175599 1519.000000 9.000000 2656.000000 0.000000
0.70815998 -1.43911600 -0.95748502 1414.000000 8.000000 2753.000000 0.000000
0.72176403 -1.48987103 -0.99005300 805.000000 4.000000 2295.000000 0.000000
0.78972602 -1.48280895 -1.06022298 971.000000 7.000000 2487.000000 0.000000
0.76233000 -1.45301104 -1.03421402 1133.000000 9.000000 2182.000000 0.000000
0.75647599 -1.46357298 -1.03864098 1098.000000 9.000000 2007.000000 0.000000
0.74368298 -1.46077394 -1.03310704 1112.000000 9.000000 2065.000000 0.000000
0.73508102 -1.46605396 -1.03366005 1005.000000 8.000000 2110.000000 0.000000
0.72236300 -1.46307802 -1.02812600 1254.000000 10.000000 1967.000000 0.000000
0.71630198 -1.47346795 -1.03255296 1094.000000 8.000000 2060.000000 0.000000
0.71158701 -1.48683906 -1.03919399 882.000000 7.000000 2702.000000 0.000000
0.90832800 -1.52936804 -1.19611597 1303.000000 9.000000 3472.000000 0.000000
0.88366300 -1.50880098 -1.17480302 1110.000000 7.000000 3365.000000 0.000000
0.87316400 -1.51206899 -1.17307496 1256.000000 8.000000 3343.000000 0.000000
0.85821599 -1.50744796 -1.16501105 1255.000000 8.000000 3296.000000 0.000000
0.86852401 -1.54763198 -1.19323599 986.000000 6.000000 3298.000000 0.000000
0.86770397 -1.56867599 -1.20590794 1080.000000 7.000000 3238.000000 0.000000
0.81586802 -1.49642205 -1.14369905 924.000000 5.000000 2277.000000 0.000000
0.76804298 -1.42935801 -1.08609903 692.000000 4.000000 2006.000000 0.000000
0.75505799 -1.42609298 -1.07976305 1391.000000 8.000000 2298.000000 0.000000
0.74402899 -1.42634797 -1.07630706 1934.000000 13.000000 3148.000000 0.000000
0.73451799 -1.42943203 -1.07515502 1847.000000 12.000000 2805.000000 0.000000
0.72352201 -1.42953396 -1.07169902 1581.000000 10.000000 2624.000000 0.000000
0.71437299 -1.43321502 -1.07112300 1630.000000 10.000000 2627.000000 0.000000
0.70915997 -1.44491196 -1.07688296 1430.000000 9.000000 2379.000000 0.000000
0.69957101 -1.44776404 -1.07573104 1401.000000 8.000000 2344.000000 0.000000
0.86748803 -1.47699201 -1.20996904 863.000000 8.000000 3588.000000 0.000000
0.84707803 -1.46284199 -1.19331002 885.000000 7.000000 3289.000000 0.000000
0.83568400 -1.46383095 -1.18973994 896.000000 7.000000 3301.000000 0.000000
0.81559497 -1.44934905 -1.17308104 646.000000 5.000000 2861.000000 0.000000
0.79218900 -1.42835999 -1.15106702 777.000000 6.000000 2368.000000 0.000000
0.78224701 -1.43108106 -1.14928198 702.000000 5.000000 1935.000000 0.000000
0.76808703 -1.42596304 -1.14095294 651.000000 5.000000 2165.000000 0.000000
0.75553501 -1.42356002 -1.13500297 706.000000 5.000000 2233.000000 0.000000
0.74753499 -1.42959201 -1.13619304 952.000000 7.000000 2008.000000 0.000000
0.73689801 -1.43058395 -1.13321805 799.000000 6.000000 1972.000000 0.000000
0.73030102 -1.43937302 -1.13678801 769.000000 6.000000 2113.000000 0.000000
0.72398400 -1.44885302 -1.14095294 894.000000 7.000000 2293.000000 0.000000
0.71936399 -1.46191001 -1.14809203 873.000000 7.000000 2313.000000 0.000000
0.71848798 -1.48291004 -1.16177702 785.000000 6.000000 2155.000000 0.000000
0.72782201 -1.52568805 -1.19331002 868.000000 7.000000 2840.000000 0.000000
0.78562200 -1.42520106 -1.21706402 861.000000 5.000000 2198.000000 0.000000
0.77048802 -1.41823494 -1.20657206 1076.000000 6.000000 2056.000000 0.000000
0.75584000 -1.41183102 -1.19669700 1129.000000 7.000000 2079.000000 0.000000
0.74533099 -1.41296101 -1.19361103 1121.000000 7.000000 1965.000000 0.000000
0.73882002 -1.42169905 -1.19731402 1196.000000 7.000000 1935.000000 0.000000
0.73008299 -1.42620599 -1.19731402 1144.000000 7.000000 2039.000000 0.000000
0.72485399 -1.43768799 -1.20348597 1250.000000 7.000000 2023.000000 0.000000
0.71881300 -1.44774902 -1.20842302 1258.000000 8.000000 2290.000000 0.000000
-0.15526500 -1.67544198 -0.68819100 2080.000000 13.000000 2882.000000 0.000000
-0.16481601 -1.66716802 -0.68497699 1895.000000 11.000000 2934.000000 0.000000
-0.17571700 -1.67250001 -0.68778902 291.000000 1.000000 3775.000000 0.000000
-0.17700000 -1.59130704 -0.65243202 1304.000000 7.000000 3731.000000 0.000000
-0.18407100 -1.56745601 -0.64238697 2493.000000 16.000000 3694.000000 0.000000
-0.19323200 -1.56266296 -0.64077997 3056.000000 22.000000 3716.000000 0.000000
-0.20352900 -1.56689596 -0.64319098 2747.000000 18.000000 3540.000000 0.000000
-0.21251801 -1.56108105 -0.64118201 2255.000000 13.000000 3383.000000 0.000000
-0.22404100 -1.57334495 -0.64720899 1412.000000 8.000000 3494.000000 0.000000
-0.15375300 -1.66155195 -0.72811300 592.000000 3.000000 2159.000000 0.000000
-0.16238400 -1.64434099 -0.72050101 1434.000000 10.000000 2495.000000 0.000000
-0.17477800 -1.66585004 -0.73107398 1071.000000 7.000000 2093.000000 0.000000
-0.18519101 -1.66654801 -0.73192000 517.000000 3.000000 1962.000000 0.000000
-0.18952300 -1.61406600 -0.70781302 1381.000000 9.000000 3081.000000 0.000000
-0.19310901 -1.56069601 -0.68328202 2094.000000 16.000000 3421.000000 0.000000
-0.20268101 -1.55948198 -0.68328202 2887.000000 27.000000 3696.000000 0.000000
-0.21296600 -1.56359804 -0.68581998 2676.000000 24.000000 3529.000000 0.000000
-0.22293200 -1.56495404 -0.68708903 2060.000000 16.000000 3212.000000 0.000000
-0.23253000 -1.56355703 -0.68708903 1313.000000 9.000000 3053.000000 0.000000
-0.25071400 -1.61853802 -0.71373397 526.000000 3.000000 1862.000000 0.000000
-0.15565300 -1.66417396 -0.78272599 1693.000000 10.000000 2777.000000 0.000000
-0.16550300 -1.65962601 -0.78093898 1809.000000 11.000000 2720.000000 0.000000
-0.17254899 -1.62922096 -0.76619899 460.000000 2.000000 2915.000000 0.000000
-0.18278700 -1.54524696 -0.72510600 2106.000000 13.000000 3306.000000 0.000000
-0.19293299 -1.54942298 -0.72778600 2598.000000 18.000000 3592.000000 0.000000
-0.20266999 -1.54998398 -0.72867900 2860.000000 21.000000 3481.000000 0.000000
-0.21193200 -1.54693902 -0.72778600 2867.000000 21.000000 3724.000000 0.000000
-0.22129200 -1.54472399 -0.72733903 2407.000000 16.000000 3614.000000 0.000000
-0.23196401 -1.55130005 -0.73135900 1205.000000 6.000000 2812.000000 0.000000
-0.15334401 -1.60528505 -0.80038702 496.000000 3.000000 2682.000000 0.000000
-0.16955100 -1.66853201 -0.83451200 1425.000000 10.000000 2536.000000 0.000000
-0.17664000 -1.63756895 -0.81861800 1028.000000 7.000000 2280.000000 0.000000
-0.19114400 -1.58786798 -0.79337502 975.000000 6.000000 2639.000000 0.000000
-0.19468901 -1.53665900 -0.76672900 1681.000000 12.000000 3171.000000 0.000000
-0.20343000 -1.53017604 -0.76392400 2272.000000 19.000000 3520.000000 0.000000
-0.21281500 -1.52889895 -0.76392400 2056.000000 16.000000 3340.000000 0.000000
-0.22256599 -1.53018999 -0.76532698 1915.000000 15.000000 3252.000000 0.000000
-0.23299301 -1.53579104 -0.76906598 1343.000000 9.000000 2695.000000 0.000000
-0.24552900 -1.55442405 -0.77981800 506.000000 3.000000 2651.000000 0.000000
-0.15589499 -1.65158200 -0.88092601 831.000000 4.000000 2447.000000 0.000000
-0.16734500 -1.66359699 -0.88828701 1839.000000 11.000000 2794.000000 0.000000
-0.17577800 -1.64607894 -0.87896299 989.000000 5.000000 2780.000000 0.000000
-0.19025099 -1.59621799 -0.85197198 1107.000000 6.000000 3271.000000 0.000000
-0.19163500 -1.52846003 -0.81418401 2065.000000 13.000000 3165.000000 0.000000
-0.19975001 -1.51775396 -0.80878502 2681.000000 19.000000 3912.000000 0.000000
-0.20893900 -1.51563704 -0.80829501 2601.000000 18.000000 3539.000000 0.000000
-0.21936101 -1.52208698 -0.81271201 2195.000000 14.000000 3269.000000 0.000000
-0.23000000 -1.52932703 -0.81761903 1919.000000 12.000000 3120.000000 0.000000
-0.24249899 -1.54768205 -0.82890600 849.000000 4.000000 2725.000000 0.000000
-0.17327800 -1.66324902 -0.93921202 1170.000000 9.000000 2382.000000 0.000000
-0.18412501 -1.66813803 -0.94278699 980.000000 7.000000 2391.000000 0.000000
-0.19905899 -1.53993201 -0.86822599 1361.000000 9.000000 2844.000000 0.000000
-0.20680800 -1.52589703 -0.86056501 1817.000000 14.000000 3101.000000 0.000000
-0.21581200 -1.52204394 -0.85903299 2117.000000 17.000000 3189.000000 0.000000
-0.22576500 -1.52494597 -0.86158699 1807.000000 14.000000 3118.000000 0.000000
-0.23524600 -1.52438200 -0.86209798 1758.000000 13.000000 3175.000000 0.000000
-0.24553300 -1.52885497 -0.86567199 1423.000000 10.000000 2970.000000 0.000000
-0.25866500 -1.55022705 -0.87946099 339.000000 2.000000 2163.000000 0.000000
-0.27004901 -1.55962896 -0.88609999 825.000000 5.000000 2843.000000 0.000000
-0.32854900 -1.65631497 -0.94891500 693.000000 5.000000 2655.000000 0.000000
-0.16563100 -1.63274002 -0.98097700 842.000000 4.000000 2341.000000 0.000000
-0.17564601 -1.63169301 -0.98097700 880.000000 5.000000 2319.000000 0.000000
-0.19231400 -1.52333498 -0.91423798 1642.000000 10.000000 2835.000000 0.000000
-0.20109800 -1.51793599 -0.91156799 1948.000000 12.000000 3023.000000 0.000000
-0.20865400 -1.50411201 -0.90355998 2148.000000 14.000000 2950.000000 0.000000
-0.22019900 -1.51870096 -0.91370398 2005.000000 13.000000 2999.000000 0.000000
-0.22951300 -1.51732099 -0.91370398 1907.000000 12.000000 3309.000000 0.000000
-0.23762800 -1.50836802 -0.90889901 1708.000000 10.000000 3112.000000 0.000000
-0.24962801 -1.52356696 -0.91957700 1183.000000 6.000000 2615.000000 0.000000
-0.27109399 -1.59284902 -0.96495903 592.000000 3.000000 2624.000000 0.000000
-0.17459600 -1.64326203 -1.04196095 765.000000 6.000000 2332.000000 0.000000
-0.18394899 -1.63553596 -1.03753400 672.000000 5.000000 2109.000000 0.000000
-0.19643199 -1.57114697 -0.99602997 929.000000 6.000000 2808.000000 0.000000
-0.19938700 -1.51786494 -0.96116602 1469.000000 11.000000 2862.000000 0.000000
-0.20714100 -1.50505698 -0.95341802 1717.000000 13.000000 3137.000000 0.000000
-0.21602400 -1.50128305 -0.95175803 1677.000000 13.000000 2702.000000 0.000000
-0.22705001 -1.51229000 -0.96005899 1327.000000 9.000000 2356.000000 0.000000
-0.23594600 -1.50839901 -0.95839900 1408.000000 10.000000 2524.000000 0.000000
-0.24572200 -1.51021194 -0.96061200 1205.000000 8.000000 2313.000000 0.000000
-0.26698601 -1.58098400 -1.00931096 608.000000 4.000000 2529.000000 0.000000
-0.27597499 -1.57521200 -1.00654399 665.000000 4.000000 2303.000000 0.000000
-0.13125899 -1.68784201 -1.13563502 1249.000000 7.000000 3596.000000 0.000000
-0.13967800 -1.66419899 -1.11950696 1369.000000 8.000000 3612.000000 0.000000
-0.14951700 -1.65924001 -1.11662698 1314.000000 8.000000 3533.000000 0.000000
-0.15526700 -1.61272895 -1.08437097 1072.000000 6.000000 3107.000000 0.000000
-0.16482300 -1.60849297 -1.08206701 738.000000 4.000000 2206.000000 0.000000
-0.17255200 -1.58794999 -1.06824303 971.000000 5.000000 2322.000000 0.000000
-0.17975400 -1.56493700 -1.05269098 1062.000000 6.000000 2492.000000 0.000000
-0.18271799 -1.50943899 -1.01409805 1629.000000 10.000000 2463.000000 0.000000
-0.19145700 -1.50423503 -1.01121795 1688.000000 10.000000 2820.000000 0.000000
-0.20046499 -1.50141203 -1.01006603 1722.000000 10.000000 2718.000000 0.000000
-0.20933200 -1.49772501 -1.00833797 1768.000000 11.000000 2557.000000 0.000000
-0.21923099 -1.50126505 -1.01179397 1568.000000 9.000000 2780.000000 0.000000
-0.22856300 -1.50069904 -1.01236999 1454.000000 8.000000 2922.000000 0.000000
-0.24085800 -1.51864195 -1.02619398 1010.000000 5.000000 2710.000000 0.000000
-0.26408300 -1.60100400 -1.08609903 772.000000 4.000000 2509.000000 0.000000
-0.29068601 -1.69683003 -1.15579498 1108.000000 6.000000 2354.000000 0.000000
-0.28112400 -1.58315802 -1.07573104 882.000000 5.000000 2500.000000 0.000000
-0.32724300 -1.71929395 -1.17595506 837.000000 5.000000 2765.000000 0.000000
-0.32637799 -1.65951300 -1.13448298 1287.000000 8.000000 3490.000000 0.000000
-0.18137200 -1.59249496 -1.12845898 476.000000 3.000000 2057.000000 0.000000
-0.19160800 -1.59534395 -1.13143301 477.000000 3.000000 2401.000000 0.000000
-0.20100001 -1.59094703 -1.12905395 583.000000 4.000000 2351.000000 0.000000
-0.20125100 -1.51635206 -1.07431698 938.000000 6.000000 2218.000000 0.000000
-0.20990200 -1.51031005 -1.07074702 955.000000 6.000000 2078.000000 0.000000
-0.21882600 -1.50660706 -1.06896198 697.000000 4.000000 1716.000000 0.000000
-0.22830200 -1.50682604 -1.07015204 760.000000 5.000000 1574.000000 0.000000
-0.23852600 -1.51175106 -1.07491195 690.000000 4.000000 1627.000000 0.000000
-0.24830900 -1.51343298 -1.07729197 774.000000 5.000000 2007.000000 0.000000
-0.26302701 -1.54438305 -1.10168505 546.000000 4.000000 2331.000000 0.000000
-0.28349501 -1.60609305 -1.14928198 465.000000 3.000000 2219.000000 0.000000
-0.30046099 -1.64387596 -1.17903101 532.000000 4.000000 2263.000000 0.000000
-0.30303600 -1.60170305 -1.14868701 779.000000 6.000000 2258.000000 0.000000
-0.32395500 -1.65742898 -1.19211996 505.000000 3.000000 2375.000000 0.000000
-0.35574001 -1.65747499 -1.19687903 947.000000 7.000000 3240.000000 0.000000
-0.15699600 -1.60477901 -1.20533800 1027.000000 6.000000 3276.000000 0.000000
-0.18137100 -1.55785596 -1.17077601 680.000000 4.000000 2246.000000 0.000000
-0.18899600 -1.54109597 -1.15843201 833.000000 5.000000 1933.000000 0.000000
-0.19287500 -1.49699199 -1.12448800 1195.000000 7.000000 2213.000000 0.000000
-0.20205700 -1.49578094 -1.12448800 1135.000000 6.000000 2017.000000 0.000000
-0.20979001 -1.48438597 -1.11646402 1300.000000 7.000000 1750.000000 0.000000
-0.21935600 -1.48618400 -1.11893296 875.000000 4.000000 1377.000000 0.000000
-0.22919400 -1.48947501 -1.12263596 1049.000000 6.000000 1601.000000 0.000000
-0.23845400 -1.48881805 -1.12325299 1076.000000 6.000000 1781.000000 0.000000
-0.24680500 -1.48267102 -1.11954999 1297.000000 7.000000 2470.000000 0.000000
-0.25630200 -1.48345399 -1.12140203 1253.000000 7.000000 2598.000000 0.000000
-0.26791000 -1.49579203 -1.13251102 954.000000 5.000000 2576.000000 0.000000
-0.28876600 -1.55677295 -1.18250203 666.000000 3.000000 2391.000000 0.000000
-0.30322900 -1.58046699 -1.20286906 724.000000 4.000000 2473.000000 0.000000
-0.19273899 -1.52018702 -1.20077002 651.000000 5.000000 2071.000000 0.000000
-0.20037200 -1.50595796 -1.18996799 697.000000 5.000000 1991.000000 0.000000
-0.20804700 -1.49322402 -1.18043697 721.000000 5.000000 2056.000000 0.000000
-0.21590000 -1.48274505 -1.17281199 902.000000 7.000000 1994.000000 0.000000
-0.22465301 -1.47910094 -1.17090595 992.000000 8.000000 2056.000000 0.000000
-0.23396100 -1.47922099 -1.17217696 790.000000 6.000000 1766.000000 0.000000
-0.24389300 -1.48309398 -1.17662501 771.000000 6.000000 1961.000000 0.000000
-0.25209600 -1.47623801 -1.17217696 1043.000000 8.000000 2217.000000 0.000000
-0.26128101 -1.47542500 -1.17281199 1153.000000 9.000000 2419.000000 0.000000
-0.27074000 -1.47607398 -1.17471898 1007.000000 8.000000 2505.000000 0.000000
-0.28064099 -1.47893906 -1.17853105 867.000000 7.000000 2372.000000 0.000000
-0.19973700 -1.46371806 -1.22601295 1073.000000 6.000000 1946.000000 0.000000
-0.20914300 -1.46544898 -1.22864103 1003.000000 6.000000 1959.000000 0.000000
-0.21723600 -1.45817494 -1.22338402 1118.000000 7.000000 2096.000000 0.000000
-0.22676200 -1.46053803 -1.22667003 964.000000 6.000000 1908.000000 0.000000
-0.23438799 -1.45093501 -1.21944201 1177.000000 7.000000 1945.000000 0.000000
-0.24353801 -1.45095599 -1.22075605 1051.000000 6.000000 1762.000000 0.000000
-0.25269601 -1.45091903 -1.22206998 964.000000 6.000000 1673.000000 0.000000
-1.11991096 -1.68095696 -0.66327500 1782.000000 18.000000 3093.000000 0.000000
-1.13599300 -1.68266499 -0.66692698 1791.000000 18.000000 3334.000000 0.000000
-1.20048499 -1.64428997 -0.66891903 2884.000000 37.000000 3980.000000 0.000000
-1.21390796 -1.64145005 -0.67091101 2448.000000 28.000000 4044.000000 0.000000
-1.20647299 -1.61053205 -0.66061902 1660.000000 16.000000 4132.000000 0.000000
-1.14597595 -1.73804104 -0.74479598 538.000000 3.000000 1352.000000 0.000000
-1.15506005 -1.72864699 -0.74372798 2353.000000 18.000000 2137.000000 0.000000
-1.14991200 -1.69832397 -0.73304498 1984.000000 14.000000 2221.000000 0.000000
-1.16201794 -1.60774899 -0.70740700 1216.000000 7.000000 2965.000000 0.000000
-1.18180704 -1.61415398 -0.71381700 2390.000000 18.000000 2723.000000 0.000000
-1.18147898 -1.60551906 -0.76395202 692.000000 6.000000 3295.000000 0.000000
-1.16658998 -1.72100604 -0.86216497 1248.000000 8.000000 2424.000000 0.000000
-1.17868495 -1.71607900 -0.86337101 1124.000000 7.000000 2660.000000 0.000000
-1.18750596 -1.59951401 -0.82399499 698.000000 4.000000 2912.000000 0.000000
-1.20005202 -1.59585500 -0.82600403 2013.000000 14.000000 3399.000000 0.000000
-1.20815599 -1.58627701 -0.82479900 2751.000000 23.000000 3475.000000 0.000000
-1.21506703 -1.57521105 -0.82279003 2334.000000 18.000000 2770.000000 0.000000
-1.23035204 -1.57493806 -0.82680798 2050.000000 15.000000 2779.000000 0.000000
-1.24567902 -1.57453704 -0.83082598 1093.000000 6.000000 3021.000000 0.000000
-1.18293798 -1.72522295 -0.92562401 1395.000000 15.000000 2857.000000 0.000000
-1.19711006 -1.72314894 -0.92858398 1150.000000 12.000000 3180.000000 0.000000
-1.20982003 -1.59069300 -0.88206202 1293.000000 12.000000 2605.000000 0.000000
-1.21238899 -1.57389200 -0.87656301 1510.000000 14.000000 2553.000000 0.000000
-1.22035599 -1.56427705 -0.87529498 1644.000000 16.000000 2667.000000 0.000000
-1.22993100 -1.55675900 -0.87529498 1545.000000 15.000000 2418.000000 0.000000
-1.23945999 -1.54918301 -0.87529498 1639.000000 16.000000 2619.000000 0.000000
-1.25292504 -1.54648602 -0.87825501 1396.000000 13.000000 2721.000000 0.000000
-1.18739700 -1.72556198 -0.99399900 2021.000000 17.000000 2807.000000 0.000000
-1.20359600 -1.72631299 -0.99891198 1572.000000 12.000000 3061.000000 0.000000
-1.22059798 -1.57955897 -0.94486600 850.000000 5.000000 3866.000000 0.000000
-1.21260595 -1.54950595 -0.93057299 2201.000000 17.000000 3516.000000 0.000000
-1.22876596 -1.55044603 -0.93593299 3199.000000 31.000000 3680.000000 0.000000
-1.23657405 -1.54078496 -0.93459201 3008.000000 28.000000 3709.000000 0.000000
-1.24600506 -1.53316796 -0.93459201 2014.000000 14.000000 2851.000000 0.000000
-1.25652695 -1.52687502 -0.93548602 1913.000000 13.000000 2927.000000 0.000000
-1.28077602 -1.53699696 -0.94709897 690.000000 4.000000 2995.000000 0.000000
-1.19886005 -1.71515095 -1.05422103 1398.000000 15.000000 2674.000000 0.000000
-1.25241303 -1.57601500 -1.01214898 840.000000 7.000000 3223.000000 0.000000
-1.23221099 -1.53104699 -0.98690599 1564.000000 15.000000 3304.000000 0.000000
-1.24325299 -1.52551699 -0.98830801 2042.000000 22.000000 3486.000000 0.000000
-1.25371206 -1.51922596 -0.98924297 1749.000000 18.000000 3488.000000 0.000000
-1.26414096 -1.51286399 -0.99017799 1673.000000 17.000000 3473.000000 0.000000
-1.28649902 -1.52062905 -1.00092995 808.000000 7.000000 3052.000000 0.000000
-1.19541395 -1.71145201 -1.12237597 1633.000000 13.000000 2727.000000 0.000000
-1.23208904 -1.74105096 -1.14789498 1300.000000 10.000000 3160.000000 0.000000
-1.23161900 -1.53191900 -1.05367100 1274.000000 8.000000 2783.000000 0.000000
-1.22833204 -1.50880098 -1.04238296 1940.000000 14.000000 3008.000000 0.000000
-1.23534799 -1.49854898 -1.04042006 2424.000000 19.000000 3500.000000 0.000000
-1.25290203 -1.50096798 -1.04778194 2136.000000 16.000000 3614.000000 0.000000
-1.26771796 -1.49990201 -1.05268896 1298.000000 8.000000 3501.000000 0.000000
-1.43111706 -1.67204499 -1.18617404 1007.000000 9.000000 3317.000000 0.000000
-1.21618104 -1.70827305 -1.19149399 963.000000 10.000000 3542.000000 0.000000
-1.21159601 -1.67982805 -1.17617404 1053.000000 11.000000 3807.000000 0.000000
-1.22187996 -1.67236197 -1.17617404 1004.000000 10.000000 3733.000000 0.000000
-1.21681905 -1.64406800 -1.16085303 1106.000000 12.000000 3909.000000 0.000000
-1.23974001 -1.65379596 -1.17361999 810.000000 8.000000 3446.000000 0.000000
-1.29694402 -1.64451206 -1.18996203 805.000000 8.000000 3204.000000 0.000000
-1.30112398 -1.62912095 -1.18434501 845.000000 8.000000 3353.000000 0.000000
-1.27334797 -1.57423198 -1.14859605 984.000000 10.000000 2530.000000 0.000000
-1.23951602 -1.51308501 -1.10774100 1131.000000 10.000000 2262.000000 0.000000
-1.24603999 -1.50213599 -1.10518706 1174.000000 11.000000 2663.000000 0.000000
-1.25854194 -1.49842000 -1.10825205 1518.000000 15.000000 2662.000000 0.000000
-1.26715696 -1.49001300 -1.10774100 1169.000000 11.000000 2273.000000 0.000000
-1.27795398 -1.48416805 -1.10927296 1175.000000 11.000000 2941.000000 0.000000
-1.28929102 -1.47889602 -1.11131597 1140.000000 10.000000 3055.000000 0.000000
-1.31139302 -1.48581195 -1.12306201 970.000000 9.000000 2744.000000 0.000000
-1.32162797 -1.47902298 -1.12408304 1010.000000 10.000000 3079.000000 0.000000
-1.33643305 -1.47727394 -1.12918997 908.000000 9.000000 3329.000000 0.000000
-1.11285996 -1.63276899 -1.19240499 1623.000000 13.000000 3958.000000 0.000000
-1.12911105 -1.63495004 -1.19934595 1484.000000 12.000000 4058.000000 0.000000
-1.13475394 -1.62175906 -1.19454098 1434.000000 11.000000 4135.000000 0.000000
-1.15251601 -1.62579703 -1.20308304 1301.000000 10.000000 3799.000000 0.000000
-1.17486894 -1.61494899 -1.20575297 1200.000000 9.000000 3302.000000 0.000000
-1.18375194 -1.60634899 -1.20468497 1151.000000 8.000000 3555.000000 0.000000
-1.19004202 -1.59431505 -1.20094800 1128.000000 8.000000 3365.000000 0.000000
-1.20439601 -1.59305000 -1.20575297 1159.000000 9.000000 3230.000000 0.000000
-1.20282900 -1.57086802 -1.19400704 1335.000000 10.000000 3563.000000 0.000000
-1.22956002 -1.58549595 -1.21162605 1635.000000 13.000000 3487.000000 0.000000
-1.26221597 -1.54763997 -1.20575297 1152.000000 8.000000 2500.000000 0.000000
-1.23666096 -1.49751401 -1.17104900 1009.000000 6.000000 2249.000000 0.000000
-1.23822606 -1.48082197 -1.16357398 1026.000000 6.000000 2255.000000 0.000000
-1.24291396 -1.46803701 -1.15930295 1092.000000 7.000000 2216.000000 0.000000
-1.24914396 -1.45717502 -1.15663302 1006.000000 6.000000 2343.000000 0.000000
-1.26138997 -1.45331204 -1.15983605 1111.000000 7.000000 1986.000000 0.000000
-1.27475297 -1.45062304 -1.16410804 1147.000000 7.000000 2323.000000 0.000000
-1.28700495 -1.44656205 -1.16731095 1149.000000 7.000000 2380.000000 0.000000
-1.29925501 -1.44240499 -1.17051494 1173.000000 7.000000 2510.000000 0.000000
-1.31606305 -1.44314599 -1.17798901 1099.000000 8.000000 2949.000000 0.000000
-1.36622298 -1.47974396 -1.21643102 804.000000 5.000000 2736.000000 0.000000
-1.20087600 -1.49687397 -1.21904600 1056.000000 10.000000 3331.000000 0.000000
-1.20637202 -1.48494399 -1.21517301 1116.000000 10.000000 3767.000000 0.000000
-1.21018398 -1.47106898 -1.20963895 1026.000000 9.000000 3504.000000 0.000000
-1.22290897 -1.46810400 -1.21351194 954.000000 9.000000 3295.000000 0.000000
-1.23510695 -1.46440101 -1.21683300 918.000000 8.000000 2363.000000 0.000000
-1.24730599 -1.46060205 -1.22015297 728.000000 7.000000 1684.000000 0.000000
-1.24320495 -1.43777001 -1.20687199 952.000000 9.000000 2277.000000 0.000000
-1.24872100 -1.42634594 -1.20355105 986.000000 9.000000 3237.000000 0.000000
-1.25524497 -1.41615903 -1.20133805 1019.000000 9.000000 3144.000000 0.000000
-1.27223301 -1.41774905 -1.20963895 967.000000 9.000000 2299.000000 0.000000
-1.28817105 -1.41794705 -1.21683300 970.000000 9.000000 2259.000000 0.000000
-1.31315601 -1.42783403 -1.23288095 837.000000 8.000000 2389.000000 0.000000
-1.32932794 -1.37596500 -1.21517301 1203.000000 11.000000 4159.000000 0.000000
-1.15241694 1.81397402 -0.70875901 1870.000000 19.000000 3345.000000 0.000000
-1.13975704 1.81861603 -0.70776302 1802.000000 18.000000 3439.000000 0.000000
-1.15096605 1.86163795 -0.72270298 2014.000000 24.000000 3960.000000 0.000000
-1.14423001 1.80703294 -0.76651698 2312.000000 17.000000 2997.000000 0.000000
-1.14350700 1.83067000 -0.77399498 1752.000000 14.000000 3149.000000 0.000000
-1.15918505 1.88142502 -0.79358000 2247.000000 20.000000 3068.000000 0.000000
-1.15537500 1.90128398 -0.79927701 2621.000000 25.000000 2949.000000 0.000000
-1.13888896 1.90031898 -0.79571599 2413.000000 22.000000 3128.000000 0.000000
-1.14478099 1.93704700 -0.80889201 1523.000000 11.000000 3413.000000 0.000000
-1.13666701 1.80404699 -0.82060403 1782.000000 21.000000 3240.000000 0.000000
-1.18097997 1.89974594 -0.86328101 1171.000000 12.000000 3796.000000 0.000000
-1.17852604 1.92193699 -0.87045699 1616.000000 18.000000 3473.000000 0.000000
-1.16190398 1.92121804 -0.86668098 1823.000000 21.000000 3159.000000 0.000000
-1.15865803 1.94260895 -0.87347901 1590.000000 18.000000 2763.000000 0.000000
-1.14624500 1.94888496 -0.87310100 854.000000 8.000000 3297.000000 0.000000
-1.13439596 1.79353297 -0.88104898 1370.000000 10.000000 2823.000000 0.000000
-1.15048695 1.84398401 -0.90354902 1640.000000 13.000000 2743.000000 0.000000
-1.19333100 1.93916905 -0.94895101 2187.000000 19.000000 3226.000000 0.000000
-1.18188405 1.94723797 -0.94935298 2249.000000 20.000000 2763.000000 0.000000
-1.16521502 1.94659305 -0.94533497 1716.000000 13.000000 2455.000000 0.000000
-1.17045498 1.98289502 -0.96020103 855.000000 7.000000 3433.000000 0.000000
-1.16291106 1.83501601 -0.96326500 942.000000 9.000000 3024.000000 0.000000
-1.15355694 1.84518695 -0.96495700 1695.000000 19.000000 2699.000000 0.000000
-1.20185399 1.94852698 -1.01782405 1421.000000 18.000000 3019.000000 0.000000
-1.18609595 1.94967794 -1.01443994 1709.000000 23.000000 2709.000000 0.000000
-1.18533397 1.97554803 -1.02459097 1351.000000 17.000000 2440.000000 0.000000
-1.16902399 1.97577202 -1.02078402 346.000000 4.000000 3579.000000 0.000000
-1.14631295 1.81586599 -1.02035201 1172.000000 8.000000 3113.000000 0.000000
-1.16822100 1.87605095 -1.05161905 1967.000000 16.000000 2901.000000 0.000000
-1.19364297 1.94343400 -1.08690596 2086.000000 21.000000 2939.000000 0.000000
-1.20021999 1.98134303 -1.10477197 2453.000000 27.000000 2912.000000 0.000000
-1.19124901 1.99404800 -1.10789895 1704.000000 16.000000 2433.000000 0.000000
-1.20439696 2.04450393 -1.13291204 713.000000 6.000000 3431.000000 0.000000
-1.28813303 1.93779302 -1.17809999 585.000000 7.000000 3693.000000 0.000000
-1.30052900 1.98257506 -1.20147300 716.000000 8.000000 3063.000000 0.000000
-1.17261505 1.86198497 -1.11125195 689.000000 7.000000 2632.000000 0.000000
-1.16163599 1.86989498 -1.11171997 1132.000000 12.000000 2611.000000 0.000000
-1.21778798 1.98690403 -1.17997003 1553.000000 21.000000 2713.000000 0.000000
-1.20832598 1.99887300 -1.18277502 1558.000000 21.000000 2814.000000 0.000000
-1.19059002 1.99714804 -1.17716503 691.000000 8.000000 2969.000000 0.000000
-1.44073606 2.16737103 -1.41241002 1093.000000 13.000000 3296.000000 0.000000
-1.32140803 2.01437306 -1.30346298 879.000000 9.000000 3102.000000 0.000000
-1.20986605 1.97370195 -1.25046206 1642.000000 16.000000 3018.000000 0.000000
-1.19908404 1.98332596 -1.25193405 1706.000000 16.000000 2760.000000 0.000000
-1.18555498 1.98840106 -1.25046206 915.000000 8.000000 3172.000000 0.000000
-1.40908003 2.13055801 -1.46318305 785.000000 12.000000 3714.000000 0.000000
-1.39456701 2.13700700 -1.46165097 756.000000 12.000000 3687.000000 0.000000
-1.30769300 2.03143501 -1.38096201 671.000000 9.000000 3012.000000 0.000000
-1.22309303 1.92633104 -1.30129302 1001.000000 12.000000 2893.000000 0.000000
-1.18652999 1.89450097 -1.27371597 1026.000000 12.000000 2424.000000 0.000000
-1.18259001 1.91416502 -1.28239799 894.000000 11.000000 1988.000000 0.000000
-1.18204296 1.93971801 -1.29516494 1061.000000 13.000000 2638.000000 0.000000
-1.14079404 1.89835501 -1.26145899 1042.000000 13.000000 3252.000000 0.000000
-1.14613903 1.96114695 -1.29516494 434.000000 5.000000 2835.000000 0.000000
-1.29938602 1.93228197 -1.41504502 1131.000000 13.000000 3292.000000 0.000000
-1.27909803 1.92753196 -1.40543497 1139.000000 13.000000 3298.000000 0.000000
-1.31907499 2.01460290 -1.46523297 818.000000 9.000000 2710.000000 0.000000
-1.27643394 1.97576594 -1.42999494 776.000000 8.000000 2422.000000 0.000000
-1.24340200 1.95074904 -1.40543497 765.000000 8.000000 2149.000000 0.000000
-1.20218205 1.91179800 -1.37073100 906.000000 8.000000 2118.000000 0.000000
-1.17128301 1.88822901 -1.34777296 1110.000000 10.000000 1949.000000 0.000000
-1.15791202 1.89249396 -1.34563696 1034.000000 9.000000 2146.000000 0.000000
-1.08885300 1.90875399 -1.33228898 804.000000 7.000000 3059.000000 0.000000
-1.13696003 2.11215496 -1.45936000 760.000000 8.000000 3212.000000 0.000000
-1.12635303 2.12357497 -1.46256304 711.000000 7.000000 3478.000000 0.000000
-1.30446696 1.85536098 -1.45091701 890.000000 13.000000 2872.000000 0.000000
-1.27639103 1.83941197 -1.43154895 880.000000 11.000000 2891.000000 0.000000
-1.27640903 1.86368001 -1.44482994 819.000000 12.000000 3023.000000 0.000000
-1.27149904 1.88112497 -1.45257795 1024.000000 15.000000 2986.000000 0.000000
-1.25900495 1.88750696 -1.45147097 1262.000000 20.000000 2947.000000 0.000000
-1.24556303 1.89241695 -1.44925702 1255.000000 20.000000 3198.000000 0.000000
-1.23620296 1.90351200 -1.45202398 1039.000000 16.000000 2966.000000 0.000000
-1.22675395 1.91456401 -1.45479095 913.000000 13.000000 2314.000000 0.000000
-1.21230400 1.91783595 -1.45147097 938.000000 14.000000 1951.000000 0.000000
-1.19388199 1.91464996 -1.44316995 835.000000 12.000000 2210.000000 0.000000
-1.14685297 1.91702497 -1.42822802 580.000000 7.000000 2416.000000 0.000000
-1.11760998 1.94863605 -1.43652904 813.000000 12.000000 2804.000000 0.000000
-1.10768902 1.95907795 -1.43929601 903.000000 13.000000 2940.000000 0.000000
-1.09890294 1.97165096 -1.44372296 797.000000 12.000000 2532.000000 0.000000
-1.08920002 1.98273301 -1.44704401 809.000000 12.000000 2943.000000 0.000000
-0.18397900 1.86711800 -0.82496500 1260.000000 10.000000 2406.000000 0.000000
-0.17439599 1.88805902 -0.83427000 1357.000000 11.000000 2252.000000 0.000000
-0.15889700 1.84486401 -0.81354600 1498.000000 12.000000 2483.000000 0.000000
-0.14794600 1.85031998 -0.81566101 1146.000000 9.000000 3125.000000 0.000000
-0.21989600 1.89942503 -0.90287900 1255.000000 8.000000 2529.000000 0.000000
-0.21394800 1.95321596 -0.92923301 1925.000000 14.000000 2562.000000 0.000000
-0.20068100 1.94203198 -0.92297900 1924.000000 14.000000 2289.000000 0.000000
-0.18816000 1.93699300 -0.91985202 1746.000000 12.000000 2182.000000 0.000000
-0.17522600 1.92652702 -0.91404599 1712.000000 12.000000 2067.000000 0.000000
-0.15905499 1.87585497 -0.88813901 1989.000000 13.000000 2394.000000 0.000000
-0.14677800 1.86698401 -0.88322598 1107.000000 6.000000 2524.000000 0.000000
-0.11154000 1.85507905 -0.87607902 576.000000 3.000000 3010.000000 0.000000
-0.23871800 1.97925603 -1.00186503 471.000000 4.000000 2844.000000 0.000000
-0.22544301 1.97102404 -0.99672300 1048.000000 9.000000 1976.000000 0.000000
-0.21363600 1.97500706 -0.99812502 1315.000000 12.000000 2189.000000 0.000000
-0.20014000 1.96309102 -0.99111301 1181.000000 11.000000 2234.000000 0.000000
-0.18886700 1.97220099 -0.99532002 1037.000000 9.000000 2375.000000 0.000000
-0.17118800 1.91258097 -0.96306503 1190.000000 11.000000 2124.000000 0.000000
-0.15424900 1.85282099 -0.93080997 1337.000000 11.000000 2306.000000 0.000000
-0.24286801 2.00586200 -1.08458805 538.000000 3.000000 3569.000000 0.000000
-0.23075400 2.00904608 -1.08556998 1727.000000 14.000000 3286.000000 0.000000
-0.21804801 2.00695896 -1.08360600 1971.000000 17.000000 2660.000000 0.000000
-0.20564100 2.00739193 -1.08311605 1925.000000 16.000000 2774.000000 0.000000
-0.19091700 1.98346305 -1.06888402 1296.000000 8.000000 2782.000000 0.000000
-0.16967100 1.88305998 -1.01146603 1247.000000 8.000000 2279.000000 0.000000
-0.15681300 1.86843598 -1.00263202 1273.000000 8.000000 2575.000000 0.000000
-0.28152499 2.05716395 -1.17923796 827.000000 8.000000 3154.000000 0.000000
-0.26753899 2.04862499 -1.17311001 888.000000 9.000000 2644.000000 0.000000
-0.25431699 2.04511094 -1.17004502 927.000000 9.000000 2641.000000 0.000000
-0.23981200 2.03041410 -1.16034198 1004.000000 10.000000 2762.000000 0.000000
-0.22471800 2.00878310 -1.14655399 1435.000000 16.000000 2622.000000 0.000000
-0.21275701 2.01354408 -1.14859605 1538.000000 17.000000 2474.000000 0.000000
-0.19822501 1.99342704 -1.13582897 1145.000000 12.000000 2382.000000 0.000000
-0.17708400 1.90131605 -1.08016300 940.000000 8.000000 2134.000000 0.000000
-0.16472700 1.89465904 -1.07556701 1094.000000 10.000000 2360.000000 0.000000
-0.16035999 1.98302901 -1.12765801 590.000000 6.000000 2379.000000 0.000000
-0.14924400 1.99769199 -1.13582897 440.000000 4.000000 2561.000000 0.000000
-0.29106200 2.00482202 -1.22390604 590.000000 4.000000 2956.000000 0.000000
-0.23645701 1.96686494 -1.19560802 1056.000000 8.000000 2325.000000 0.000000
-0.22676300 1.98928297 -1.20895600 1649.000000 13.000000 2188.000000 0.000000
-0.21464300 1.99147701 -1.20948994 1638.000000 13.000000 2068.000000 0.000000
-0.19834600 1.95237601 -1.18386197 1065.000000 8.000000 2122.000000 0.000000
-0.18341500 1.92241001 -1.16410804 1111.000000 7.000000 2052.000000 0.000000
-0.16625100 1.86285698 -1.12566602 1310.000000 8.000000 2203.000000 0.000000
-0.16189100 1.94979703 -1.18012500 516.000000 3.000000 2341.000000 0.000000
-0.13759699 1.94657600 -1.17692196 606.000000 4.000000 2090.000000 0.000000
-0.12247500 1.89759803 -1.14542103 847.000000 5.000000 2255.000000 0.000000
-0.31571499 2.14160991 -1.38229704 655.000000 8.000000 2834.000000 0.000000
-0.29630801 2.09980798 -1.35296702 509.000000 6.000000 2474.000000 0.000000
-0.28375700 2.10406303 -1.35462701 535.000000 6.000000 2459.000000 0.000000
-0.26036501 2.02565289 -1.30094802 629.000000 6.000000 2207.000000 0.000000
-0.24051900 1.96770203 -1.26110399 1036.000000 11.000000 2391.000000 0.000000
-0.22981100 1.98072100 -1.26885200 1325.000000 15.000000 2190.000000 0.000000
-0.21709700 1.97712696 -1.26553094 1519.000000 17.000000 2146.000000 0.000000
-0.20136499 1.94446194 -1.24284196 1097.000000 12.000000 2164.000000 0.000000
-0.18257301 1.87686896 -1.19691098 800.000000 7.000000 2084.000000 0.000000
-0.17198400 1.88790596 -1.20355105 1007.000000 9.000000 2205.000000 0.000000
-0.16995899 1.99845505 -1.27659905 455.000000 4.000000 2110.000000 0.000000
-0.28065300 2.03581309 -1.39080501 722.000000 6.000000 1704.000000 0.000000
-0.26561001 2.01804399 -1.37698102 742.000000 5.000000 1992.000000 0.000000
-0.24675100 1.96772099 -1.34011698 920.000000 6.000000 1709.000000 0.000000
-0.23265401 1.95215094 -1.32802105 1118.000000 8.000000 1796.000000 0.000000
-0.22030701 1.95029199 -1.32571697 1252.000000 9.000000 2087.000000 0.000000
-0.20764600 1.94510400 -1.32110906 1183.000000 9.000000 2092.000000 0.000000
-0.19311000 1.92031300 -1.30267596 1081.000000 8.000000 1741.000000 0.000000
-0.18033300 1.91088104 -1.29518795 1162.000000 9.000000 2012.000000 0.000000
-0.16995700 1.92742395 -1.30613196 1023.000000 7.000000 1777.000000 0.000000
-0.15872300 1.93576300 -1.31131601 1097.000000 8.000000 1466.000000 0.000000
-0.14935100 1.97012198 -1.33493304 1358.000000 10.000000 1778.000000 0.000000
-0.13709199 1.96855497 -1.33320498 1113.000000 8.000000 1580.000000 0.000000
-0.12649500 1.99301803 -1.34990895 747.000000 5.000000 1585.000000 0.000000
-0.11569500 2.01905799 -1.36776495 670.000000 4.000000 2095.000000 0.000000
-0.10338600 2.02136207 -1.36891699 711.000000 5.000000 2262.000000 0.000000
-0.09416300 2.09382296 -1.41960502 759.000000 6.000000 2243.000000 0.000000
-0.35440999 1.99758196 -1.44378901 925.000000 11.000000 3342.000000 0.000000
-0.33994800 1.98704803 -1.43427002 1219.000000 16.000000 3351.000000 0.000000
-0.25152701 1.97829103 -1.41820598 589.000000 6.000000 1665.000000 0.000000
-0.23781100 1.96703303 -1.40868604 574.000000 5.000000 1419.000000 0.000000
-0.22461499 1.95887601 -1.40154696 588.000000 6.000000 1419.000000 0.000000
-0.21020100 1.93864799 -1.38548303 661.000000 6.000000 1578.000000 0.000000
-0.19679600 1.92551196 -1.37477303 718.000000 7.000000 1776.000000 0.000000
-0.18379700 1.91468501 -1.36584902 733.000000 7.000000 2002.000000 0.000000
-0.17359599 1.93258405 -1.37834299 623.000000 6.000000 1666.000000 0.000000
-0.16221599 1.93921900 -1.38250804 732.000000 7.000000 1634.000000 0.000000
-0.15121099 1.95139396 -1.39083695 715.000000 7.000000 1790.000000 0.000000
-0.14100599 1.97633302 -1.40868604 679.000000 7.000000 1878.000000 0.000000
-0.13082699 2.00603008 -1.43010497 597.000000 7.000000 2089.000000 0.000000
-0.11950000 2.02284002 -1.44200397 578.000000 7.000000 2104.000000 0.000000
0.71329600 1.75647998 -1.07199204 890.000000 8.000000 2833.000000 0.000000
0.78512102 1.90079999 -1.16749203 531.000000 5.000000 2377.000000 0.000000
0.79345602 1.88801301 -1.16238499 870.000000 9.000000 2606.000000 0.000000
0.74382502 1.73909700 -1.06943905 1260.000000 12.000000 3105.000000 0.000000
0.71377200 1.98891604 -1.34798706 1134.000000 14.000000 2581.000000 0.000000
0.72254902 1.97510505 -1.34134603 807.000000 10.000000 2004.000000 0.000000
0.76199800 1.93428504 -1.32529795 861.000000 9.000000 2787.000000 0.000000
0.77662700 1.93653595 -1.33027804 1477.000000 20.000000 2493.000000 0.000000
0.78035402 1.91166699 -1.31588995 1264.000000 14.000000 2574.000000 0.000000
0.78857303 1.89837396 -1.30980301 1175.000000 13.000000 2457.000000 0.000000
0.81536698 1.92959201 -1.33581197 717.000000 8.000000 1893.000000 0.000000
0.60901499 1.97815502 -1.40117300 1388.000000 13.000000 3559.000000 0.000000
0.62163299 1.97593999 -1.40232503 1378.000000 13.000000 3321.000000 0.000000
0.64736599 1.97282195 -1.40578103 1362.000000 13.000000 3647.000000 0.000000
0.65893900 1.96726203 -1.40462899 1465.000000 14.000000 3451.000000 0.000000
0.67126203 1.96395600 -1.40520501 1324.000000 12.000000 3121.000000 0.000000
0.68734503 1.97137499 -1.41384494 1140.000000 10.000000 2465.000000 0.000000
0.69586098 1.95711005 -1.40635705 1199.000000 11.000000 2993.000000 0.000000
0.70674002 1.94973099 -1.40405297 1132.000000 10.000000 2881.000000 0.000000
0.71897399 1.94612396 -1.40462899 1414.000000 13.000000 2750.000000 0.000000
0.72974801 1.93861604 -1.40232503 1179.000000 11.000000 2593.000000 0.000000
0.74192202 1.93486500 -1.40290105 1110.000000 10.000000 1862.000000 0.000000
0.75437599 1.93179905 -1.40405297 1203.000000 11.000000 1747.000000 0.000000
0.76349199 1.92029905 -1.39886904 1041.000000 9.000000 2251.000000 0.000000
0.77526098 1.91557801 -1.39886904 1095.000000 10.000000 2161.000000 0.000000
0.77515000 1.88207197 -1.37698102 1255.000000 9.000000 2332.000000 0.000000
0.80092502 1.91119599 -1.40290105 1088.000000 10.000000 2342.000000 0.000000
0.81616902 1.91451502 -1.40923703 1049.000000 9.000000 2651.000000 0.000000
0.82627201 1.90572202 -1.40635705 1438.000000 14.000000 2508.000000 0.000000
0.83761901 1.89986897 -1.40578103 1528.000000 15.000000 2654.000000 0.000000
0.66718698 1.88697195 -1.42356002 821.000000 8.000000 3117.000000 0.000000
