2.93855309 2.18442988 -0.13639200 547.000000 9.000000 2462.000000 0.000000
2.93098092 2.15096998 -0.13514400 453.000000 7.000000 2151.000000 0.000000
2.93361592 2.12531590 -0.13452099 1040.000000 18.000000 2939.000000 0.000000
2.95796800 2.11542296 -0.13519201 1232.000000 22.000000 2714.000000 0.000000
2.98801494 2.10934806 -0.13620000 337.000000 5.000000 3282.000000 0.000000
2.94446397 2.18957496 -0.22672001 854.000000 9.000000 2234.000000 0.000000
2.94658494 2.16320801 -0.22570400 598.000000 6.000000 1652.000000 0.000000
2.95980310 2.14508700 -0.22570400 1325.000000 16.000000 2314.000000 0.000000
2.97615504 2.12920594 -0.22599401 2394.000000 36.000000 3253.000000 0.000000
2.16476798 -1.86216199 -0.16752499 699.000000 6.000000 3601.000000 0.000000
2.15104604 -1.87344301 -0.16730800 2340.000000 26.000000 3665.000000 0.000000
2.12978911 -1.87802696 -0.16636500 3005.000000 39.000000 3292.000000 0.000000
2.12938094 -1.90102804 -0.16745301 2728.000000 33.000000 3113.000000 0.000000
2.14726090 -1.94082201 -0.17035501 2015.000000 23.000000 2459.000000 0.000000
2.15075707 -1.96810699 -0.17187800 2148.000000 25.000000 1977.000000 0.000000
2.13790894 -1.98058903 -0.17180499 1959.000000 22.000000 2472.000000 0.000000
2.14025998 -2.00732207 -0.17325599 395.000000 3.000000 2208.000000 0.000000
-0.00184000 2.00155497 -0.15229701 2407.000000 23.000000 3000.000000 0.000000
0.01042800 1.99754798 -0.15191200 2530.000000 25.000000 2930.000000 0.000000
0.11103500 2.04433107 -0.15671299 1150.000000 9.000000 3971.000000 0.000000
0.12456600 2.06050301 -0.15834600 2733.000000 29.000000 3276.000000 0.000000
0.13817100 2.07459998 -0.15978600 3278.000000 40.000000 3886.000000 0.000000
0.15125000 2.07867694 -0.16026600 3112.000000 36.000000 4280.000000 0.000000
0.16285400 2.06282401 -0.15882599 2188.000000 20.000000 3796.000000 0.000000
0.17592099 2.06674504 -0.15930600 585.000000 4.000000 5281.000000 0.000000
1.91452003 2.11872911 -0.23468100 218.000000 3.000000 3856.000000 0.000000
1.92278802 2.10179496 -0.23400900 1087.000000 15.000000 3242.000000 0.000000
1.93767405 2.09215093 -0.23429701 1516.000000 23.000000 3007.000000 0.000000
1.95795298 2.08821988 -0.23535299 1375.000000 20.000000 3040.000000 0.000000
1.98373103 2.08990097 -0.23717800 564.000000 8.000000 2321.000000 0.000000
2.94584394 2.16504693 -0.31188101 1323.000000 24.000000 2810.000000 0.000000
2.95585299 2.14458990 -0.31149700 1271.000000 23.000000 2382.000000 0.000000
2.97138190 2.12815404 -0.31178501 1464.000000 28.000000 3315.000000 0.000000
2.98763299 2.11218405 -0.31216899 1442.000000 27.000000 4331.000000 0.000000
2.13482094 -1.85888100 -0.23228100 914.000000 12.000000 3916.000000 0.000000
2.13010311 -1.87785995 -0.23314500 1919.000000 31.000000 3559.000000 0.000000
2.11259198 -1.88559997 -0.23237699 2183.000000 37.000000 3526.000000 0.000000
2.10468006 -1.90186000 -0.23285700 1687.000000 26.000000 3411.000000 0.000000
2.13415003 -1.95230603 -0.23823400 1440.000000 23.000000 2271.000000 0.000000
2.12505507 -1.96806598 -0.23861800 1317.000000 21.000000 2189.000000 0.000000
2.12529898 -1.99262500 -0.24025001 815.000000 12.000000 4053.000000 0.000000
-0.01538300 2.04605198 -0.20720699 762.000000 4.000000 3565.000000 0.000000
-0.00280600 2.01632690 -0.20358700 3075.000000 25.000000 2492.000000 0.000000
0.00947500 1.99943101 -0.20153600 3297.000000 29.000000 2377.000000 0.000000
0.02189200 2.01223898 -0.20310400 3148.000000 27.000000 2426.000000 0.000000
0.03415100 2.00710392 -0.20250100 2877.000000 22.000000 2426.000000 0.000000
0.04653600 2.00983405 -0.20286299 1477.000000 8.000000 3485.000000 0.000000
0.09934800 2.08046889 -0.21167099 2167.000000 14.000000 2932.000000 0.000000
0.11216600 2.08081102 -0.21179201 3317.000000 30.000000 2570.000000 0.000000
0.12529200 2.08602905 -0.21251500 3489.000000 33.000000 2615.000000 0.000000
0.13736100 2.07432604 -0.21118800 3814.000000 41.000000 3186.000000 0.000000
0.15059200 2.08037400 -0.21203300 3397.000000 31.000000 3352.000000 0.000000
0.16335399 2.07941103 -0.21203300 1925.000000 12.000000 3578.000000 0.000000
0.17898101 2.11199903 -0.21613500 151.000000 1.000000 4424.000000 0.000000
1.93050504 2.10896993 -0.30602399 1800.000000 19.000000 2613.000000 0.000000
1.94475901 2.09854102 -0.30626601 2506.000000 31.000000 2412.000000 0.000000
1.95352197 2.08222604 -0.30554199 2163.000000 23.000000 2422.000000 0.000000
1.99156797 2.09682107 -0.31000599 1563.000000 16.000000 3467.000000 0.000000
2.95647192 2.16967297 -0.40423900 1646.000000 21.000000 2362.000000 0.000000
2.95525503 2.14101291 -0.40206701 2088.000000 29.000000 2069.000000 0.000000
2.97398996 2.12687993 -0.40291199 873.000000 10.000000 1789.000000 0.000000
2.13775611 -1.86250806 -0.30312899 1728.000000 17.000000 3941.000000 0.000000
2.12554312 -1.87493300 -0.30300799 2828.000000 35.000000 3248.000000 0.000000
2.11473894 -1.88860095 -0.30312899 2943.000000 38.000000 2904.000000 0.000000
2.11047101 -1.90820301 -0.30433500 2141.000000 23.000000 2581.000000 0.000000
2.13531899 -1.95464694 -0.31036800 1908.000000 21.000000 1844.000000 0.000000
2.12546897 -1.96973705 -0.31073001 1848.000000 20.000000 2013.000000 0.000000
2.12636900 -1.99497402 -0.31290200 794.000000 7.000000 4320.000000 0.000000
-0.01551400 2.00294495 -0.24868800 597.000000 4.000000 4771.000000 0.000000
-0.00322100 2.00201297 -0.24854399 2329.000000 22.000000 3151.000000 0.000000
0.00908600 2.01090193 -0.24983700 2503.000000 25.000000 2787.000000 0.000000
0.02137300 2.00487089 -0.24897499 2647.000000 27.000000 2912.000000 0.000000
0.03367500 2.00470209 -0.24897499 2361.000000 23.000000 3107.000000 0.000000
0.04609900 2.01039410 -0.24983700 1041.000000 8.000000 4416.000000 0.000000
0.09934100 2.09466600 -0.26233599 1278.000000 12.000000 3828.000000 0.000000
0.11127200 2.07622695 -0.25975001 1797.000000 15.000000 2610.000000 0.000000
0.12446700 2.08340907 -0.26089999 2563.000000 31.000000 3042.000000 0.000000
0.13661601 2.07273006 -0.25946301 2719.000000 29.000000 3742.000000 0.000000
0.15023200 2.08468604 -0.26133099 2367.000000 27.000000 4086.000000 0.000000
0.16347200 2.08964610 -0.26219299 766.000000 7.000000 5298.000000 0.000000
1.93567502 2.11886501 -0.37453899 686.000000 10.000000 4300.000000 0.000000
1.93522000 2.09239888 -0.37166601 1589.000000 26.000000 3079.000000 0.000000
1.94802201 2.08048511 -0.37166601 1668.000000 28.000000 2967.000000 0.000000
1.96483004 2.07280803 -0.37252799 1247.000000 19.000000 3248.000000 0.000000
2.00214410 2.08645201 -0.37769899 501.000000 7.000000 5152.000000 0.000000
2.95692801 2.17637205 -0.49090800 1041.000000 18.000000 3199.000000 0.000000
2.95422602 2.14653611 -0.48803401 1496.000000 29.000000 2916.000000 0.000000
2.96412706 2.12605810 -0.48745999 1533.000000 29.000000 2683.000000 0.000000
2.98599410 2.11413002 -0.48903999 953.000000 17.000000 2891.000000 0.000000
2.12364292 -1.86957598 -0.36864901 1830.000000 29.000000 4112.000000 0.000000
2.09955692 -1.87139499 -0.36620599 2323.000000 41.000000 3393.000000 0.000000
2.08656406 -1.88291895 -0.36591899 2128.000000 36.000000 3237.000000 0.000000
2.11520696 -1.93234205 -0.37382099 1394.000000 22.000000 2544.000000 0.000000
2.11131191 -1.95266497 -0.37540099 1376.000000 22.000000 1946.000000 0.000000
2.10869408 -1.97436297 -0.37726799 1125.000000 17.000000 2758.000000 0.000000
-0.01501400 1.99246502 -0.29741001 1234.000000 7.000000 2103.000000 0.000000
-0.00279700 2.00434899 -0.29943001 2593.000000 19.000000 2023.000000 0.000000
0.00943800 1.99249899 -0.29741001 3098.000000 26.000000 2446.000000 0.000000
0.02176500 2.00127506 -0.29892501 3738.000000 39.000000 2924.000000 0.000000
0.03414900 2.00701690 -0.29993501 3240.000000 28.000000 2829.000000 0.000000
0.04679200 2.02056599 -0.30229101 1839.000000 11.000000 2887.000000 0.000000
0.05995600 2.04585910 -0.30666801 191.000000 1.000000 3220.000000 0.000000
0.09979500 2.08969903 -0.31441000 2201.000000 16.000000 2613.000000 0.000000
0.11256100 2.08806300 -0.31424201 2715.000000 22.000000 1864.000000 0.000000
0.12602800 2.09815598 -0.31609300 3865.000000 45.000000 3135.000000 0.000000
0.13850500 2.09144211 -0.31508401 3729.000000 42.000000 3399.000000 0.000000
0.15112001 2.08760405 -0.31457901 3058.000000 27.000000 3139.000000 0.000000
0.16431600 2.09155107 -0.31542000 3493.000000 36.000000 2835.000000 0.000000
0.17655900 2.08362794 -0.31424201 3291.000000 31.000000 3475.000000 0.000000
0.18691400 2.05600095 -0.30969700 2816.000000 22.000000 3531.000000 0.000000
0.19962201 2.05579710 -0.30986601 2929.000000 23.000000 3958.000000 0.000000
0.21274200 2.05943608 -0.31070700 2743.000000 21.000000 3828.000000 0.000000
0.22526699 2.05711198 -0.31053901 2814.000000 22.000000 4040.000000 0.000000
0.23925200 2.06744003 -0.31255901 1661.000000 11.000000 3724.000000 0.000000
1.93173802 2.11031604 -0.44569799 885.000000 8.000000 3720.000000 0.000000
1.94397998 2.09770107 -0.44552901 2183.000000 25.000000 2268.000000 0.000000
1.95546496 2.08429599 -0.44519299 2391.000000 29.000000 2369.000000 0.000000
1.96346295 2.06725788 -0.44401500 1737.000000 19.000000 2543.000000 0.000000
2.00960493 2.08997297 -0.45226201 343.000000 3.000000 4210.000000 0.000000
2.96450305 2.17556190 -0.58506501 936.000000 11.000000 1773.000000 0.000000
2.96262598 2.14634895 -0.58186698 1199.000000 14.000000 1832.000000 0.000000
2.99017501 2.13844609 -0.58489603 1613.000000 21.000000 2020.000000 0.000000
2.99840808 2.11665010 -0.58388603 1243.000000 15.000000 2097.000000 0.000000
2.11622691 -1.84373403 -0.43643999 1979.000000 20.000000 3484.000000 0.000000
2.12039208 -1.87038505 -0.43997499 2957.000000 38.000000 3277.000000 0.000000
2.10887599 -1.88336003 -0.43997499 2885.000000 37.000000 2838.000000 0.000000
2.09289503 -1.89229596 -0.43896499 2206.000000 24.000000 2324.000000 0.000000
2.12485194 -1.94505703 -0.44906399 1855.000000 20.000000 1788.000000 0.000000
2.11721396 -1.96208000 -0.45007399 1968.000000 22.000000 1834.000000 0.000000
2.10585308 -1.97570896 -0.45024201 910.000000 8.000000 3124.000000 0.000000
-0.01767300 2.01122093 -0.34898400 1101.000000 8.000000 2985.000000 0.000000
-0.00529600 2.00343990 -0.34745201 2119.000000 19.000000 2598.000000 0.000000
0.00697900 1.99165702 -0.34515399 2308.000000 22.000000 2659.000000 0.000000
0.01920700 1.99255800 -0.34534600 2392.000000 23.000000 2648.000000 0.000000
0.03142000 1.99142098 -0.34515399 2287.000000 22.000000 2962.000000 0.000000
0.04387300 2.00296688 -0.34745201 1643.000000 14.000000 3393.000000 0.000000
0.05585500 1.99088597 -0.34515399 164.000000 1.000000 5387.000000 0.000000
0.08400700 2.08714700 -0.36411199 1106.000000 10.000000 3918.000000 0.000000
0.09650600 2.07972908 -0.36277199 2171.000000 24.000000 3128.000000 0.000000
0.10936500 2.08105803 -0.36315501 2320.000000 26.000000 2669.000000 0.000000
0.12268800 2.09014702 -0.36506999 3002.000000 40.000000 4069.000000 0.000000
0.13514100 2.08347702 -0.36392099 2610.000000 32.000000 3888.000000 0.000000
0.14731300 2.07379603 -0.36219701 1265.000000 12.000000 3938.000000 0.000000
1.94325602 2.10549498 -0.51558399 971.000000 14.000000 3560.000000 0.000000
1.94008005 2.07629800 -0.51098800 1614.000000 27.000000 2755.000000 0.000000
1.95480394 2.06649709 -0.51156300 1535.000000 25.000000 2745.000000 0.000000
1.98032701 2.06795001 -0.51520097 970.000000 15.000000 3987.000000 0.000000
2.95171189 2.14940000 -0.66897100 636.000000 10.000000 1804.000000 0.000000
2.95847392 2.12665892 -0.66743898 724.000000 12.000000 2222.000000 0.000000
2.98266506 2.11643004 -0.67012000 1204.000000 22.000000 2202.000000 0.000000
2.97792196 2.08568192 -0.66590703 609.000000 10.000000 2515.000000 0.000000
2.11194706 -1.85542798 -0.50505197 1647.000000 26.000000 3885.000000 0.000000
2.09611702 -1.86444402 -0.50390297 2220.000000 38.000000 3321.000000 0.000000
2.08682799 -1.87923706 -0.50447798 1868.000000 30.000000 2840.000000 0.000000
2.10793805 -1.92171800 -0.51309502 1360.000000 22.000000 2466.000000 0.000000
2.10332894 -1.94126201 -0.51501000 1268.000000 20.000000 1750.000000 0.000000
2.09640408 -1.95881498 -0.51634997 1260.000000 20.000000 1987.000000 0.000000
2.08505988 -1.97231495 -0.51654202 656.000000 9.000000 3322.000000 0.000000
-0.02706000 2.00506997 -0.39890599 949.000000 5.000000 3016.000000 0.000000
-0.01482900 2.01593900 -0.40127900 637.000000 3.000000 3560.000000 0.000000
-0.00244700 1.99451005 -0.39653200 2273.000000 15.000000 2463.000000 0.000000
0.00978100 1.99253500 -0.39610100 2684.000000 20.000000 2005.000000 0.000000
0.02200700 1.99243701 -0.39610100 2837.000000 22.000000 2232.000000 0.000000
0.03424900 1.99324095 -0.39631701 2856.000000 22.000000 2355.000000 0.000000
0.04659600 1.99787402 -0.39739501 1927.000000 12.000000 2602.000000 0.000000
0.06152900 2.08636689 -0.41702899 403.000000 2.000000 3304.000000 0.000000
0.07422300 2.08302307 -0.41638201 1605.000000 10.000000 2691.000000 0.000000
0.08696200 2.08155298 -0.41616601 2375.000000 18.000000 2048.000000 0.000000
0.09977900 2.08195496 -0.41638201 3061.000000 27.000000 2223.000000 0.000000
0.11313900 2.09202909 -0.41875499 3278.000000 31.000000 3008.000000 0.000000
0.12591401 2.09032011 -0.41854000 3146.000000 29.000000 3134.000000 0.000000
0.13860700 2.08755994 -0.41810799 1351.000000 8.000000 3301.000000 0.000000
1.94611597 2.09927607 -0.58834100 1639.000000 17.000000 2370.000000 0.000000
1.94692600 2.07448411 -0.58445698 2370.000000 29.000000 2133.000000 0.000000
1.96365595 2.06674409 -0.58575201 2095.000000 24.000000 2209.000000 0.000000
1.98171794 2.06028390 -0.58747798 935.000000 9.000000 2801.000000 0.000000
2.98991203 2.19339800 -0.77518702 523.000000 5.000000 1530.000000 0.000000
2.98116493 2.15898299 -0.76914603 428.000000 4.000000 1308.000000 0.000000
2.98164296 2.13156796 -0.76569402 175.000000 1.000000 1279.000000 0.000000
2.99865603 2.11604691 -0.76677299 387.000000 4.000000 1178.000000 0.000000
2.12119389 -1.84870994 -0.57755297 1692.000000 18.000000 3159.000000 0.000000
2.10688305 -1.85910499 -0.57669002 2809.000000 38.000000 3034.000000 0.000000
2.09762001 -1.87395000 -0.57733703 2903.000000 40.000000 2643.000000 0.000000
2.09187293 -1.89202797 -0.57906401 2001.000000 23.000000 2330.000000 0.000000
2.11117697 -1.93319798 -0.58834100 1654.000000 17.000000 1525.000000 0.000000
2.09784389 -1.94478798 -0.58791000 1651.000000 17.000000 1633.000000 0.000000
2.09725809 -1.96832001 -0.59136200 1341.000000 13.000000 1775.000000 0.000000
-0.00793600 1.98345006 -0.44276401 968.000000 7.000000 4345.000000 0.000000
0.00423700 1.99608600 -0.44586700 2043.000000 19.000000 2962.000000 0.000000
0.01647800 1.99505103 -0.44562799 1981.000000 18.000000 2495.000000 0.000000
0.02873100 1.99588299 -0.44586700 2212.000000 21.000000 3004.000000 0.000000
0.04110300 2.00246596 -0.44753799 2096.000000 19.000000 3022.000000 0.000000
0.05430000 2.03906703 -0.45660901 602.000000 4.000000 4706.000000 0.000000
0.06848500 2.09305000 -0.46997601 1328.000000 13.000000 3863.000000 0.000000
0.07956900 2.04503989 -0.45827901 1995.000000 18.000000 2728.000000 0.000000
0.09370500 2.08137989 -0.46735001 2256.000000 25.000000 2785.000000 0.000000
0.10666600 2.08464599 -0.46830499 2831.000000 37.000000 3637.000000 0.000000
0.11988500 2.09170890 -0.47021499 2407.000000 28.000000 3785.000000 0.000000
0.13307500 2.09674907 -0.47164699 1036.000000 9.000000 4136.000000 0.000000
1.95193303 2.09482694 -0.65902901 1377.000000 22.000000 2796.000000 0.000000
1.95277297 2.07007909 -0.65473199 1628.000000 27.000000 2657.000000 0.000000
1.96476805 2.05735493 -0.65449297 1583.000000 26.000000 2818.000000 0.000000
1.99690104 2.06553507 -0.66141599 799.000000 12.000000 3054.000000 0.000000
2.95860600 2.45277691 -0.89987999 69.000000 1.000000 1973.000000 0.000000
2.13177705 -1.86758900 -0.65186799 996.000000 15.000000 3432.000000 0.000000
2.09481907 -1.85811603 -0.64351302 1773.000000 30.000000 3321.000000 0.000000
2.08410096 -1.87158298 -0.64375198 1892.000000 33.000000 2844.000000 0.000000
2.07185888 -1.88368297 -0.64351302 1780.000000 31.000000 2982.000000 0.000000
2.07743192 -1.91211998 -0.64924198 1335.000000 21.000000 2875.000000 0.000000
2.09340501 -1.95061100 -0.65855098 1145.000000 17.000000 1970.000000 0.000000
2.07998204 -1.96208799 -0.65807402 1042.000000 16.000000 1921.000000 0.000000
2.06719995 -1.97414398 -0.65783501 381.000000 5.000000 1942.000000 0.000000
-0.00210300 1.99320805 -0.49783200 1819.000000 11.000000 2588.000000 0.000000
0.01016600 1.99993706 -0.49967301 2685.000000 20.000000 2111.000000 0.000000
0.02224300 1.98343599 -0.49520200 2536.000000 18.000000 1901.000000 0.000000
0.03467300 1.99773204 -0.49914700 2312.000000 16.000000 2146.000000 0.000000
0.04660400 1.98397899 -0.49546501 1997.000000 13.000000 2687.000000 0.000000
0.06216600 2.09551907 -0.52597600 899.000000 5.000000 3310.000000 0.000000
0.07428500 2.07485104 -0.52045298 2460.000000 19.000000 2359.000000 0.000000
0.08713700 2.07724810 -0.52124202 2879.000000 24.000000 2145.000000 0.000000
0.09992900 2.07763791 -0.52150500 3568.000000 38.000000 2976.000000 0.000000
0.11256900 2.07505894 -0.52097899 2821.000000 24.000000 3143.000000 0.000000
0.12500501 2.06951404 -0.51966399 1693.000000 11.000000 3253.000000 0.000000
1.99674702 2.17975497 -0.76033700 1342.000000 13.000000 2423.000000 0.000000
1.96873295 2.12291408 -0.74376601 1832.000000 20.000000 2511.000000 0.000000
1.94736600 2.07423401 -0.73008901 2129.000000 25.000000 2126.000000 0.000000
1.95739698 2.05945110 -0.72903699 2210.000000 26.000000 1869.000000 0.000000
1.97535098 2.05296111 -0.73114097 1567.000000 16.000000 1856.000000 0.000000
2.00744200 2.06083488 -0.73876899 378.000000 3.000000 1387.000000 0.000000
2.04715896 2.07594395 -0.74928999 109.000000 1.000000 1319.000000 0.000000
2.12394500 -1.80634499 -0.71456999 1573.000000 16.000000 2224.000000 0.000000
2.10259008 -1.81052494 -0.71088701 1780.000000 18.000000 2119.000000 0.000000
2.08853412 -1.82085395 -0.70983499 2004.000000 21.000000 2121.000000 0.000000
2.07804489 -1.83427405 -0.71009803 2021.000000 21.000000 2136.000000 0.000000
2.07106495 -1.85084999 -0.71167600 2529.000000 32.000000 2364.000000 0.000000
2.06110001 -1.86481798 -0.71220303 2612.000000 34.000000 2279.000000 0.000000
2.05601907 -1.88329697 -0.71456999 1771.000000 19.000000 1597.000000 0.000000
2.05503201 -1.90572298 -0.71851498 1489.000000 15.000000 1558.000000 0.000000
2.07423401 -1.94736600 -0.73008901 1337.000000 13.000000 1521.000000 0.000000
0.00114300 1.99606204 -0.54886198 1832.000000 16.000000 3075.000000 0.000000
0.01338200 1.99410105 -0.54829001 2087.000000 19.000000 2770.000000 0.000000
0.02561700 1.99398100 -0.54829001 2113.000000 20.000000 2656.000000 0.000000
0.03803000 2.00432706 -0.55143303 2062.000000 19.000000 2870.000000 0.000000
0.05046100 2.00980401 -0.55314702 1454.000000 12.000000 3456.000000 0.000000
0.06472500 2.07555199 -0.57285899 1168.000000 11.000000 3528.000000 0.000000
0.07674700 2.05500388 -0.56686002 2145.000000 24.000000 2813.000000 0.000000
0.09034900 2.07843208 -0.57400203 2910.000000 38.000000 3330.000000 0.000000
0.10287200 2.07305193 -0.57257402 3048.000000 42.000000 3727.000000 0.000000
0.11615700 2.08290792 -0.57571602 2588.000000 32.000000 4120.000000 0.000000
0.12905000 2.08406997 -0.57628798 990.000000 9.000000 4016.000000 0.000000
2.01731706 2.19891691 -0.84340602 1132.000000 18.000000 2085.000000 0.000000
1.95913601 2.10916090 -0.81198001 1279.000000 20.000000 2128.000000 0.000000
1.95565295 2.07962394 -0.80483800 1497.000000 24.000000 2495.000000 0.000000
1.96639705 2.06550002 -0.80398101 1669.000000 28.000000 2524.000000 0.000000
1.97372103 2.04786801 -0.80169600 1469.000000 24.000000 2595.000000 0.000000
2.07178998 2.12363791 -0.83826399 872.000000 14.000000 2597.000000 0.000000
2.09047699 -1.80331302 -0.77684098 1323.000000 21.000000 2178.000000 0.000000
2.08226299 -1.81862402 -0.77798402 1674.000000 28.000000 2311.000000 0.000000
2.07106495 -1.83136594 -0.77798402 1511.000000 25.000000 2148.000000 0.000000
2.06050396 -1.84467697 -0.77826899 1548.000000 26.000000 2118.000000 0.000000
2.05767894 -1.86499596 -0.78169799 1438.000000 23.000000 2086.000000 0.000000
2.05892301 -1.88923097 -0.78684002 1210.000000 19.000000 1929.000000 0.000000
2.06346297 -1.91680706 -0.79341102 1363.000000 22.000000 1783.000000 0.000000
2.05795407 -1.93533194 -0.79598200 1458.000000 24.000000 2058.000000 0.000000
-0.00038900 1.98939598 -0.60129303 1328.000000 7.000000 2779.000000 0.000000
0.01175500 1.97985303 -0.59819400 2322.000000 16.000000 2100.000000 0.000000
0.02390300 1.97974396 -0.59819400 2344.000000 16.000000 1930.000000 0.000000
0.03605000 1.97956002 -0.59819400 2332.000000 16.000000 2160.000000 0.000000
0.04879100 2.00306392 -0.60594100 2081.000000 14.000000 2538.000000 0.000000
0.06285700 2.05974603 -0.62453097 1056.000000 6.000000 3124.000000 0.000000
0.07450200 2.03271794 -0.61585599 2077.000000 15.000000 2024.000000 0.000000
0.08874800 2.07306790 -0.62917900 3296.000000 32.000000 2685.000000 0.000000
0.10142000 2.07153511 -0.62886900 3147.000000 29.000000 2833.000000 0.000000
0.11396900 2.06802607 -0.62794000 2895.000000 25.000000 3607.000000 0.000000
0.12747900 2.08057308 -0.63227803 1413.000000 9.000000 2974.000000 0.000000
2.00585890 2.21299100 -0.92632198 1704.000000 20.000000 2030.000000 0.000000
1.96280301 2.13901997 -0.89905602 1898.000000 21.000000 1533.000000 0.000000
1.96941602 2.11997294 -0.89595699 1887.000000 21.000000 1468.000000 0.000000
1.97456706 2.09954095 -0.89223897 1876.000000 21.000000 1842.000000 0.000000
1.96379805 2.06260800 -0.88108498 2058.000000 24.000000 1951.000000 0.000000
1.97575700 2.04983497 -0.88077497 2118.000000 25.000000 2102.000000 0.000000
2.07333207 2.12473798 -0.92043501 1543.000000 17.000000 2135.000000 0.000000
-0.00262500 1.99249899 -0.65364701 800.000000 7.000000 2769.000000 0.000000
0.00959000 1.98870397 -0.65231901 1727.000000 15.000000 2656.000000 0.000000
0.02180100 1.98955095 -0.65265101 1679.000000 14.000000 2179.000000 0.000000
0.03397900 1.98749399 -0.65198702 1923.000000 17.000000 2521.000000 0.000000
0.04633400 1.99479198 -0.65464300 1721.000000 18.000000 2728.000000 0.000000
0.06009300 2.05010295 -0.67423099 992.000000 9.000000 2995.000000 0.000000
0.07330200 2.06855106 -0.68087101 1461.000000 14.000000 2505.000000 0.000000
0.08588100 2.06523490 -0.67987502 2186.000000 24.000000 2717.000000 0.000000
0.09893900 2.07314992 -0.68286300 2919.000000 39.000000 3416.000000 0.000000
0.11165800 2.07250404 -0.68286300 2300.000000 26.000000 3394.000000 0.000000
0.12519300 2.08590508 -0.68784302 1269.000000 12.000000 3138.000000 0.000000
-0.00004600 1.98932600 -0.70954400 976.000000 6.000000 2103.000000 0.000000
0.01218500 1.99302697 -0.71096802 2029.000000 14.000000 2021.000000 0.000000
0.02430500 1.98450506 -0.70776302 2171.000000 16.000000 1915.000000 0.000000
0.03648200 1.98431897 -0.70776302 2186.000000 16.000000 2145.000000 0.000000
0.04896300 1.99620199 -0.71239197 2061.000000 15.000000 2305.000000 0.000000
0.06197100 2.02014804 -0.72165102 1529.000000 10.000000 2645.000000 0.000000
0.07461100 2.02626610 -0.72414303 2045.000000 14.000000 1786.000000 0.000000
0.08916000 2.07431507 -0.74265999 2883.000000 25.000000 2424.000000 0.000000
0.10179400 2.07186198 -0.74194801 3311.000000 32.000000 2976.000000 0.000000
0.11398200 2.06186891 -0.73838699 2468.000000 19.000000 2965.000000 0.000000
0.12819500 2.08631301 -0.74800098 1403.000000 9.000000 2477.000000 0.000000
0.00480100 2.00356507 -0.76810598 1341.000000 13.000000 2360.000000 0.000000
0.01693900 1.97942400 -0.75828701 1785.000000 19.000000 2256.000000 0.000000
0.02916600 1.98576295 -0.76093000 1765.000000 18.000000 2250.000000 0.000000
0.04161000 1.99943399 -0.76659602 1743.000000 18.000000 2541.000000 0.000000
0.05406200 2.00654602 -0.76961702 1571.000000 16.000000 2734.000000 0.000000
0.06766400 2.04782391 -0.78661299 1724.000000 18.000000 2502.000000 0.000000
0.08064100 2.05847311 -0.79114503 1780.000000 18.000000 2090.000000 0.000000
0.09375100 2.06904101 -0.79567701 2366.000000 28.000000 2586.000000 0.000000
0.10639900 2.06750202 -0.79529899 2491.000000 30.000000 3040.000000 0.000000
0.11923700 2.06958294 -0.79643202 1677.000000 17.000000 2691.000000 0.000000
0.01320100 1.99117899 -0.82359397 1625.000000 11.000000 1897.000000 0.000000
0.02536900 1.98739803 -0.82198602 1703.000000 11.000000 1715.000000 0.000000
0.03770700 1.99452901 -0.82520097 1800.000000 12.000000 1803.000000 0.000000
0.05020300 2.00432992 -0.82962000 1734.000000 12.000000 1977.000000 0.000000
0.06267600 2.00947595 -0.83203101 1470.000000 9.000000 2011.000000 0.000000
0.07552600 2.02277994 -0.83805799 1842.000000 13.000000 2269.000000 0.000000
0.08846200 2.03417110 -0.84328097 1833.000000 13.000000 2179.000000 0.000000
0.10200000 2.05462503 -0.85252202 1675.000000 11.000000 2167.000000 0.000000
0.11476000 2.05670309 -0.85372800 1618.000000 11.000000 2359.000000 0.000000
0.12772000 2.06144404 -0.85613799 1418.000000 9.000000 1796.000000 0.000000
0.01190700 2.00026894 -0.88290697 1558.000000 16.000000 2170.000000 0.000000
0.02398100 1.98022401 -0.87360299 1841.000000 20.000000 2193.000000 0.000000
0.03632100 1.99181795 -0.87910098 1718.000000 18.000000 2309.000000 0.000000
0.04854200 1.99155700 -0.87910098 1914.000000 21.000000 2429.000000 0.000000
0.06143000 2.01477289 -0.89009702 1689.000000 17.000000 2310.000000 0.000000
0.07382200 2.01526403 -0.89051998 1862.000000 20.000000 2128.000000 0.000000
0.08644400 2.02111101 -0.89348102 1812.000000 19.000000 2597.000000 0.000000
0.09956400 2.03592992 -0.90067101 1657.000000 17.000000 2708.000000 0.000000
0.11430800 2.07781100 -0.92054898 1076.000000 10.000000 1879.000000 0.000000
0.12587801 2.05716896 -0.91124398 1388.000000 13.000000 2024.000000 0.000000
0.14156900 2.10337806 -0.93323702 1231.000000 13.000000 1930.000000 0.000000
0.01486800 1.98542094 -0.93950599 1937.000000 14.000000 1977.000000 0.000000
0.02707600 1.98708200 -0.94039899 1914.000000 13.000000 2185.000000 0.000000
0.03930500 1.98866701 -0.94129300 2036.000000 15.000000 2157.000000 0.000000
0.05164900 1.99375498 -0.94397300 1998.000000 14.000000 2575.000000 0.000000
0.06423300 2.00413108 -0.94933200 1944.000000 14.000000 2716.000000 0.000000
0.07746700 2.02783799 -0.96139300 2354.000000 18.000000 2640.000000 0.000000
0.09011000 2.03179407 -0.96362603 2065.000000 15.000000 2052.000000 0.000000
0.10307800 2.04103088 -0.96853900 1950.000000 14.000000 2134.000000 0.000000
0.23529300 -2.35353899 -0.01894900 2763.000000 26.000000 4142.000000 0.000000
0.22056900 -2.35195208 -0.01887600 2737.000000 25.000000 3825.000000 0.000000
0.20700100 -2.36321998 -0.01912000 3283.000000 35.000000 3952.000000 0.000000
0.15180101 -2.01499295 -0.10680800 3448.000000 32.000000 2634.000000 0.000000
0.13970700 -2.01986599 -0.10709800 3690.000000 37.000000 2579.000000 0.000000
0.11401400 -2.00549603 -0.10593700 2729.000000 20.000000 2470.000000 0.000000
0.10375000 -2.04699898 -0.10891200 442.000000 2.000000 2724.000000 0.000000
0.16074800 -1.98810101 -0.15162399 1029.000000 8.000000 4650.000000 0.000000
0.15044799 -2.01386094 -0.15402500 2532.000000 25.000000 2900.000000 0.000000
0.13829800 -2.01772499 -0.15431300 2898.000000 32.000000 2970.000000 0.000000
0.12572400 -2.01555610 -0.15402500 2615.000000 27.000000 2736.000000 0.000000
0.11318100 -2.01330900 -0.15373699 2257.000000 21.000000 2675.000000 0.000000
0.10216900 -2.03980994 -0.15623300 1616.000000 13.000000 3148.000000 0.000000
0.08974200 -2.04238701 -0.15642500 967.000000 7.000000 2745.000000 0.000000
0.24532799 -1.87226701 -0.18802200 3141.000000 25.000000 2621.000000 0.000000
0.23518001 -1.88457298 -0.18934900 3479.000000 31.000000 2208.000000 0.000000
0.22233400 -1.87513602 -0.18802200 3139.000000 25.000000 1934.000000 0.000000
0.21016300 -1.87054598 -0.18729800 2335.000000 15.000000 1590.000000 0.000000
0.19878601 -1.87278700 -0.18741900 2307.000000 15.000000 1509.000000 0.000000
0.19356500 -1.93719399 -0.19514100 2478.000000 17.000000 1608.000000 0.000000
0.17983501 -1.91857696 -0.19272800 755.000000 4.000000 2932.000000 0.000000
0.16114800 -1.98099697 -0.20008799 2403.000000 17.000000 2253.000000 0.000000
0.15120199 -2.01164699 -0.20370799 3067.000000 25.000000 2073.000000 0.000000
0.13919500 -2.01748896 -0.20431100 3257.000000 28.000000 2025.000000 0.000000
0.12650500 -2.01335096 -0.20370799 3054.000000 25.000000 2176.000000 0.000000
0.11414900 -2.01409006 -0.20370799 1940.000000 12.000000 2355.000000 0.000000
0.10277800 -2.03458095 -0.20612100 197.000000 1.000000 2217.000000 0.000000
0.24986500 -1.90554404 -0.23690701 2319.000000 22.000000 3815.000000 0.000000
0.23692200 -1.89722395 -0.23547100 3215.000000 39.000000 3625.000000 0.000000
0.22598800 -1.90453696 -0.23633300 3406.000000 44.000000 3358.000000 0.000000
0.21373500 -1.90097201 -0.23561400 3203.000000 38.000000 2909.000000 0.000000
0.20206700 -1.90224802 -0.23561400 3175.000000 38.000000 3295.000000 0.000000
0.19260199 -1.92511106 -0.23877500 2355.000000 23.000000 3302.000000 0.000000
0.18428200 -1.96270502 -0.24409100 1163.000000 9.000000 2879.000000 0.000000
0.17232400 -1.96478498 -0.24423400 176.000000 1.000000 2747.000000 0.000000
0.16150001 -1.98059797 -0.24638900 1115.000000 8.000000 3019.000000 0.000000
0.15163399 -2.01115203 -0.25069901 2467.000000 24.000000 2534.000000 0.000000
0.13929100 -2.01204491 -0.25069901 2492.000000 25.000000 2445.000000 0.000000
0.12713499 -2.01582408 -0.25113001 2587.000000 26.000000 2583.000000 0.000000
0.11429900 -2.00866294 -0.24998100 2375.000000 23.000000 2787.000000 0.000000
0.10238800 -2.01723194 -0.25113001 875.000000 6.000000 2603.000000 0.000000
0.23866101 -1.91263103 -0.28630099 3002.000000 24.000000 2351.000000 0.000000
0.22749799 -1.91895401 -0.28714299 3218.000000 28.000000 2307.000000 0.000000
0.21637601 -1.92619097 -0.28815299 2823.000000 22.000000 1949.000000 0.000000
0.20403600 -1.92258096 -0.28731099 3413.000000 31.000000 2658.000000 0.000000
0.19184600 -1.91987300 -0.28663799 2977.000000 24.000000 2686.000000 0.000000
0.18362400 -1.95929301 -0.29320201 1143.000000 6.000000 3139.000000 0.000000
0.17364600 -1.98395097 -0.29724199 526.000000 2.000000 3359.000000 0.000000
0.16361000 -2.01150799 -0.30178601 2464.000000 17.000000 2078.000000 0.000000
0.15133700 -2.01345706 -0.30195501 2713.000000 20.000000 1640.000000 0.000000
0.13844199 -2.00647998 -0.30060801 2856.000000 22.000000 1841.000000 0.000000
0.12649500 -2.01319504 -0.30161801 2642.000000 19.000000 1862.000000 0.000000
0.11386500 -2.00901198 -0.30077699 1813.000000 11.000000 2768.000000 0.000000
0.24202301 -1.92152405 -0.33443099 1137.000000 9.000000 3556.000000 0.000000
0.23058400 -1.92589498 -0.33500499 1952.000000 17.000000 2540.000000 0.000000
0.21808700 -1.92142403 -0.33385599 2339.000000 22.000000 2406.000000 0.000000
0.20682700 -1.92760396 -0.33481401 1993.000000 18.000000 2114.000000 0.000000
0.19549900 -1.93371904 -0.33577099 2268.000000 21.000000 2322.000000 0.000000
0.18580800 -1.95735097 -0.34017500 2605.000000 27.000000 2886.000000 0.000000
0.17326200 -1.95258904 -0.33902600 1252.000000 10.000000 3197.000000 0.000000
0.16169199 -1.95850599 -0.33998400 1343.000000 11.000000 3374.000000 0.000000
0.15304700 -2.00251389 -0.34841001 2254.000000 21.000000 2185.000000 0.000000
0.13955501 -1.98677397 -0.34515399 1856.000000 16.000000 2071.000000 0.000000
0.12813801 -1.99934494 -0.34745201 2065.000000 19.000000 2225.000000 0.000000
0.11299200 -1.95208704 -0.33806899 1449.000000 12.000000 2083.000000 0.000000
0.10454200 -2.01840806 -0.35089901 527.000000 3.000000 4447.000000 0.000000
0.22952101 -1.93898702 -0.38725501 2137.000000 14.000000 3258.000000 0.000000
0.21642900 -1.92968404 -0.38488099 2943.000000 24.000000 3149.000000 0.000000
0.20581201 -1.94262898 -0.38747001 3580.000000 35.000000 3206.000000 0.000000
0.19321400 -1.93705297 -0.38596001 3135.000000 27.000000 2375.000000 0.000000
0.18069300 -1.93139696 -0.38444999 2956.000000 24.000000 2804.000000 0.000000
0.17170601 -1.96554399 -0.39178601 2407.000000 17.000000 2732.000000 0.000000
0.15972100 -1.96753395 -0.39200100 2507.000000 18.000000 1672.000000 0.000000
0.14851400 -1.98016202 -0.39458999 2465.000000 17.000000 1597.000000 0.000000
0.13742299 -1.99662304 -0.39804301 2283.000000 15.000000 1735.000000 0.000000
0.12214800 -1.94869995 -0.38725501 1242.000000 7.000000 1747.000000 0.000000
0.11263900 -1.99328494 -0.39696401 1100.000000 6.000000 3304.000000 0.000000
0.21120501 -1.94288695 -0.43560299 2136.000000 20.000000 3900.000000 0.000000
0.19917899 -1.94318104 -0.43536401 3081.000000 36.000000 4144.000000 0.000000
0.18649200 -1.93663502 -0.43345401 2636.000000 27.000000 3009.000000 0.000000
0.17505100 -1.94257796 -0.43464801 2942.000000 33.000000 3668.000000 0.000000
0.16304500 -1.94264805 -0.43440899 2645.000000 28.000000 3515.000000 0.000000
0.15413500 -1.98136401 -0.44371900 1997.000000 18.000000 2635.000000 0.000000
0.14161800 -1.97742999 -0.44252500 2514.000000 25.000000 2081.000000 0.000000
0.13007000 -1.98698199 -0.44467300 2308.000000 22.000000 2485.000000 0.000000
0.11609300 -1.95866501 -0.43751201 1043.000000 8.000000 2213.000000 0.000000
0.10696000 -2.01169896 -0.45040199 468.000000 3.000000 3265.000000 0.000000
0.21634300 -1.93192899 -0.48441699 999.000000 5.000000 3867.000000 0.000000
0.20327500 -1.92170596 -0.48126099 2340.000000 16.000000 3563.000000 0.000000
0.19204900 -1.92867804 -0.48283899 3056.000000 25.000000 3137.000000 0.000000
0.18047900 -1.93270195 -0.48362800 2959.000000 24.000000 2403.000000 0.000000
0.16828400 -1.92992795 -0.48257601 3033.000000 25.000000 2843.000000 0.000000
0.15759800 -1.94535005 -0.48652199 2434.000000 17.000000 2775.000000 0.000000
0.14630000 -1.95493901 -0.48888901 2407.000000 17.000000 1960.000000 0.000000
0.13495700 -1.96542597 -0.49151900 2167.000000 14.000000 1654.000000 0.000000
0.12253700 -1.96043897 -0.48994100 1215.000000 7.000000 1693.000000 0.000000
0.11254400 -1.99776006 -0.49993601 369.000000 2.000000 3912.000000 0.000000
0.20103200 -1.93196499 -0.53286302 1932.000000 17.000000 4104.000000 0.000000
0.18879201 -1.92934799 -0.53171998 3175.000000 38.000000 4217.000000 0.000000
0.17704000 -1.93142498 -0.53200603 2888.000000 32.000000 3339.000000 0.000000
0.16518600 -1.93247402 -0.53200603 2910.000000 32.000000 3255.000000 0.000000
0.15379100 -1.93918300 -0.53372002 3048.000000 35.000000 3666.000000 0.000000
0.14397401 -1.96780300 -0.54200500 1952.000000 17.000000 3121.000000 0.000000
0.13196300 -1.96960497 -0.54229099 1920.000000 17.000000 2166.000000 0.000000
0.12041700 -1.97898602 -0.54486197 1217.000000 9.000000 2320.000000 0.000000
0.10859700 -1.98542798 -0.54657602 737.000000 5.000000 3330.000000 0.000000
0.20092300 -1.91518295 -0.58053303 1456.000000 8.000000 3342.000000 0.000000
0.18944600 -1.91921794 -0.58146298 2778.000000 22.000000 3591.000000 0.000000
0.17810100 -1.92507899 -0.58301198 3058.000000 26.000000 3013.000000 0.000000
0.16604300 -1.92329299 -0.58208197 2757.000000 21.000000 2529.000000 0.000000
0.15423800 -1.92427599 -0.58208197 2767.000000 21.000000 2759.000000 0.000000
0.14208101 -1.92044497 -0.58053303 2140.000000 14.000000 2671.000000 0.000000
0.13392401 -1.97535396 -0.59819400 1615.000000 10.000000 1834.000000 0.000000
0.12174300 -1.97518897 -0.59788501 1741.000000 11.000000 2002.000000 0.000000
0.10972500 -1.97779799 -0.59850401 591.000000 3.000000 2126.000000 0.000000
0.24170899 -2.03954101 -0.67522699 375.000000 3.000000 1799.000000 0.000000
0.20987099 -1.97951996 -0.65298301 686.000000 6.000000 2145.000000 0.000000
0.19160201 -1.92071104 -0.63173503 1938.000000 17.000000 3892.000000 0.000000
0.17981300 -1.92185104 -0.63173503 2671.000000 28.000000 4290.000000 0.000000
0.16759700 -1.91822004 -0.63007498 2278.000000 22.000000 2801.000000 0.000000
0.15613700 -1.92297304 -0.63140303 2533.000000 26.000000 2945.000000 0.000000
0.14433500 -1.92389405 -0.63140303 2609.000000 27.000000 3192.000000 0.000000
0.13433000 -1.95014799 -0.64036697 1649.000000 14.000000 2761.000000 0.000000
0.12339900 -1.96693802 -0.64601099 1317.000000 10.000000 2006.000000 0.000000
0.11414400 -2.01568294 -0.66294301 1086.000000 10.000000 1769.000000 0.000000
0.10380200 -2.05496693 -0.67655498 553.000000 4.000000 1370.000000 0.000000
0.24081600 -2.17225409 -0.78432202 1522.000000 11.000000 2441.000000 0.000000
0.19992600 -1.90880096 -0.68283701 2290.000000 16.000000 3611.000000 0.000000
0.18893801 -1.91743195 -0.68568599 3229.000000 29.000000 3930.000000 0.000000
0.17734000 -1.92041600 -0.68639803 2796.000000 22.000000 2619.000000 0.000000
0.16555300 -1.92146802 -0.68639803 2806.000000 22.000000 3044.000000 0.000000
0.15368600 -1.92151594 -0.68604201 2984.000000 25.000000 2874.000000 0.000000
0.14216600 -1.92615104 -0.68746603 2120.000000 14.000000 2426.000000 0.000000
0.13284101 -1.96428204 -0.70170999 1540.000000 9.000000 1663.000000 0.000000
0.12175000 -1.98091602 -0.70776302 1399.000000 9.000000 1788.000000 0.000000
0.20721300 -1.91181695 -0.73524803 1932.000000 18.000000 3679.000000 0.000000
0.19442099 -1.90292203 -0.73109400 2349.000000 23.000000 4012.000000 0.000000
0.18319400 -1.90868700 -0.73298198 1979.000000 18.000000 3242.000000 0.000000
0.17105500 -1.90516496 -0.73109400 2244.000000 22.000000 3073.000000 0.000000
0.15936200 -1.90617895 -0.73109400 1963.000000 18.000000 2810.000000 0.000000
0.14810400 -1.91265905 -0.73335999 1624.000000 14.000000 2715.000000 0.000000
0.13880600 -1.94677603 -0.74695599 1350.000000 11.000000 2115.000000 0.000000
0.12716900 -1.95220995 -0.74884498 1068.000000 10.000000 1678.000000 0.000000
0.11693900 -1.98160398 -0.76055300 1237.000000 12.000000 1775.000000 0.000000
0.10975600 -2.07289004 -0.79756498 629.000000 5.000000 1711.000000 0.000000
0.23095600 -1.98054898 -0.82479900 1250.000000 8.000000 2377.000000 0.000000
0.20761500 -1.87997901 -0.77979898 1776.000000 11.000000 3492.000000 0.000000
0.19588700 -1.87939501 -0.77899498 1787.000000 11.000000 3035.000000 0.000000
0.18470600 -1.88420796 -0.78060198 1962.000000 13.000000 2687.000000 0.000000
0.17339100 -1.88804102 -0.78180802 2375.000000 17.000000 3069.000000 0.000000
0.16180301 -1.88907003 -0.78180802 2367.000000 17.000000 3345.000000 0.000000
0.15013599 -1.88911402 -0.78140599 1931.000000 13.000000 2625.000000 0.000000
0.13953701 -1.90369999 -0.78743303 1672.000000 10.000000 2073.000000 0.000000
0.12985601 -1.93467295 -0.80069202 1383.000000 9.000000 1708.000000 0.000000
0.11831300 -1.94091797 -0.80310202 1392.000000 9.000000 2006.000000 0.000000
0.21166800 -1.90703905 -0.84484297 1256.000000 12.000000 1897.000000 0.000000
0.19832399 -1.89298499 -0.83765298 1324.000000 11.000000 1645.000000 0.000000
0.18552400 -1.88244498 -0.83215499 1415.000000 12.000000 1746.000000 0.000000
0.17431100 -1.88715696 -0.83384699 1273.000000 10.000000 1595.000000 0.000000
0.16216999 -1.88187206 -0.83088702 1514.000000 13.000000 1937.000000 0.000000
0.15084200 -1.88554096 -0.83215499 1687.000000 15.000000 2048.000000 0.000000
0.13913301 -1.88462400 -0.83130902 1404.000000 12.000000 1780.000000 0.000000
0.12769300 -1.88724995 -0.83215499 1381.000000 11.000000 1818.000000 0.000000
0.11628300 -1.89071095 -0.83342397 1360.000000 11.000000 1625.000000 0.000000
-1.97232199 -2.07729506 -0.16817801 2031.000000 21.000000 3329.000000 0.000000
-1.96221197 -2.04143500 -0.16578400 2655.000000 32.000000 3045.000000 0.000000
-1.97400498 -2.02864289 -0.16571200 2652.000000 32.000000 3161.000000 0.000000
-1.98641598 -2.01649189 -0.16571200 1645.000000 16.000000 3340.000000 0.000000
-1.95929396 -1.96473598 -0.16165000 720.000000 6.000000 3811.000000 0.000000
-1.97769296 -1.95899105 -0.16230200 1617.000000 16.000000 4047.000000 0.000000
-1.97755098 -1.93496704 -0.16106901 1779.000000 18.000000 4125.000000 0.000000
-1.94883299 -2.05303502 -0.23228100 923.000000 13.000000 3966.000000 0.000000
-1.96001506 -2.03960109 -0.23208900 1554.000000 24.000000 3571.000000 0.000000
-1.97457302 -2.02968001 -0.23237699 1725.000000 27.000000 3673.000000 0.000000
-1.98140895 -2.01184392 -0.23160900 1197.000000 17.000000 3652.000000 0.000000
-1.94400799 -2.07209492 -0.30385301 1322.000000 12.000000 2666.000000 0.000000
-1.95121396 -2.05437207 -0.30288699 2387.000000 27.000000 2784.000000 0.000000
-1.96309400 -2.04164600 -0.30276701 2486.000000 29.000000 3017.000000 0.000000
-1.97627699 -2.03027296 -0.30288699 2375.000000 27.000000 3073.000000 0.000000
-1.99078906 -2.02022910 -0.30324900 1043.000000 9.000000 2619.000000 0.000000
-1.94919395 -2.05626702 -0.36922300 1191.000000 17.000000 3885.000000 0.000000
-1.95903802 -2.04140902 -0.36864901 1823.000000 29.000000 3554.000000 0.000000
-1.97152698 -2.02935004 -0.36864901 1853.000000 30.000000 3461.000000 0.000000
-1.98532701 -2.01862693 -0.36893600 1197.000000 17.000000 4179.000000 0.000000
-1.93657196 -2.06417608 -0.44047999 1177.000000 10.000000 3841.000000 0.000000
-1.95259702 -2.05582690 -0.44132200 2388.000000 27.000000 2963.000000 0.000000
-1.96585798 -2.04451799 -0.44148999 2540.000000 32.000000 2853.000000 0.000000
-1.97492599 -2.02888703 -0.44064799 2104.000000 22.000000 3312.000000 0.000000
-1.98951197 -1.97000694 -0.43526199 2143.000000 23.000000 4343.000000 0.000000
-1.94672203 -2.05792999 -0.50926501 1293.000000 20.000000 3471.000000 0.000000
-1.95727897 -2.04381609 -0.50869000 1776.000000 30.000000 3209.000000 0.000000
-1.96978295 -2.03176808 -0.50869000 1820.000000 31.000000 3470.000000 0.000000
-1.98701799 -2.02455401 -0.51003098 1001.000000 15.000000 4041.000000 0.000000
-1.98251998 -1.97091305 -0.50198799 1174.000000 17.000000 4265.000000 0.000000
-1.98828197 -1.95251298 -0.50026500 1353.000000 20.000000 3951.000000 0.000000
-1.94492102 -2.07234907 -0.58380997 1853.000000 20.000000 3225.000000 0.000000
-1.94817901 -2.05047011 -0.58078998 2461.000000 31.000000 2780.000000 0.000000
-1.96072400 -2.03847790 -0.58078998 2381.000000 29.000000 2713.000000 0.000000
-1.98341799 -2.03689790 -0.58402598 1492.000000 15.000000 3411.000000 0.000000
-1.98549199 -1.98960698 -0.57690603 1682.000000 18.000000 3621.000000 0.000000
-1.99627399 -1.97601402 -0.57647401 2267.000000 25.000000 3576.000000 0.000000
-1.95809603 -2.07573795 -0.65664202 1542.000000 25.000000 3520.000000 0.000000
-1.95940995 -2.05172896 -0.65258402 1870.000000 33.000000 3355.000000 0.000000
-1.97668099 -2.04456210 -0.65425497 1726.000000 29.000000 3124.000000 0.000000
-1.97901499 -2.02197099 -0.65067399 708.000000 10.000000 3153.000000 0.000000
-1.99818397 -1.99204004 -0.64876401 1556.000000 26.000000 4015.000000 0.000000
-1.93132102 -2.08260894 -0.72877401 766.000000 7.000000 2537.000000 0.000000
-1.94076002 -2.06720400 -0.72745800 2369.000000 29.000000 2883.000000 0.000000
-1.95340705 -2.05525708 -0.72745800 2380.000000 29.000000 2750.000000 0.000000
-1.96665001 -2.04392695 -0.72772098 2337.000000 28.000000 2886.000000 0.000000
-1.98386896 -2.03665709 -0.72956300 605.000000 5.000000 2095.000000 0.000000
-1.95237505 -2.07612896 -0.80340999 1775.000000 31.000000 3561.000000 0.000000
-1.95913899 -2.05785489 -0.80083901 1923.000000 34.000000 3278.000000 0.000000
-1.97172904 -2.04579592 -0.80083901 2000.000000 36.000000 3442.000000 0.000000
-1.95776200 -2.10743999 -0.89038002 1926.000000 22.000000 2652.000000 0.000000
-1.94132996 -2.06423402 -0.87643701 2309.000000 28.000000 2650.000000 0.000000
-1.95002401 -2.04815412 -0.87457800 2194.000000 26.000000 2536.000000 0.000000
