1.76249397 1.69280696 -0.55590898 1674.000000 22.000000 185.000000 0.000000
1.77706802 1.68597806 -0.55734098 1867.000000 25.000000 193.000000 0.000000
1.78737903 1.67504203 -0.55734098 1713.000000 22.000000 185.000000 0.000000
1.80046999 1.66668701 -0.55829602 1793.000000 24.000000 188.000000 0.000000
1.84501100 1.68711805 -0.56975400 2590.000000 41.000000 236.000000 0.000000
1.85604799 1.67641699 -0.56999201 2613.000000 41.000000 222.000000 0.000000
1.86629999 1.66499698 -0.56999201 2239.000000 33.000000 196.000000 0.000000
1.89830804 1.67280900 -0.57715398 1581.000000 20.000000 212.000000 0.000000
1.90926695 1.66176903 -0.57739198 304.000000 3.000000 181.000000 0.000000
1.76552296 1.68406296 -0.61961597 1866.000000 16.000000 258.000000 0.000000
1.77441800 1.67187595 -0.61908901 2428.000000 24.000000 280.000000 0.000000
1.79029500 1.66621196 -0.62119401 1883.000000 16.000000 231.000000 0.000000
1.79835403 1.65323806 -0.62040502 1403.000000 11.000000 187.000000 0.000000
1.83490396 1.66615498 -0.63013703 2034.000000 18.000000 214.000000 0.000000
1.84581196 1.65550900 -0.63040000 1946.000000 17.000000 194.000000 0.000000
1.85593498 1.64415205 -0.63040000 2081.000000 19.000000 198.000000 0.000000
1.86961997 1.63590801 -0.63171500 2199.000000 20.000000 219.000000 0.000000
1.88692605 1.63071001 -0.63434500 1896.000000 16.000000 182.000000 0.000000
1.76803398 1.68261302 -0.68142098 1810.000000 24.000000 184.000000 0.000000
1.77483904 1.66844594 -0.67999202 2166.000000 31.000000 190.000000 0.000000
1.79205501 1.66405702 -0.68284899 1837.000000 25.000000 204.000000 0.000000
1.81280899 1.66276300 -0.68713498 1753.000000 23.000000 187.000000 0.000000
1.84425199 1.67094696 -0.69570500 2342.000000 35.000000 204.000000 0.000000
1.86587906 1.66984296 -0.70027602 2550.000000 40.000000 239.000000 0.000000
1.87393904 1.65645504 -0.69941902 2444.000000 37.000000 246.000000 0.000000
1.88911402 1.64934504 -0.70141900 2082.000000 30.000000 218.000000 0.000000
1.91514301 1.65151703 -0.70770401 1286.000000 16.000000 190.000000 0.000000
1.77322805 1.66787100 -0.74630100 2111.000000 19.000000 267.000000 0.000000
1.78482199 1.65825200 -0.74692100 2197.000000 20.000000 252.000000 0.000000
1.80057001 1.65241003 -0.74940002 1742.000000 15.000000 209.000000 0.000000
1.84027600 1.66813397 -0.76241302 1424.000000 11.000000 214.000000 0.000000
1.86890304 1.67329001 -0.77046901 2247.000000 21.000000 246.000000 0.000000
1.88626099 1.66808605 -0.77356797 2680.000000 28.000000 227.000000 0.000000
1.89359498 1.65398002 -0.77232802 2410.000000 23.000000 219.000000 0.000000
1.90298796 1.64171004 -0.77201802 2287.000000 22.000000 199.000000 0.000000
1.92533398 1.64047897 -0.77728599 928.000000 7.000000 165.000000 0.000000
1.75858796 1.65942800 -0.80337799 1285.000000 16.000000 166.000000 0.000000
1.77218199 1.65182805 -0.80503798 1458.000000 18.000000 168.000000 0.000000
1.78366899 1.64220297 -0.80570197 1486.000000 19.000000 155.000000 0.000000
1.82437098 1.65920401 -0.82030898 825.000000 9.000000 183.000000 0.000000
1.89320803 1.67996895 -0.84321702 1677.000000 22.000000 195.000000 0.000000
1.89356303 1.65960002 -0.83856899 1893.000000 26.000000 205.000000 0.000000
1.90869606 1.65227997 -0.84089297 1424.000000 18.000000 186.000000 0.000000
1.92953801 1.64974999 -0.84587300 1078.000000 15.000000 186.000000 0.000000
1.93674505 1.63543999 -0.84454501 776.000000 10.000000 196.000000 0.000000
1.77674794 1.67060006 -0.88082099 1247.000000 10.000000 252.000000 0.000000
1.77668905 1.65013397 -0.87548000 1588.000000 13.000000 225.000000 0.000000
1.78609204 1.63856995 -0.87512398 1651.000000 14.000000 204.000000 0.000000
1.81273901 1.64262998 -0.88366997 1395.000000 11.000000 229.000000 0.000000
1.92348003 1.63832796 -0.91429299 1896.000000 19.000000 171.000000 0.000000
1.92705798 1.62108397 -0.91108799 1297.000000 12.000000 159.000000 0.000000
1.77841997 1.62515497 -0.93352997 1241.000000 15.000000 158.000000 0.000000
1.80208397 1.62664402 -0.94108301 1053.000000 12.000000 199.000000 0.000000
1.90148103 1.65408301 -0.97885102 680.000000 9.000000 170.000000 0.000000
1.91790605 1.64782596 -0.98224998 1633.000000 25.000000 183.000000 0.000000
1.92939103 1.63722706 -0.98300600 1726.000000 27.000000 250.000000 0.000000
1.92876995 1.61641896 -0.97733998 1025.000000 14.000000 185.000000 0.000000
1.97141898 1.63176596 -0.99471402 600.000000 8.000000 236.000000 0.000000
1.99070203 1.62727201 -0.99962401 527.000000 7.000000 270.000000 0.000000
1.76313198 1.63585806 -1.00520205 1270.000000 10.000000 262.000000 0.000000
1.91331005 1.68962801 -1.06989002 711.000000 6.000000 208.000000 0.000000
1.90707099 1.66341901 -1.06024694 1085.000000 10.000000 165.000000 0.000000
1.91932404 1.65347803 -1.06145203 1582.000000 15.000000 180.000000 0.000000
1.92803800 1.64048398 -1.06064796 1561.000000 15.000000 164.000000 0.000000
1.93526196 1.62626803 -1.05904102 1165.000000 10.000000 196.000000 0.000000
1.76382196 1.69500995 -1.16953897 1174.000000 11.000000 259.000000 0.000000
1.78198004 1.69154298 -1.17489898 1208.000000 11.000000 219.000000 0.000000
1.79363203 1.68180001 -1.17579198 954.000000 8.000000 258.000000 0.000000
1.93104303 1.61988604 -1.20661199 1404.000000 13.000000 214.000000 0.000000
-0.04605400 1.76914704 -0.25937101 3317.000000 28.000000 147.000000 0.000000
-0.03427300 1.72110403 -0.25112301 2387.000000 15.000000 126.000000 0.000000
-0.02398100 1.74198103 -0.25465801 2563.000000 17.000000 154.000000 0.000000
-0.01318400 1.72632396 -0.25196499 2380.000000 15.000000 136.000000 0.000000
-0.00259200 1.72735798 -0.25213301 2790.000000 20.000000 181.000000 0.000000
0.00798100 1.72241294 -0.25129101 3171.000000 25.000000 147.000000 0.000000
0.01862900 1.72923100 -0.25246999 3602.000000 33.000000 159.000000 0.000000
0.02923900 1.72908401 -0.25246999 3657.000000 34.000000 218.000000 0.000000
0.03994100 1.73281395 -0.25314301 3821.000000 38.000000 232.000000 0.000000
0.05054300 1.73155105 -0.25297400 3882.000000 40.000000 247.000000 0.000000
0.06116700 1.73120797 -0.25297400 3874.000000 40.000000 201.000000 0.000000
0.07199600 1.73572397 -0.25381601 3696.000000 35.000000 195.000000 0.000000
0.08255000 1.73328102 -0.25347900 3420.000000 29.000000 151.000000 0.000000
0.09404200 1.74848998 -0.25617200 2577.000000 17.000000 172.000000 0.000000
0.10512700 1.75378394 -0.25718200 2588.000000 18.000000 164.000000 0.000000
-0.05784900 1.75024796 -0.29823801 1730.000000 12.000000 281.000000 0.000000
-0.04762300 1.76822901 -0.30168501 3366.000000 36.000000 233.000000 0.000000
-0.03668200 1.76456296 -0.30091900 3243.000000 33.000000 265.000000 0.000000
-0.02578800 1.76083004 -0.30015299 2917.000000 27.000000 218.000000 0.000000
-0.01578500 1.83554399 -0.31470701 1676.000000 12.000000 172.000000 0.000000
-0.00441400 1.81205106 -0.31011099 753.000000 4.000000 183.000000 0.000000
0.00657200 1.72469103 -0.29306799 1901.000000 14.000000 198.000000 0.000000
0.01721400 1.73247004 -0.29460001 2623.000000 23.000000 224.000000 0.000000
0.02768200 1.72055495 -0.29230201 2801.000000 25.000000 240.000000 0.000000
0.03814000 1.71544600 -0.29134399 2934.000000 28.000000 235.000000 0.000000
0.04851200 1.70929301 -0.29019499 2275.000000 18.000000 163.000000 0.000000
0.05871500 1.70013404 -0.28847200 1936.000000 14.000000 191.000000 0.000000
0.06948400 1.70856905 -0.29019499 1767.000000 13.000000 179.000000 0.000000
-0.04479800 1.73126805 -0.33849299 2299.000000 15.000000 178.000000 0.000000
-0.03487900 1.76860905 -0.34669200 3499.000000 31.000000 133.000000 0.000000
-0.02403900 1.76976597 -0.34690800 3594.000000 33.000000 194.000000 0.000000
-0.01320500 1.77378595 -0.34777099 2810.000000 20.000000 141.000000 0.000000
-0.00233200 1.79238605 -0.35187000 2589.000000 18.000000 165.000000 0.000000
0.00824200 1.71620500 -0.33504099 2443.000000 16.000000 158.000000 0.000000
0.01870400 1.71026301 -0.33374700 3180.000000 25.000000 140.000000 0.000000
0.02911000 1.70523500 -0.33266801 3336.000000 28.000000 162.000000 0.000000
0.03971300 1.71088099 -0.33396301 2993.000000 23.000000 187.000000 0.000000
0.04991600 1.70084500 -0.33180499 2289.000000 15.000000 148.000000 0.000000
0.06028100 1.69855499 -0.33137301 2861.000000 21.000000 128.000000 0.000000
0.07090900 1.70303202 -0.33245200 2357.000000 15.000000 153.000000 0.000000
0.08249300 1.72597098 -0.33763000 1857.000000 11.000000 116.000000 0.000000
-0.05017300 1.77202904 -0.39096501 2395.000000 20.000000 207.000000 0.000000
-0.03728400 1.68978500 -0.37067500 2149.000000 17.000000 206.000000 0.000000
-0.02783800 1.74047101 -0.38308799 2419.000000 20.000000 208.000000 0.000000
-0.01695800 1.72410095 -0.37902999 1880.000000 14.000000 178.000000 0.000000
-0.00637300 1.72320199 -0.37879100 2388.000000 20.000000 208.000000 0.000000
0.00419400 1.66979802 -0.36566299 1693.000000 10.000000 158.000000 0.000000
0.01445200 1.67168403 -0.36614001 1592.000000 10.000000 209.000000 0.000000
0.02490100 1.68710005 -0.36995900 2130.000000 17.000000 192.000000 0.000000
0.03532500 1.69079900 -0.37091401 2304.000000 19.000000 186.000000 0.000000
0.04553100 1.68375504 -0.36924300 2185.000000 17.000000 232.000000 0.000000
0.05586100 1.68344402 -0.36924300 2014.000000 15.000000 204.000000 0.000000
0.06644100 1.68986201 -0.37091401 2101.000000 16.000000 242.000000 0.000000
0.07655700 1.68360198 -0.36948201 1690.000000 12.000000 186.000000 0.000000
0.08750700 1.69570899 -0.37258500 1223.000000 8.000000 190.000000 0.000000
0.09769600 1.69126201 -0.37163001 1164.000000 7.000000 189.000000 0.000000
-0.04531700 1.76397300 -0.43549401 2095.000000 13.000000 247.000000 0.000000
-0.03451000 1.76518202 -0.43575701 3122.000000 25.000000 150.000000 0.000000
-0.02338500 1.74220705 -0.42944399 2522.000000 17.000000 150.000000 0.000000
-0.01243000 1.70179796 -0.41839701 2160.000000 13.000000 147.000000 0.000000
-0.00199000 1.70763099 -0.41997501 2521.000000 17.000000 148.000000 0.000000
0.00827100 1.66998506 -0.40971699 2089.000000 13.000000 189.000000 0.000000
0.01848400 1.66700900 -0.40892801 2842.000000 21.000000 161.000000 0.000000
0.02874700 1.66879296 -0.40945399 2734.000000 19.000000 133.000000 0.000000
0.03910200 1.67340803 -0.41076899 2602.000000 18.000000 159.000000 0.000000
0.04925200 1.66927898 -0.40971699 2416.000000 16.000000 129.000000 0.000000
0.05917800 1.66026795 -0.40734899 2872.000000 20.000000 143.000000 0.000000
0.06915900 1.65505397 -0.40603399 2183.000000 13.000000 171.000000 0.000000
0.07846700 1.63725305 -0.40130001 1703.000000 9.000000 101.000000 0.000000
0.08935800 1.65215397 -0.40550801 1473.000000 7.000000 119.000000 0.000000
0.09902300 1.64387095 -0.40340400 1616.000000 8.000000 119.000000 0.000000
-0.04174300 1.76077902 -0.47886801 1997.000000 15.000000 231.000000 0.000000
-0.03059600 1.74375606 -0.47372499 2332.000000 19.000000 194.000000 0.000000
-0.01993500 1.74678504 -0.47458199 2403.000000 20.000000 233.000000 0.000000
-0.00883200 1.69608498 -0.45944101 1690.000000 12.000000 177.000000 0.000000
0.00153500 1.72389901 -0.46772599 2227.000000 18.000000 178.000000 0.000000
0.01191500 1.68169105 -0.45515600 2696.000000 24.000000 225.000000 0.000000
0.02218100 1.67679501 -0.45372701 2772.000000 25.000000 253.000000 0.000000
0.03242100 1.67375302 -0.45287001 3079.000000 30.000000 288.000000 0.000000
0.04240200 1.66106796 -0.44915599 2666.000000 24.000000 238.000000 0.000000
0.05110900 1.61000705 -0.43401501 1720.000000 11.000000 221.000000 0.000000
0.06342700 1.67861903 -0.45458400 1900.000000 14.000000 212.000000 0.000000
0.07332800 1.66862297 -0.45172700 2022.000000 15.000000 200.000000 0.000000
0.08525400 1.70355999 -0.46229801 1047.000000 7.000000 195.000000 0.000000
-0.03250700 1.73808503 -0.51949298 2637.000000 18.000000 124.000000 0.000000
-0.02220100 1.76867402 -0.52940798 2820.000000 21.000000 189.000000 0.000000
-0.01108400 1.72219002 -0.51422602 2602.000000 18.000000 169.000000 0.000000
-0.00058900 1.57295203 -0.46557999 1676.000000 9.000000 128.000000 0.000000
0.00971700 1.67180502 -0.49780399 2061.000000 13.000000 177.000000 0.000000
0.01976900 1.65555203 -0.49253699 2421.000000 16.000000 162.000000 0.000000
0.02992700 1.65540004 -0.49253699 2300.000000 15.000000 136.000000 0.000000
0.04010700 1.65613604 -0.49284700 2328.000000 15.000000 175.000000 0.000000
0.05029800 1.65680802 -0.49315599 2310.000000 15.000000 144.000000 0.000000
0.06003800 1.64506698 -0.48943800 2058.000000 13.000000 169.000000 0.000000
0.07004800 1.64276803 -0.48881799 2159.000000 13.000000 118.000000 0.000000
0.08149300 1.66984606 -0.49780399 2506.000000 17.000000 165.000000 0.000000
0.09030800 1.64368296 -0.48943800 2159.000000 13.000000 169.000000 0.000000
-0.02176800 1.65277696 -0.53412801 1151.000000 7.000000 177.000000 0.000000
-0.01186000 1.67740405 -0.54276001 1075.000000 7.000000 171.000000 0.000000
-0.00149700 1.65669298 -0.53545600 1236.000000 8.000000 171.000000 0.000000
0.00865000 1.65006804 -0.53313202 1266.000000 8.000000 160.000000 0.000000
0.01898400 1.67356503 -0.54143202 1428.000000 10.000000 177.000000 0.000000
0.02912500 1.66492796 -0.53844398 1713.000000 12.000000 232.000000 0.000000
0.03950000 1.67226303 -0.54110003 1582.000000 11.000000 223.000000 0.000000
0.04929600 1.65501595 -0.53512400 1760.000000 13.000000 149.000000 0.000000
0.05992400 1.66882396 -0.54010397 2038.000000 16.000000 208.000000 0.000000
0.07064800 1.68067801 -0.54442000 1564.000000 11.000000 191.000000 0.000000
0.08130400 1.68775105 -0.54707599 411.000000 2.000000 179.000000 0.000000
-0.02085400 1.67895901 -0.59132302 1823.000000 11.000000 134.000000 0.000000
-0.01034200 1.64074302 -0.57672399 2430.000000 16.000000 182.000000 0.000000
-0.00026300 1.65759599 -0.58313298 2860.000000 21.000000 160.000000 0.000000
0.00990700 1.65756595 -0.58313298 2954.000000 23.000000 186.000000 0.000000
0.02011400 1.66027701 -0.58420199 3014.000000 23.000000 194.000000 0.000000
0.03030100 1.66012299 -0.58420199 2901.000000 22.000000 177.000000 0.000000
0.04055700 1.66270804 -0.58526999 3295.000000 28.000000 198.000000 0.000000
0.05075900 1.66242802 -0.58526999 3184.000000 26.000000 205.000000 0.000000
0.06095800 1.66208506 -0.58526999 2895.000000 22.000000 216.000000 0.000000
0.07156300 1.67101502 -0.58883101 2194.000000 14.000000 120.000000 0.000000
0.08241900 1.68267798 -0.59346002 987.000000 5.000000 109.000000 0.000000
-0.01652500 1.73034096 -0.65669101 1433.000000 10.000000 225.000000 0.000000
-0.00558500 1.67485404 -0.63402998 1218.000000 8.000000 166.000000 0.000000
0.00469300 1.67856097 -0.63554102 1881.000000 14.000000 194.000000 0.000000
0.01487800 1.66090798 -0.62836498 2310.000000 19.000000 208.000000 0.000000
0.02504600 1.65893400 -0.62761003 2660.000000 24.000000 216.000000 0.000000
0.03525900 1.66059995 -0.62836498 2805.000000 26.000000 235.000000 0.000000
0.04544800 1.66035295 -0.62836498 2780.000000 26.000000 295.000000 0.000000
0.05563500 1.66004300 -0.62836498 2644.000000 24.000000 225.000000 0.000000
0.06581900 1.65967000 -0.62836498 1875.000000 14.000000 198.000000 0.000000
0.07636200 1.66755998 -0.63176399 1322.000000 9.000000 197.000000 0.000000
0.08695900 1.67445898 -0.63478500 1544.000000 11.000000 224.000000 0.000000
0.09712900 1.67204499 -0.63402998 1020.000000 6.000000 204.000000 0.000000
0.02038100 1.61655998 -0.65926200 2320.000000 15.000000 184.000000 0.000000
0.03103500 1.65394199 -0.67573601 2879.000000 22.000000 207.000000 0.000000
0.04118300 1.65372002 -0.67573601 2989.000000 23.000000 195.000000 0.000000
0.05124200 1.65069103 -0.67453003 3093.000000 25.000000 184.000000 0.000000
0.06147400 1.65309000 -0.67573601 2923.000000 22.000000 175.000000 0.000000
0.07165600 1.65359700 -0.67613697 2260.000000 15.000000 178.000000 0.000000
0.08221500 1.66135705 -0.67975301 1868.000000 11.000000 164.000000 0.000000
0.09297500 1.67087901 -0.68417299 1018.000000 5.000000 133.000000 0.000000
0.03003900 1.60221899 -0.69723898 1596.000000 11.000000 249.000000 0.000000
0.04101900 1.65364301 -0.72134602 2236.000000 18.000000 268.000000 0.000000
0.05108800 1.65064299 -0.72007799 2310.000000 19.000000 232.000000 0.000000
0.06134000 1.65392101 -0.72176898 2425.000000 21.000000 249.000000 0.000000
0.07159800 1.65622997 -0.72303802 2002.000000 16.000000 224.000000 0.000000
0.08180100 1.65666401 -0.72346097 1695.000000 12.000000 231.000000 0.000000
0.09268400 1.66970503 -0.72980499 1433.000000 10.000000 266.000000 0.000000
0.10335500 1.67634106 -0.73318899 568.000000 3.000000 223.000000 0.000000
0.02334700 1.72675097 -0.81041902 1487.000000 9.000000 157.000000 0.000000
0.03339300 1.69974005 -0.79701900 1548.000000 9.000000 170.000000 0.000000
0.04248900 1.64941704 -0.77200598 2369.000000 16.000000 198.000000 0.000000
0.05249200 1.64554799 -0.77021903 2704.000000 20.000000 199.000000 0.000000
0.06276200 1.64966500 -0.77245301 2935.000000 23.000000 216.000000 0.000000
0.07280200 1.64746201 -0.77155900 3071.000000 25.000000 198.000000 0.000000
0.08281800 1.64519703 -0.77066600 2827.000000 21.000000 184.000000 0.000000
0.09316700 1.64912403 -0.77289897 2274.000000 15.000000 168.000000 0.000000
0.10396500 1.65923595 -0.77825898 1781.000000 10.000000 172.000000 0.000000
0.11613300 1.68712795 -0.79255301 1087.000000 6.000000 209.000000 0.000000
0.13931400 1.71589398 -0.80773902 632.000000 3.000000 181.000000 0.000000
0.03656100 1.70325196 -0.84853601 580.000000 4.000000 197.000000 0.000000
0.04554900 1.64467001 -0.81768298 1047.000000 7.000000 186.000000 0.000000
0.05583200 1.65054405 -0.82095498 1134.000000 7.000000 233.000000 0.000000
0.06599200 1.65105402 -0.82142299 1233.000000 8.000000 249.000000 0.000000
0.07581400 1.64355302 -0.81768298 1545.000000 11.000000 264.000000 0.000000
0.08598500 1.64482200 -0.81861800 1648.000000 12.000000 276.000000 0.000000
0.09612500 1.64514601 -0.81908500 1612.000000 12.000000 249.000000 0.000000
0.10621800 1.64452600 -0.81908500 1488.000000 11.000000 241.000000 0.000000
0.11738800 1.65971804 -0.82749999 1317.000000 9.000000 228.000000 0.000000
0.12848599 1.67130899 -0.83404398 849.000000 5.000000 284.000000 0.000000
0.06432500 1.65331495 -0.87847197 1526.000000 9.000000 185.000000 0.000000
0.07374900 1.63722301 -0.86963898 2011.000000 13.000000 223.000000 0.000000
0.08338600 1.62890804 -0.86522198 2249.000000 15.000000 249.000000 0.000000
0.09378400 1.63532495 -0.86914802 1927.000000 12.000000 154.000000 0.000000
0.10336900 1.62776196 -0.86522198 2408.000000 17.000000 219.000000 0.000000
0.11335400 1.62709701 -0.86522198 2312.000000 16.000000 187.000000 0.000000
0.12393600 1.63418996 -0.86963898 1941.000000 12.000000 162.000000 0.000000
0.13511200 1.64729202 -0.87749100 1490.000000 8.000000 220.000000 0.000000
0.14776801 1.67507100 -0.89368600 514.000000 2.000000 201.000000 0.000000
0.07041300 1.65699899 -0.93104100 999.000000 8.000000 244.000000 0.000000
0.07943300 1.63162899 -0.91623098 1200.000000 8.000000 246.000000 0.000000
0.08935400 1.62939405 -0.91521001 1149.000000 8.000000 276.000000 0.000000
0.09965000 1.63396502 -0.91827399 1403.000000 10.000000 287.000000 0.000000
0.10934200 1.62817502 -0.91521001 1257.000000 9.000000 255.000000 0.000000
0.11933000 1.62747300 -0.91521001 1383.000000 10.000000 248.000000 0.000000
0.12918200 1.62499595 -0.91418803 1329.000000 9.000000 255.000000 0.000000
0.14185201 1.65673196 -0.93359500 954.000000 7.000000 260.000000 0.000000
0.15545000 1.69436705 -0.95657599 282.000000 2.000000 187.000000 0.000000
0.07557500 1.64614999 -0.98524803 1124.000000 6.000000 182.000000 0.000000
0.08527200 1.63805604 -0.98044300 1901.000000 13.000000 199.000000 0.000000
0.09497200 1.63159299 -0.97670501 2138.000000 15.000000 201.000000 0.000000
0.10492600 1.63013601 -0.97617102 2209.000000 16.000000 229.000000 0.000000
0.11492700 1.62946200 -0.97617102 2192.000000 15.000000 205.000000 0.000000
0.12472600 1.62619698 -0.97456998 1920.000000 13.000000 219.000000 0.000000
0.13618401 1.64309502 -0.98578203 1505.000000 9.000000 194.000000 0.000000
0.14694500 1.64980805 -0.99058700 1010.000000 6.000000 214.000000 0.000000
0.16289100 1.70947504 -1.02902901 436.000000 2.000000 270.000000 0.000000
0.06378600 1.66294897 -1.04970896 446.000000 3.000000 306.000000 0.000000
0.07339700 1.64837897 -1.04030097 682.000000 5.000000 260.000000 0.000000
0.08398800 1.65788102 -1.04694200 891.000000 7.000000 248.000000 0.000000
0.09352900 1.64569104 -1.03919399 1128.000000 9.000000 276.000000 0.000000
0.10292400 1.63344598 -1.03144705 1380.000000 12.000000 292.000000 0.000000
0.11322100 1.63693905 -1.03421402 1690.000000 15.000000 301.000000 0.000000
0.12350400 1.63953698 -1.03642702 1570.000000 14.000000 280.000000 0.000000
0.13316900 1.63376606 -1.03310704 1311.000000 11.000000 277.000000 0.000000
0.14530601 1.65781605 -1.04970896 874.000000 7.000000 283.000000 0.000000
0.16106699 1.71827495 -1.09065998 409.000000 3.000000 311.000000 0.000000
0.07942300 1.69107497 -1.13563502 762.000000 4.000000 220.000000 0.000000
0.08741800 1.64647698 -1.10453105 1087.000000 6.000000 208.000000 0.000000
0.09619400 1.62387896 -1.08897901 1550.000000 10.000000 239.000000 0.000000
0.10675100 1.63223004 -1.09531498 1720.000000 11.000000 214.000000 0.000000
0.11688200 1.63317502 -1.09646702 2077.000000 15.000000 292.000000 0.000000
0.12690100 1.63242698 -1.09646702 2061.000000 14.000000 272.000000 0.000000
0.13684601 1.63080299 -1.09589100 1678.000000 11.000000 264.000000 0.000000
0.14892399 1.65272701 -1.11201894 1212.000000 7.000000 227.000000 0.000000
0.16103899 1.67212296 -1.12641895 934.000000 5.000000 239.000000 0.000000
0.17407000 1.69793606 -1.14542699 1384.000000 8.000000 229.000000 0.000000
0.18314900 1.68464696 -1.13678706 1175.000000 7.000000 244.000000 0.000000
0.04670200 1.70905101 -1.20758903 468.000000 4.000000 313.000000 0.000000
0.05884300 1.76255798 -1.24745095 383.000000 3.000000 316.000000 0.000000
0.06784900 1.71316898 -1.21115899 518.000000 4.000000 326.000000 0.000000
0.07908600 1.72958302 -1.22365296 497.000000 4.000000 322.000000 0.000000
0.08756400 1.68571496 -1.19152498 638.000000 5.000000 305.000000 0.000000
0.09675100 1.66428006 -1.17605603 710.000000 5.000000 302.000000 0.000000
0.10622100 1.65162206 -1.16713095 889.000000 7.000000 334.000000 0.000000
0.11602800 1.64612699 -1.16356099 942.000000 7.000000 297.000000 0.000000
0.12488300 1.62855196 -1.15106702 1085.000000 9.000000 316.000000 0.000000
0.13532200 1.63336301 -1.15523195 1028.000000 8.000000 359.000000 0.000000
0.14548001 1.63410401 -1.15642202 1008.000000 8.000000 308.000000 0.000000
0.15735200 1.65318894 -1.17129600 733.000000 5.000000 321.000000 0.000000
0.16701899 1.64739299 -1.16772604 848.000000 7.000000 348.000000 0.000000
0.17771100 1.65193295 -1.17189097 782.000000 6.000000 342.000000 0.000000
0.19032501 1.67317903 -1.18855000 681.000000 5.000000 332.000000 0.000000
0.09025800 1.65167797 -1.23804796 916.000000 5.000000 209.000000 0.000000
0.09985800 1.64245498 -1.23125899 1003.000000 6.000000 190.000000 0.000000
0.10854900 1.62140000 -1.21521199 1378.000000 9.000000 221.000000 0.000000
0.11884400 1.62541199 -1.21891499 1407.000000 9.000000 258.000000 0.000000
0.12824900 1.61759305 -1.21336102 1263.000000 8.000000 271.000000 0.000000
0.13844299 1.61991203 -1.21582901 1580.000000 10.000000 279.000000 0.000000
0.14903200 1.62608302 -1.22138405 1433.000000 9.000000 222.000000 0.000000
0.15869799 1.62200606 -1.21891499 1353.000000 8.000000 283.000000 0.000000
