-1.73275697 2.00309300 -0.21470900 260.000000 3.000000 3915.000000 0.000000
-1.79691398 2.21037412 -0.23400900 502.000000 6.000000 4707.000000 0.000000
-1.77832401 2.21515608 -0.23324101 1585.000000 24.000000 3127.000000 0.000000
-1.75416899 2.21278000 -0.23160900 1193.000000 17.000000 1900.000000 0.000000
-1.74117303 2.22428393 -0.23170500 1016.000000 14.000000 2109.000000 0.000000
-1.73054099 2.23885894 -0.23218501 631.000000 8.000000 1892.000000 0.000000
-1.72705603 2.26287293 -0.23381700 311.000000 4.000000 2342.000000 0.000000
-1.78723896 2.19979095 -0.30300799 912.000000 8.000000 3428.000000 0.000000
-1.77060401 2.20684409 -0.30240500 2377.000000 27.000000 2499.000000 0.000000
-1.75641298 2.21688795 -0.30228400 2506.000000 29.000000 2030.000000 0.000000
-1.73483098 2.21745491 -0.30071500 1214.000000 11.000000 1246.000000 0.000000
-1.72786403 2.23670292 -0.30204299 334.000000 2.000000 1209.000000 0.000000
-1.73817396 2.27884603 -0.30686900 425.000000 3.000000 2130.000000 0.000000
-1.78937805 2.19802809 -0.36936700 627.000000 8.000000 4571.000000 0.000000
-1.77088904 2.20280290 -0.36821800 2017.000000 33.000000 3579.000000 0.000000
-1.75672305 2.21285295 -0.36807400 2060.000000 34.000000 3183.000000 0.000000
-1.73271406 2.21036410 -0.36563200 1016.000000 14.000000 1879.000000 0.000000
-1.72700799 2.23111701 -0.36749899 618.000000 8.000000 2126.000000 0.000000
-1.71087801 2.23852992 -0.36692500 814.000000 11.000000 2811.000000 0.000000
-1.70965099 2.26555705 -0.36994201 126.000000 1.000000 4307.000000 0.000000
-1.77856004 2.18909907 -0.43879700 2150.000000 23.000000 3279.000000 0.000000
-1.76571095 2.20074010 -0.43896499 2889.000000 37.000000 2196.000000 0.000000
-1.75095105 2.20998693 -0.43862799 2817.000000 35.000000 2358.000000 0.000000
-1.72946596 2.21059203 -0.43643999 1029.000000 9.000000 1122.000000 0.000000
-1.72008598 2.22662497 -0.43761900 1608.000000 15.000000 2055.000000 0.000000
-1.72550905 2.26222706 -0.44300500 1364.000000 14.000000 2266.000000 0.000000
-1.76673102 2.19299102 -0.50600898 1798.000000 29.000000 3354.000000 0.000000
-1.74283504 2.19074702 -0.50275397 2202.000000 38.000000 3300.000000 0.000000
-1.72875297 2.20062900 -0.50256300 1333.000000 19.000000 1900.000000 0.000000
-1.71401203 2.20964599 -0.50217998 1061.000000 15.000000 2315.000000 0.000000
-1.70759702 2.22946095 -0.50447798 1198.000000 17.000000 2832.000000 0.000000
-1.69981599 2.24771690 -0.50639200 380.000000 5.000000 2771.000000 0.000000
-1.76898396 2.17807007 -0.57582700 1337.000000 12.000000 2481.000000 0.000000
-1.75680697 2.19040799 -0.57625902 2896.000000 37.000000 2807.000000 0.000000
-1.74575806 2.20420909 -0.57712197 2363.000000 29.000000 2091.000000 0.000000
-1.72197998 2.20179796 -0.57345402 1450.000000 13.000000 1613.000000 0.000000
-1.70903397 2.21309590 -0.57367003 1077.000000 9.000000 1657.000000 0.000000
-1.70193100 2.23208499 -0.57604301 903.000000 8.000000 2989.000000 0.000000
-1.75970900 2.17813802 -0.64351302 1540.000000 25.000000 3155.000000 0.000000
-1.74813104 2.19116902 -0.64422899 2086.000000 38.000000 3273.000000 0.000000
-1.72562301 2.19042492 -0.64064902 1508.000000 23.000000 2629.000000 0.000000
-1.72827804 2.22164392 -0.64709300 556.000000 8.000000 1858.000000 0.000000
-1.70750201 2.22297502 -0.64422899 353.000000 5.000000 2043.000000 0.000000
-1.76411402 2.17283607 -0.71746302 754.000000 7.000000 1483.000000 0.000000
-1.74109805 2.17157197 -0.71325499 2036.000000 23.000000 2042.000000 0.000000
-1.73252904 2.18826795 -0.71535897 1114.000000 11.000000 1310.000000 0.000000
-1.71788204 2.19733596 -0.71483302 1472.000000 15.000000 1926.000000 0.000000
-1.70613396 2.21012807 -0.71562201 1498.000000 15.000000 2095.000000 0.000000
-1.76487100 2.17758298 -0.78941101 918.000000 13.000000 2018.000000 0.000000
-1.73707902 2.17043495 -0.78255498 1296.000000 20.000000 2437.000000 0.000000
-1.73563397 2.19607210 -0.78826803 1046.000000 16.000000 2057.000000 0.000000
-1.71681094 2.19988894 -0.78569698 1575.000000 26.000000 2825.000000 0.000000
-1.70503795 2.21265602 -0.78655398 1543.000000 26.000000 3099.000000 0.000000
-1.77053702 2.15739894 -0.86249399 900.000000 8.000000 2108.000000 0.000000
-1.75786400 2.16896200 -0.86280400 689.000000 6.000000 1328.000000 0.000000
-1.72908497 2.16039896 -0.85474801 1290.000000 13.000000 1564.000000 0.000000
-1.71402895 2.16872907 -0.85381800 2501.000000 32.000000 2648.000000 0.000000
-1.71062803 2.19195199 -0.85908502 2136.000000 25.000000 2681.000000 0.000000
-1.70120597 2.20768094 -0.86125398 1677.000000 18.000000 2438.000000 0.000000
-1.84688902 2.15936399 -0.95244402 98.000000 1.000000 1689.000000 0.000000
-1.75815201 2.16091895 -0.93285602 468.000000 6.000000 1684.000000 0.000000
-1.73657405 2.16138411 -0.92820799 884.000000 13.000000 2046.000000 0.000000
-1.71916699 2.16683197 -0.92588401 1045.000000 16.000000 2156.000000 0.000000
-1.71516502 2.18920708 -0.93119597 1348.000000 22.000000 2676.000000 0.000000
-1.70227802 2.20043492 -0.93152797 1388.000000 22.000000 2835.000000 0.000000
-1.68128598 2.20110393 -0.92721200 582.000000 8.000000 2427.000000 0.000000
-1.76198399 2.14772511 -1.01007998 949.000000 9.000000 1413.000000 0.000000
-1.74230599 2.15050602 -1.00616300 1093.000000 10.000000 1334.000000 0.000000
-1.72557795 2.15677595 -1.00402701 658.000000 6.000000 1147.000000 0.000000
-1.71636403 2.17245793 -1.00651896 1563.000000 16.000000 1936.000000 0.000000
-1.70070398 2.18000102 -1.00509501 2591.000000 34.000000 2873.000000 0.000000
-1.70781195 2.21705508 -1.01791406 1578.000000 17.000000 2395.000000 0.000000
-1.73565900 2.14959407 -1.07780302 1309.000000 21.000000 2196.000000 0.000000
-1.71838796 2.15514207 -1.07515895 1239.000000 20.000000 2078.000000 0.000000
-1.70742798 2.16855192 -1.07667005 1444.000000 24.000000 2553.000000 0.000000
-1.69522798 2.18044806 -1.07742500 1456.000000 24.000000 2857.000000 0.000000
-0.68511599 -1.81376600 -0.14624700 1099.000000 8.000000 3580.000000 0.000000
-0.70014298 -1.81975496 -0.14730400 2684.000000 28.000000 4239.000000 0.000000
-0.71960503 -1.83675694 -0.14951199 332.000000 2.000000 3270.000000 0.000000
-0.74700803 -1.87301898 -0.15373699 756.000000 5.000000 3476.000000 0.000000
-0.75550503 -1.86101604 -0.15296900 2323.000000 22.000000 3363.000000 0.000000
-0.76236999 -1.84529698 -0.15181600 2676.000000 28.000000 3151.000000 0.000000
-0.77482998 -1.84334004 -0.15210401 2344.000000 23.000000 3678.000000 0.000000
-0.78378898 -1.83305502 -0.15152800 2547.000000 26.000000 5001.000000 0.000000
-0.77684402 -1.78618598 -0.14711100 3071.000000 36.000000 5041.000000 0.000000
-0.78658700 -1.77865303 -0.14682300 2844.000000 31.000000 4548.000000 0.000000
-0.79626697 -1.77106702 -0.14653499 2921.000000 32.000000 4122.000000 0.000000
-0.81247401 -1.77792799 -0.14778399 2141.000000 20.000000 3816.000000 0.000000
-0.82670701 -1.78013802 -0.14855200 333.000000 2.000000 4488.000000 0.000000
-0.73211002 -1.83817804 -0.19900200 1426.000000 8.000000 3647.000000 0.000000
-0.73328900 -1.80881906 -0.19574399 3296.000000 29.000000 3496.000000 0.000000
-0.74892402 -1.81529403 -0.19719200 2695.000000 20.000000 2625.000000 0.000000
-0.75774002 -1.80517399 -0.19646800 3161.000000 27.000000 3208.000000 0.000000
-0.77075398 -1.80505502 -0.19707100 3864.000000 42.000000 4166.000000 0.000000
-0.78577501 -1.80939400 -0.19827799 4159.000000 52.000000 4261.000000 0.000000
-0.79284698 -1.79545999 -0.19707100 3867.000000 42.000000 3839.000000 0.000000
-0.80547702 -1.79418302 -0.19755401 3390.000000 31.000000 3575.000000 0.000000
-0.81440800 -1.78469300 -0.19695100 1435.000000 8.000000 3542.000000 0.000000
-0.76066703 -1.87752998 -0.25199199 1298.000000 10.000000 3791.000000 0.000000
-0.77217299 -1.87282705 -0.25199199 2075.000000 19.000000 2689.000000 0.000000
-0.77221799 -1.84065402 -0.24768201 1636.000000 14.000000 2915.000000 0.000000
-0.77073699 -1.80581999 -0.24294101 2564.000000 26.000000 4366.000000 0.000000
-0.77670401 -1.78924501 -0.24107400 3047.000000 35.000000 4282.000000 0.000000
-0.78687203 -1.78263295 -0.24078600 3451.000000 45.000000 4533.000000 0.000000
-0.79658502 -1.77506006 -0.24035500 2739.000000 29.000000 4294.000000 0.000000
-0.81155097 -1.77915096 -0.24179199 2119.000000 19.000000 3662.000000 0.000000
-0.82328099 -1.77593505 -0.24207900 671.000000 5.000000 4330.000000 0.000000
-0.75751501 -1.86846197 -0.30145001 2020.000000 13.000000 2476.000000 0.000000
-0.75955200 -1.84100401 -0.29724199 2709.000000 20.000000 2139.000000 0.000000
-0.77389097 -1.84357798 -0.29858801 2601.000000 19.000000 2645.000000 0.000000
-0.76192600 -1.78441799 -0.28848901 3400.000000 31.000000 3991.000000 0.000000
-0.77286100 -1.77970898 -0.28848901 3817.000000 41.000000 4001.000000 0.000000
-0.78536099 -1.77853894 -0.28916299 3981.000000 46.000000 4095.000000 0.000000
-0.79383397 -1.76829302 -0.28815299 3281.000000 29.000000 3628.000000 0.000000
-0.80507898 -1.76428497 -0.28832099 2789.000000 21.000000 2932.000000 0.000000
-0.81671900 -1.76110005 -0.28865799 2234.000000 15.000000 2556.000000 0.000000
-0.76996201 -1.87295103 -0.35166499 1567.000000 13.000000 3044.000000 0.000000
-0.77880102 -1.86184800 -0.35032499 2003.000000 18.000000 2536.000000 0.000000
-0.78982800 -1.85613000 -0.35013300 2019.000000 18.000000 2427.000000 0.000000
-0.78878301 -1.82239997 -0.34400499 2253.000000 21.000000 4107.000000 0.000000
-0.77672797 -1.76447904 -0.33270699 2657.000000 28.000000 4107.000000 0.000000
-0.78594398 -1.75609303 -0.33194101 3459.000000 45.000000 4427.000000 0.000000
-0.79629898 -1.75034297 -0.33175001 2907.000000 32.000000 4073.000000 0.000000
-0.80702400 -1.74542403 -0.33175001 1803.000000 16.000000 3530.000000 0.000000
-0.83350998 -1.77422798 -0.33902600 396.000000 2.000000 4064.000000 0.000000
-0.75482601 -1.86092305 -0.39955300 1215.000000 7.000000 3036.000000 0.000000
-0.76175201 -1.84542799 -0.39696401 2658.000000 20.000000 2625.000000 0.000000
-0.77495402 -1.84521902 -0.39804301 2792.000000 21.000000 2287.000000 0.000000
-0.77512002 -1.81439698 -0.39178601 2612.000000 19.000000 3069.000000 0.000000
-0.76519400 -1.76126003 -0.38013500 3033.000000 25.000000 3794.000000 0.000000
-0.78072900 -1.76724601 -0.38272399 3716.000000 39.000000 3924.000000 0.000000
-0.78915399 -1.75707996 -0.38142899 3750.000000 39.000000 3681.000000 0.000000
-0.79748398 -1.74687696 -0.38013500 3112.000000 26.000000 3257.000000 0.000000
-0.81106800 -1.74814904 -0.38164499 1818.000000 11.000000 3026.000000 0.000000
-0.76195598 -1.86068904 -0.44944701 969.000000 7.000000 3237.000000 0.000000
-0.77781999 -1.86674404 -0.45231199 1954.000000 17.000000 2844.000000 0.000000
-0.78850502 -1.86014605 -0.45183399 2329.000000 22.000000 2723.000000 0.000000
-0.79837298 -1.85170305 -0.45087999 1934.000000 17.000000 3412.000000 0.000000
-0.77400601 -1.76487803 -0.42891899 2606.000000 27.000000 4517.000000 0.000000
-0.78403401 -1.75831997 -0.42844200 3087.000000 36.000000 4406.000000 0.000000
-0.79440898 -1.75259101 -0.42820299 3389.000000 44.000000 4356.000000 0.000000
-0.80595601 -1.74944901 -0.42868000 2669.000000 28.000000 4049.000000 0.000000
-0.81503600 -1.74094999 -0.42772499 1553.000000 13.000000 3186.000000 0.000000
-0.77668601 -1.88062298 -0.50914198 1714.000000 10.000000 2369.000000 0.000000
-0.78184700 -1.86070502 -0.50467098 2306.000000 16.000000 2106.000000 0.000000
-0.78679299 -1.84079504 -0.50019902 2470.000000 18.000000 2632.000000 0.000000
-0.77496099 -1.78286004 -0.48441699 2568.000000 19.000000 3541.000000 0.000000
-0.77455801 -1.75248802 -0.47679001 3492.000000 33.000000 4031.000000 0.000000
-0.78727698 -1.75210202 -0.47810501 3542.000000 34.000000 3702.000000 0.000000
-0.79961801 -1.75074697 -0.47915700 2906.000000 23.000000 3326.000000 0.000000
-0.80790502 -1.74055898 -0.47757900 2253.000000 15.000000 2717.000000 0.000000
-0.79560000 -2.17929006 -0.64542401 550.000000 5.000000 1867.000000 0.000000
-0.74542999 -2.00270510 -0.59085798 487.000000 4.000000 2037.000000 0.000000
-0.75364703 -1.98733306 -0.58742899 652.000000 5.000000 1882.000000 0.000000
-0.76685703 -1.98535502 -0.58828700 553.000000 4.000000 1609.000000 0.000000
-0.75074899 -1.90832198 -0.56514603 411.000000 3.000000 1415.000000 0.000000
-0.74861598 -1.86895704 -0.55400401 391.000000 2.000000 1497.000000 0.000000
-0.76042902 -1.86521697 -0.55429000 407.000000 2.000000 1582.000000 0.000000
-0.78245801 -1.88620698 -0.56257498 1253.000000 12.000000 2446.000000 0.000000
-0.78622800 -1.86281395 -0.55657500 1825.000000 19.000000 2635.000000 0.000000
-0.79952502 -1.86236095 -0.55800402 2356.000000 27.000000 3017.000000 0.000000
-0.77963799 -1.78533995 -0.53457701 2186.000000 21.000000 4266.000000 0.000000
-0.78012598 -1.75685298 -0.52686399 3082.000000 36.000000 4847.000000 0.000000
-0.79049897 -1.75115895 -0.52657801 3299.000000 41.000000 4348.000000 0.000000
-0.80401403 -1.75237799 -0.52857798 2685.000000 28.000000 3845.000000 0.000000
-0.81354100 -1.74480402 -0.52772099 2207.000000 21.000000 3020.000000 0.000000
-0.83689499 -1.76665294 -0.53657699 775.000000 5.000000 3099.000000 0.000000
-0.79300600 -1.91539598 -0.62855899 1515.000000 10.000000 2635.000000 0.000000
-0.77775902 -1.84654701 -0.60594100 2091.000000 14.000000 2319.000000 0.000000
-0.78007400 -1.82077098 -0.59850401 2060.000000 14.000000 3684.000000 0.000000
-0.76688701 -1.76018202 -0.57867402 2935.000000 24.000000 4080.000000 0.000000
-0.77420199 -1.74762201 -0.57588500 3178.000000 28.000000 3753.000000 0.000000
-0.78764701 -1.74890494 -0.57805401 3462.000000 33.000000 3705.000000 0.000000
-0.79757100 -1.74231100 -0.57743502 2540.000000 19.000000 2429.000000 0.000000
-0.80824703 -1.73738396 -0.57743502 1558.000000 9.000000 2326.000000 0.000000
-0.83128399 -2.05118108 -0.73133397 919.000000 9.000000 2177.000000 0.000000
-0.80878699 -1.92679405 -0.68784302 1339.000000 13.000000 2578.000000 0.000000
-0.77302903 -1.80979395 -0.64501500 1623.000000 14.000000 3383.000000 0.000000
-0.76279801 -1.75565803 -0.62609100 2324.000000 23.000000 4893.000000 0.000000
-0.77165902 -1.74662602 -0.62443203 2661.000000 28.000000 4426.000000 0.000000
-0.78120798 -1.73927402 -0.62343597 3058.000000 36.000000 4485.000000 0.000000
-0.79420501 -1.73960197 -0.62542802 2847.000000 32.000000 3990.000000 0.000000
-0.80170202 -1.72784400 -0.62277198 1728.000000 15.000000 2590.000000 0.000000
-0.90839398 -1.92786801 -0.70245099 952.000000 8.000000 2436.000000 0.000000
-0.78241098 -1.92215705 -0.74230403 1459.000000 9.000000 2163.000000 0.000000
-0.74154001 -1.79044604 -0.68995899 1751.000000 11.000000 3180.000000 0.000000
-0.74233598 -1.76175797 -0.67998898 1929.000000 12.000000 2578.000000 0.000000
-0.74833798 -1.74600697 -0.67535901 2493.000000 18.000000 3172.000000 0.000000
-0.75828999 -1.73967004 -0.67464697 3120.000000 27.000000 3891.000000 0.000000
-0.77312100 -1.74437904 -0.67856401 3360.000000 31.000000 3712.000000 0.000000
-0.77765799 -1.72597504 -0.67286700 3073.000000 26.000000 3617.000000 0.000000
-0.79096198 -1.72711599 -0.67535901 2770.000000 22.000000 3055.000000 0.000000
-0.80588800 -1.73154700 -0.67927599 2399.000000 17.000000 2357.000000 0.000000
-0.81609797 -1.72572505 -0.67891997 2030.000000 13.000000 2180.000000 0.000000
-0.82910299 -1.72573698 -0.68105698 2261.000000 16.000000 2197.000000 0.000000
-0.85814500 -1.75839496 -0.69708103 1691.000000 10.000000 2030.000000 0.000000
-0.74723202 -1.76084006 -0.73109400 1625.000000 14.000000 2187.000000 0.000000
-0.76203799 -1.76558197 -0.73524803 1591.000000 13.000000 2148.000000 0.000000
-0.76730198 -1.74814296 -0.72958302 1669.000000 14.000000 2124.000000 0.000000
-0.77763897 -1.74255598 -0.72920501 1685.000000 14.000000 2116.000000 0.000000
-0.78755498 -1.73606396 -0.72845000 1617.000000 14.000000 2094.000000 0.000000
-0.79742098 -1.72951496 -0.72769499 1828.000000 16.000000 2125.000000 0.000000
-0.80919099 -1.72710800 -0.72882801 1708.000000 15.000000 2100.000000 0.000000
-0.82571501 -1.73466396 -0.73449302 1519.000000 13.000000 2172.000000 0.000000
-0.83433700 -1.72539198 -0.73260403 1610.000000 14.000000 2129.000000 0.000000
1.26053405 -1.65144801 -0.11094300 1404.000000 8.000000 3523.000000 0.000000
1.25217605 -1.66154206 -0.11116000 3430.000000 32.000000 4108.000000 0.000000
1.24671602 -1.67559803 -0.11174100 4087.000000 49.000000 3620.000000 0.000000
1.23169196 -1.67678297 -0.11116000 3920.000000 44.000000 3169.000000 0.000000
1.22606003 -1.69077098 -0.11174100 3032.000000 25.000000 2713.000000 0.000000
1.23364401 -1.72341394 -0.11399000 2735.000000 22.000000 2216.000000 0.000000
1.22362101 -1.73176599 -0.11406200 2835.000000 24.000000 2210.000000 0.000000
1.21183205 -1.73760498 -0.11391700 3235.000000 30.000000 2323.000000 0.000000
1.20001698 -1.74336398 -0.11377200 3432.000000 34.000000 2574.000000 0.000000
1.19097698 -1.75317001 -0.11399000 3300.000000 31.000000 2395.000000 0.000000
1.18463695 -1.76707494 -0.11457000 2335.000000 17.000000 2459.000000 0.000000
1.18861604 -1.79677904 -0.11652900 936.000000 5.000000 2405.000000 0.000000
1.25214696 -1.64238501 -0.15844201 1518.000000 12.000000 4141.000000 0.000000
1.24324596 -1.65162504 -0.15863401 2620.000000 27.000000 4186.000000 0.000000
1.23666000 -1.66401005 -0.15921000 3058.000000 35.000000 3758.000000 0.000000
1.22937799 -1.67557299 -0.15968999 2878.000000 31.000000 3661.000000 0.000000
1.22492802 -1.69113600 -0.16065000 2250.000000 21.000000 3358.000000 0.000000
1.22497702 -1.71317506 -0.16237900 1093.000000 10.000000 4005.000000 0.000000
1.21559298 -1.72228301 -0.16257100 1182.000000 11.000000 4247.000000 0.000000
1.21184802 -1.73949802 -0.16372301 2418.000000 28.000000 2719.000000 0.000000
1.20341396 -1.75017703 -0.16410699 2722.000000 34.000000 2903.000000 0.000000
1.19265199 -1.75752795 -0.16410699 2653.000000 32.000000 2782.000000 0.000000
1.18517804 -1.76977003 -0.16468300 2200.000000 24.000000 2689.000000 0.000000
1.17099500 -1.77203202 -0.16410699 1476.000000 14.000000 3546.000000 0.000000
1.24901295 -1.63691998 -0.20877500 1566.000000 9.000000 4202.000000 0.000000
1.23954296 -1.64534605 -0.20889600 3434.000000 32.000000 3182.000000 0.000000
1.23771095 -1.66407800 -0.21058500 3713.000000 38.000000 2916.000000 0.000000
1.22336805 -1.66603696 -0.20974000 3096.000000 26.000000 2426.000000 0.000000
1.21603298 -1.67753303 -0.21034400 1618.000000 10.000000 3280.000000 0.000000
1.21824300 -1.72477698 -0.21517000 1129.000000 7.000000 3610.000000 0.000000
1.21331000 -1.74036598 -0.21637601 2496.000000 19.000000 2031.000000 0.000000
1.20373201 -1.74941397 -0.21661800 2914.000000 25.000000 1905.000000 0.000000
1.19297600 -1.75676703 -0.21661800 2961.000000 25.000000 2130.000000 0.000000
1.18990397 -1.77560401 -0.21830700 2112.000000 15.000000 2190.000000 0.000000
1.17242205 -1.77293098 -0.21685900 1221.000000 7.000000 3498.000000 0.000000
1.24323797 -1.64925396 -0.25773901 2088.000000 19.000000 3862.000000 0.000000
1.23487198 -1.65922904 -0.25817001 2737.000000 29.000000 3412.000000 0.000000
1.22466803 -1.66677499 -0.25817001 2870.000000 31.000000 2908.000000 0.000000
1.21208704 -1.67105806 -0.25759500 1972.000000 18.000000 3177.000000 0.000000
1.19372404 -1.66721404 -0.25558400 285.000000 2.000000 5101.000000 0.000000
1.21575606 -1.74252999 -0.26635900 1566.000000 15.000000 3045.000000 0.000000
1.20222700 -1.74588704 -0.26564100 1939.000000 20.000000 2440.000000 0.000000
1.19539702 -1.75895298 -0.26664600 2241.000000 25.000000 2454.000000 0.000000
1.17905402 -1.75804603 -0.26521000 1838.000000 19.000000 2378.000000 0.000000
1.16988802 -1.76771998 -0.26564100 1264.000000 12.000000 3051.000000 0.000000
1.24815798 -1.65679705 -0.31138101 2838.000000 22.000000 3262.000000 0.000000
1.23561800 -1.66125906 -0.31070700 3387.000000 31.000000 3023.000000 0.000000
1.22540104 -1.66881001 -0.31070700 3065.000000 25.000000 2077.000000 0.000000
1.21340406 -1.67390203 -0.31020200 2224.000000 15.000000 2425.000000 0.000000
1.21285403 -1.69494998 -0.31306401 433.000000 2.000000 3194.000000 0.000000
1.21730804 -1.74610901 -0.32063800 1956.000000 13.000000 2023.000000 0.000000
1.21159601 -1.76085699 -0.32215300 2720.000000 22.000000 1895.000000 0.000000
1.19855499 -1.76499498 -0.32148001 2617.000000 21.000000 1975.000000 0.000000
1.18989599 -1.77559304 -0.32215300 2700.000000 22.000000 2127.000000 0.000000
1.17463303 -1.77628005 -0.32080600 1574.000000 10.000000 2512.000000 0.000000
1.10290003 -1.69013095 -0.30178601 468.000000 2.000000 3200.000000 0.000000
1.24786496 -1.65182102 -0.36047399 860.000000 6.000000 4635.000000 0.000000
1.23711801 -1.65866101 -0.36028200 2158.000000 20.000000 3272.000000 0.000000
1.22341597 -1.66148603 -0.35913301 2706.000000 28.000000 3296.000000 0.000000
1.21204102 -1.66737497 -0.35874999 2450.000000 24.000000 2621.000000 0.000000
1.20006597 -1.67239201 -0.35817599 935.000000 7.000000 3367.000000 0.000000
1.21435702 -1.75954604 -0.37368700 1746.000000 18.000000 2791.000000 0.000000
1.20519996 -1.76939404 -0.37426099 1923.000000 20.000000 2214.000000 0.000000
1.19322300 -1.77512896 -0.37387800 2214.000000 25.000000 2177.000000 0.000000
1.18176401 -1.78160000 -0.37368700 1731.000000 17.000000 2266.000000 0.000000
1.16973197 -1.78717697 -0.37330401 669.000000 6.000000 3827.000000 0.000000
1.23957300 -1.66718495 -0.41487199 2964.000000 26.000000 3115.000000 0.000000
1.22989702 -1.67554700 -0.41508701 3094.000000 28.000000 2678.000000 0.000000
1.21386898 -1.67515099 -0.41293001 2671.000000 21.000000 1960.000000 0.000000
1.22172999 -1.70799303 -0.41983399 1100.000000 6.000000 2948.000000 0.000000
1.22968400 -1.76453197 -0.43105400 1250.000000 7.000000 2611.000000 0.000000
1.21883297 -1.77204394 -0.43105400 2601.000000 21.000000 2060.000000 0.000000
1.20191002 -1.77059901 -0.42868000 2300.000000 17.000000 1786.000000 0.000000
1.19699597 -1.78686798 -0.43105400 2591.000000 20.000000 1967.000000 0.000000
1.18278205 -1.78928995 -0.42975900 2052.000000 14.000000 2027.000000 0.000000
1.23077798 -1.66664004 -0.46448600 1546.000000 15.000000 3473.000000 0.000000
1.22167504 -1.67572701 -0.46496299 2379.000000 28.000000 3322.000000 0.000000
1.21250796 -1.68476605 -0.46544099 2593.000000 31.000000 2733.000000 0.000000
1.21680903 -1.71272898 -0.47164699 1935.000000 20.000000 2411.000000 0.000000
1.20292306 -1.71539903 -0.47021499 646.000000 5.000000 3177.000000 0.000000
1.21254098 -1.77487803 -0.48358199 1985.000000 21.000000 2534.000000 0.000000
1.20598197 -1.78871799 -0.48549199 2093.000000 23.000000 2340.000000 0.000000
1.19120896 -1.79043102 -0.48382100 1775.000000 18.000000 2075.000000 0.000000
1.18500996 -1.80500400 -0.48596901 2003.000000 21.000000 2390.000000 0.000000
1.16438198 -1.79758799 -0.48167199 640.000000 5.000000 3228.000000 0.000000
1.31314504 -1.70055103 -0.54018003 642.000000 3.000000 1717.000000 0.000000
1.23451900 -1.68245900 -0.52334601 1081.000000 6.000000 2183.000000 0.000000
1.22304106 -1.68843901 -0.52282000 2833.000000 24.000000 2925.000000 0.000000
1.21041501 -1.69277096 -0.52176797 3223.000000 30.000000 2716.000000 0.000000
1.20389700 -1.70568597 -0.52360898 2510.000000 19.000000 1949.000000 0.000000
1.19616306 -1.71700096 -0.52492398 2398.000000 18.000000 2519.000000 0.000000
1.20417404 -1.75135005 -0.53386700 1862.000000 13.000000 2034.000000 0.000000
1.20801795 -1.78026998 -0.54096901 2698.000000 22.000000 1806.000000 0.000000
1.18473601 -1.76920295 -0.53491998 2317.000000 17.000000 1573.000000 0.000000
1.18608105 -1.79496002 -0.54096901 2175.000000 16.000000 1828.000000 0.000000
1.19136405 -1.82726705 -0.54912299 1308.000000 8.000000 2228.000000 0.000000
1.31121194 -1.72483802 -0.59971398 695.000000 6.000000 2571.000000 0.000000
1.21585596 -1.70580006 -0.57828701 1626.000000 16.000000 3279.000000 0.000000
1.19873202 -1.70383501 -0.57485902 2070.000000 23.000000 3024.000000 0.000000
1.19263899 -1.71744704 -0.57714498 2296.000000 26.000000 2850.000000 0.000000
1.18044901 -1.72236502 -0.57628798 2138.000000 24.000000 2422.000000 0.000000
1.16931999 -1.72878206 -0.57600200 1687.000000 17.000000 2346.000000 0.000000
1.16562700 -1.74627399 -0.57971603 1836.000000 19.000000 3309.000000 0.000000
1.15436101 -1.75259304 -0.57942998 1793.000000 18.000000 3374.000000 0.000000
1.16348898 -1.79014003 -0.59028602 1180.000000 11.000000 2621.000000 0.000000
1.21857595 -1.68532300 -0.63072801 2042.000000 14.000000 2118.000000 0.000000
1.20600498 -1.68967104 -0.62948900 2186.000000 16.000000 2421.000000 0.000000
1.19178498 -1.69159603 -0.62731999 2501.000000 19.000000 2347.000000 0.000000
1.18138301 -1.69887602 -0.62731999 2500.000000 19.000000 2438.000000 0.000000
1.16448605 -1.69668198 -0.62360197 2703.000000 22.000000 2406.000000 0.000000
1.15405405 -1.70379496 -0.62360197 2770.000000 23.000000 2217.000000 0.000000
1.15307903 -1.72507906 -0.62917900 2111.000000 15.000000 2033.000000 0.000000
1.13776505 -1.72497499 -0.62639099 2439.000000 19.000000 2112.000000 0.000000
1.13182294 -1.73909903 -0.62917900 2047.000000 14.000000 2165.000000 0.000000
1.22491205 -1.71159804 -0.69315499 1525.000000 15.000000 2338.000000 0.000000
1.20729196 -1.70907998 -0.68883902 1624.000000 16.000000 2137.000000 0.000000
1.18866706 -1.70486498 -0.68385899 1865.000000 20.000000 1915.000000 0.000000
1.17872000 -1.71290195 -0.68419099 2012.000000 22.000000 1976.000000 0.000000
1.17615998 -1.73179197 -0.68917102 1508.000000 15.000000 1848.000000 0.000000
1.17446601 -1.75227904 -0.69481498 1367.000000 13.000000 1591.000000 0.000000
1.16369200 -1.75945199 -0.69481498 1447.000000 14.000000 1965.000000 0.000000
1.14615202 -1.75630295 -0.69049901 1831.000000 19.000000 2296.000000 0.000000
1.18298900 -1.83696902 -0.72137499 1358.000000 15.000000 2117.000000 0.000000
1.20477998 -1.73320699 -0.75583500 2357.000000 18.000000 2590.000000 0.000000
1.19517899 -1.74210799 -0.75654697 2420.000000 19.000000 2073.000000 0.000000
1.17975605 -1.74244201 -0.75334197 2648.000000 21.000000 2325.000000 0.000000
1.16800499 -1.74809301 -0.75263000 3063.000000 28.000000 2725.000000 0.000000
1.15828502 -1.75678802 -0.75334197 2547.000000 20.000000 2493.000000 0.000000
-0.95835602 2.34090900 -0.32511801 1848.000000 25.000000 2797.000000 0.000000
-0.93878400 2.33389902 -0.32310700 1931.000000 27.000000 3375.000000 0.000000
-0.94379598 2.38836598 -0.33072099 1066.000000 13.000000 3854.000000 0.000000
-0.98189902 2.32178402 -0.38762799 1783.000000 15.000000 2297.000000 0.000000
-0.96234399 2.31502008 -0.38527200 2185.000000 20.000000 2319.000000 0.000000
-0.94476998 2.31266594 -0.38375700 2520.000000 25.000000 2774.000000 0.000000
-0.93092901 2.31933498 -0.38392499 2326.000000 22.000000 3147.000000 0.000000
-0.93148398 2.36260891 -0.39082599 1608.000000 13.000000 3897.000000 0.000000
-0.92301297 2.38390994 -0.39368799 972.000000 7.000000 4554.000000 0.000000
-0.90836799 2.38952899 -0.39368799 1043.000000 8.000000 4819.000000 0.000000
-0.99784201 2.30836606 -0.44722101 1275.000000 16.000000 3287.000000 0.000000
-0.99021000 2.32979107 -0.45047599 1577.000000 20.000000 2777.000000 0.000000
-0.96678102 2.31410193 -0.44588000 1410.000000 18.000000 2548.000000 0.000000
-0.94171101 2.29367709 -0.44032699 1820.000000 25.000000 2772.000000 0.000000
-0.92835701 2.30123091 -0.44071001 1880.000000 26.000000 3003.000000 0.000000
-0.91603500 2.31144404 -0.44166699 1771.000000 24.000000 3495.000000 0.000000
-0.92078000 2.36546803 -0.45181701 1222.000000 15.000000 5008.000000 0.000000
-0.91293299 2.38848209 -0.45545501 182.000000 2.000000 4435.000000 0.000000
-0.94850099 2.28278399 -0.50203800 1653.000000 14.000000 2615.000000 0.000000
-0.92894697 2.27499795 -0.49880201 2677.000000 28.000000 2434.000000 0.000000
-0.91496998 2.28065491 -0.49880201 2725.000000 29.000000 2629.000000 0.000000
-0.90417701 2.29440403 -0.50074297 2468.000000 24.000000 3086.000000 0.000000
-0.90908599 2.34909296 -0.51239401 1670.000000 14.000000 3767.000000 0.000000
-0.93604797 2.27104712 -0.55901200 1566.000000 20.000000 2718.000000 0.000000
-0.91806901 2.26685309 -0.55638599 1961.000000 27.000000 2714.000000 0.000000
-0.90233999 2.26793504 -0.55519301 2145.000000 31.000000 3130.000000 0.000000
-0.89018202 2.27794909 -0.55638599 1578.000000 20.000000 3731.000000 0.000000
-0.88911498 2.31689191 -0.56521797 451.000000 5.000000 3959.000000 0.000000
-0.95429403 2.29786611 -0.63276702 1573.000000 13.000000 2838.000000 0.000000
-0.91942298 2.25275207 -0.61777401 2272.000000 21.000000 2273.000000 0.000000
-0.90271503 2.25118494 -0.61567003 2549.000000 26.000000 2394.000000 0.000000
-0.88888502 2.25668097 -0.61567003 2600.000000 27.000000 2874.000000 0.000000
-0.87814897 2.27019310 -0.61803699 2053.000000 19.000000 2785.000000 0.000000
-0.88883102 2.34049106 -0.63697600 706.000000 5.000000 3186.000000 0.000000
-0.95711201 2.31175709 -0.69970500 1242.000000 15.000000 2980.000000 0.000000
-0.91789198 2.25637698 -0.67999202 1849.000000 25.000000 2830.000000 0.000000
-0.89652997 2.24329209 -0.67399299 2008.000000 28.000000 2941.000000 0.000000
-0.88239700 2.24785900 -0.67370701 2070.000000 30.000000 3230.000000 0.000000
-0.86962700 2.25591207 -0.67456400 1636.000000 22.000000 3899.000000 0.000000
-0.88097900 2.32748795 -0.69570500 347.000000 4.000000 4700.000000 0.000000
-0.91399699 2.24497795 -0.74289298 1864.000000 16.000000 2463.000000 0.000000
-0.88927400 2.22317100 -0.73328799 2504.000000 25.000000 2332.000000 0.000000
-0.87526900 2.22770095 -0.73297799 2525.000000 25.000000 2649.000000 0.000000
-0.86124200 2.23214293 -0.73266798 2348.000000 23.000000 2890.000000 0.000000
-0.86434501 2.28185105 -0.74816000 1349.000000 11.000000 3596.000000 0.000000
-0.93684101 2.29031801 -0.82329702 1253.000000 15.000000 2344.000000 0.000000
-0.89239597 2.22080302 -0.79474598 1678.000000 22.000000 2638.000000 0.000000
-0.87666500 2.22097611 -0.79275399 1806.000000 25.000000 2733.000000 0.000000
-0.86062402 2.22016001 -0.79043001 1893.000000 26.000000 3101.000000 0.000000
-0.85406297 2.24390101 -0.79740202 1618.000000 21.000000 3743.000000 0.000000
-0.87277800 2.33563900 -0.82993698 1021.000000 12.000000 3745.000000 0.000000
-0.87658602 2.19249797 -0.85126603 2051.000000 19.000000 2422.000000 0.000000
-0.86550403 2.20392489 -0.85375798 2358.000000 23.000000 2461.000000 0.000000
-0.84961402 2.20308995 -0.85126603 2469.000000 25.000000 2598.000000 0.000000
-0.84929502 2.24322510 -0.86550897 2189.000000 21.000000 3229.000000 0.000000
-0.84396499 2.27117300 -0.87476701 2251.000000 22.000000 4626.000000 0.000000
-0.84535599 2.31845689 -0.89186001 1593.000000 13.000000 3856.000000 0.000000
-0.88240898 2.21980309 -0.92522103 1481.000000 19.000000 2350.000000 0.000000
-0.85185897 2.18207788 -0.90633702 1718.000000 23.000000 2431.000000 0.000000
-0.83945298 2.18985605 -0.90746999 1716.000000 23.000000 2763.000000 0.000000
-0.82796699 2.20016193 -0.90973598 1621.000000 22.000000 2946.000000 0.000000
-0.83346802 2.25641394 -0.93201900 1103.000000 13.000000 1848.000000 0.000000
-0.83101898 2.29280496 -0.94561499 1289.000000 16.000000 2076.000000 0.000000
-0.81662297 2.29698896 -0.94523799 1369.000000 17.000000 2675.000000 0.000000
-0.79914498 2.29234505 -0.94108301 922.000000 11.000000 3592.000000 0.000000
-0.81154603 2.37426400 -0.97431898 459.000000 6.000000 1940.000000 0.000000
-0.89848202 2.25074100 -1.01323700 1206.000000 9.000000 2198.000000 0.000000
-0.84994000 2.16752696 -0.97145200 2248.000000 22.000000 2255.000000 0.000000
-0.83333802 2.16415405 -0.96743399 2380.000000 24.000000 2424.000000 0.000000
-0.83168298 2.20006990 -0.98189801 1740.000000 15.000000 2362.000000 0.000000
-0.81848598 2.20599103 -0.98229998 1691.000000 14.000000 2515.000000 0.000000
-0.82557797 2.26777506 -1.00881803 2111.000000 20.000000 2091.000000 0.000000
-0.81410700 2.27969790 -1.01203203 1857.000000 16.000000 1868.000000 0.000000
-0.80131298 2.28810811 -1.01363897 1893.000000 17.000000 2035.000000 0.000000
-0.78458601 2.28518605 -1.01002300 1474.000000 12.000000 2654.000000 0.000000
-0.85597402 2.17599702 -1.04066205 1483.000000 19.000000 2382.000000 0.000000
-0.83309197 2.15671206 -1.02839696 1861.000000 26.000000 2423.000000 0.000000
-0.82468599 2.17448306 -1.03474104 1297.000000 16.000000 2131.000000 0.000000
-0.81545800 2.19053507 -1.04023898 1414.000000 18.000000 2614.000000 0.000000
-0.80793798 2.21165895 -1.04827499 1420.000000 18.000000 2286.000000 0.000000
-0.80049700 2.23362398 -1.05673397 1337.000000 17.000000 1881.000000 0.000000
-0.79432601 2.25985289 -1.06730700 1316.000000 17.000000 2677.000000 0.000000
1.18289304 2.16458511 -0.43783799 1441.000000 18.000000 3005.000000 0.000000
1.19757605 2.15986395 -0.43841201 1948.000000 27.000000 3163.000000 0.000000
1.20936704 2.14990592 -0.43783799 1921.000000 26.000000 3058.000000 0.000000
1.22447598 2.14585805 -0.43860301 828.000000 9.000000 3554.000000 0.000000
1.15361500 2.26329994 -0.51714098 402.000000 2.000000 3662.000000 0.000000
1.16119099 2.24404097 -0.51411998 2349.000000 23.000000 3289.000000 0.000000
1.17675698 2.24033093 -0.51498300 3107.000000 36.000000 3091.000000 0.000000
1.19002104 2.23220706 -0.51476800 3139.000000 37.000000 2558.000000 0.000000
1.19299901 2.20511603 -0.50980502 2387.000000 23.000000 2329.000000 0.000000
1.19474804 2.17636204 -0.50441098 2622.000000 27.000000 2411.000000 0.000000
1.19999397 2.15449190 -0.50074297 2832.000000 30.000000 2541.000000 0.000000
1.21703804 2.15388799 -0.50246900 2623.000000 27.000000 2705.000000 0.000000
1.22974503 2.14553308 -0.50225401 1194.000000 9.000000 3451.000000 0.000000
1.15439701 2.24931312 -0.57667601 819.000000 9.000000 4624.000000 0.000000
1.16101897 2.22839594 -0.57285702 2138.000000 31.000000 3520.000000 0.000000
1.17602801 2.22380805 -0.57357299 2702.000000 44.000000 3522.000000 0.000000
1.18553102 2.20884299 -0.57142502 2248.000000 33.000000 2749.000000 0.000000
1.19489300 2.19384503 -0.56927598 1815.000000 25.000000 2897.000000 0.000000
1.19474995 2.16180205 -0.56235403 2002.000000 28.000000 2905.000000 0.000000
1.20515001 2.14934397 -0.56092203 2083.000000 30.000000 2939.000000 0.000000
1.22070897 2.14613295 -0.56211501 1883.000000 26.000000 3224.000000 0.000000
1.24546897 2.15880799 -0.56784397 857.000000 10.000000 4364.000000 0.000000
1.16071904 2.24218202 -0.64276201 1400.000000 11.000000 3164.000000 0.000000
1.16996300 2.22648001 -0.64013201 2893.000000 32.000000 2958.000000 0.000000
1.18542004 2.22266293 -0.64118397 3172.000000 38.000000 2651.000000 0.000000
1.19811594 2.21365094 -0.64065802 2834.000000 31.000000 2121.000000 0.000000
1.19261706 2.17159700 -0.62987399 2434.000000 24.000000 2532.000000 0.000000
1.20121801 2.15581298 -0.62724298 2534.000000 25.000000 2344.000000 0.000000
1.20872104 2.13832593 -0.62408698 2620.000000 27.000000 2453.000000 0.000000
1.21941698 2.12668490 -0.62277198 2237.000000 21.000000 2600.000000 0.000000
1.27176702 2.18669605 -0.64407700 809.000000 6.000000 3532.000000 0.000000
1.16498494 2.24456906 -0.70770401 795.000000 9.000000 4272.000000 0.000000
1.17205501 2.22464991 -0.70341903 2202.000000 32.000000 3648.000000 0.000000
1.18433201 2.21487904 -0.70256197 2502.000000 39.000000 3195.000000 0.000000
1.19425404 2.20082593 -0.70027602 2276.000000 34.000000 2759.000000 0.000000
1.19621396 2.17245102 -0.69313401 1943.000000 27.000000 2996.000000 0.000000
1.20253098 2.15250993 -0.68884897 2029.000000 29.000000 2996.000000 0.000000
1.21006203 2.13507700 -0.68542099 2148.000000 31.000000 3116.000000 0.000000
1.22171104 2.12511706 -0.68456298 2096.000000 30.000000 3144.000000 0.000000
1.24627995 2.13746905 -0.69142002 920.000000 11.000000 4542.000000 0.000000
1.16657305 2.21539593 -0.76892000 2277.000000 22.000000 3174.000000 0.000000
1.18328500 2.21406388 -0.77108902 3134.000000 37.000000 2902.000000 0.000000
1.19730198 2.20759797 -0.77139902 3156.000000 37.000000 2518.000000 0.000000
1.19889498 2.17855811 -0.76334298 2468.000000 25.000000 2420.000000 0.000000
1.20760000 2.16286206 -0.76024401 2341.000000 23.000000 2543.000000 0.000000
1.21287405 2.14135194 -0.75497699 2588.000000 26.000000 2377.000000 0.000000
1.22172403 2.12645197 -0.75218803 2484.000000 25.000000 2471.000000 0.000000
1.23810196 2.12466502 -0.75435698 1910.000000 17.000000 3071.000000 0.000000
1.17775702 2.21266103 -0.83458501 1897.000000 26.000000 3384.000000 0.000000
1.19086397 2.20456195 -0.83425301 2485.000000 39.000000 3459.000000 0.000000
1.20210898 2.19307399 -0.83259302 2293.000000 34.000000 2984.000000 0.000000
1.20640004 2.16915488 -0.82595301 1637.000000 22.000000 2940.000000 0.000000
1.20027494 2.12717509 -0.81200999 1781.000000 24.000000 2843.000000 0.000000
1.21423900 2.12140894 -0.81267399 1864.000000 26.000000 2855.000000 0.000000
1.23006594 2.11881900 -0.81466502 1670.000000 22.000000 2911.000000 0.000000
1.25067997 2.12424898 -0.81997699 724.000000 8.000000 3327.000000 0.000000
1.17718804 2.23459196 -0.91393697 1068.000000 9.000000 3109.000000 0.000000
1.17411697 2.19602203 -0.90040600 2200.000000 21.000000 2321.000000 0.000000
1.19381499 2.20027089 -0.90539098 2681.000000 28.000000 2256.000000 0.000000
1.20819497 2.19454193 -0.90610301 2418.000000 24.000000 2143.000000 0.000000
1.20019996 2.14875603 -0.88936698 2206.000000 21.000000 2141.000000 0.000000
1.20413995 2.12509608 -0.88224500 2201.000000 21.000000 2212.000000 0.000000
1.21575797 2.11523700 -0.88117701 2275.000000 22.000000 2167.000000 0.000000
1.22635901 2.10370302 -0.87939698 2237.000000 21.000000 2445.000000 0.000000
1.23971999 2.09694195 -0.87975299 1083.000000 8.000000 2597.000000 0.000000
1.15654695 2.21833706 -0.97129798 1192.000000 17.000000 2713.000000 0.000000
1.16020596 2.19235897 -0.96261102 1334.000000 17.000000 2659.000000 0.000000
1.17581999 2.18928099 -0.96449900 1104.000000 13.000000 2292.000000 0.000000
1.17465401 2.15517092 -0.95203602 688.000000 8.000000 2043.000000 0.000000
1.18428099 2.14143395 -0.94901502 232.000000 2.000000 1617.000000 0.000000
1.17797506 2.09937191 -0.93277401 115.000000 1.000000 1665.000000 0.000000
1.19677103 2.10257602 -0.93768400 147.000000 1.000000 1669.000000 0.000000
1.19718695 2.07352090 -0.92748702 394.000000 4.000000 1705.000000 0.000000
1.24487495 2.12612295 -0.95581299 778.000000 9.000000 1975.000000 0.000000
1.26214004 2.12561703 -0.95921201 855.000000 10.000000 2722.000000 0.000000
1.16437602 2.20753288 -1.04497898 1348.000000 13.000000 1861.000000 0.000000
1.16838205 2.18259096 -1.03613901 1535.000000 15.000000 1914.000000 0.000000
1.17650104 2.16572809 -1.03131795 1759.000000 18.000000 2165.000000 0.000000
1.18976700 2.15846801 -1.03131795 1658.000000 16.000000 1935.000000 0.000000
1.19806802 2.14233899 -1.02689803 1836.000000 16.000000 2022.000000 0.000000
1.20304894 2.12061501 -1.01966596 1688.000000 14.000000 2245.000000 0.000000
1.21146595 2.10525894 -1.01564801 1929.000000 17.000000 2389.000000 0.000000
1.22297502 2.09541392 -1.01444304 1952.000000 18.000000 2553.000000 0.000000
1.24001098 2.09495997 -1.01805902 1653.000000 14.000000 2776.000000 0.000000
