1.68782997 -1.68226194 -0.79109401 144.000000 1.000000 2638.000000 3.000000
1.52935004 -1.66690600 -0.81352103 353.000000 2.000000 1631.000000 3.000000
1.49526405 -1.64993203 -0.79998899 214.000000 1.000000 1339.000000 3.000000
1.48075294 -1.65419996 -0.79749697 228.000000 1.000000 1147.000000 3.000000
1.46006000 -1.65134704 -0.79144299 173.000000 1.000000 1306.000000 3.000000
1.44437206 -1.65393698 -0.78823900 122.000000 1.000000 2273.000000 3.000000
1.42626703 -1.65356398 -0.78360999 172.000000 1.000000 2776.000000 3.000000
0.52619302 -1.66825902 -0.82158601 330.000000 1.000000 1466.000000 3.000000
0.51621002 -1.67231095 -0.82203299 237.000000 1.000000 1527.000000 3.000000
0.50542301 -1.67373395 -0.82113898 269.000000 1.000000 1353.000000 3.000000
0.49539599 -1.67766201 -0.82158601 306.000000 1.000000 1452.000000 3.000000
0.48410401 -1.67723095 -0.81979901 223.000000 1.000000 1605.000000 3.000000
0.47065499 -1.66897202 -0.81399298 147.000000 1.000000 2287.000000 3.000000
0.45922101 -1.66751504 -0.81175900 143.000000 1.000000 2497.000000 3.000000
0.45037001 -1.67548704 -0.81443900 174.000000 1.000000 2175.000000 3.000000
0.73536199 -1.67195296 -0.91351402 441.000000 3.000000 2409.000000 3.000000
0.72156000 -1.66832805 -0.90883899 261.000000 1.000000 2100.000000 3.000000
0.71096200 -1.67191100 -0.90837097 255.000000 1.000000 1747.000000 3.000000
0.69657600 -1.66646397 -0.90276200 163.000000 1.000000 1747.000000 3.000000
0.68464798 -1.66662300 -0.90042502 122.000000 1.000000 1638.000000 3.000000
0.67041498 -1.66096497 -0.89481503 105.000000 1.000000 1566.000000 3.000000
0.66119403 -1.66751003 -0.89621699 103.000000 1.000000 1607.000000 3.000000
0.64901400 -1.66659796 -0.89341301 94.000000 1.000000 1616.000000 3.000000
0.63718700 -1.66642404 -0.89107502 85.000000 1.000000 1590.000000 3.000000
0.62663698 -1.66947496 -0.89060801 155.000000 1.000000 1741.000000 3.000000
0.61115301 -1.65919900 -0.88266098 120.000000 1.000000 1674.000000 3.000000
0.59975100 -1.65959597 -0.88079101 118.000000 1.000000 1557.000000 3.000000
0.58420402 -1.64826000 -0.87237698 85.000000 1.000000 1647.000000 3.000000
0.57407999 -1.65181303 -0.87237698 80.000000 1.000000 1667.000000 3.000000
0.56393301 -1.65530396 -0.87237698 143.000000 1.000000 1754.000000 3.000000
0.54812598 -1.64197695 -0.86302698 97.000000 1.000000 1888.000000 3.000000
0.54302400 -1.66042101 -0.87144202 115.000000 1.000000 1993.000000 3.000000
0.53173900 -1.66035700 -0.86957198 102.000000 1.000000 2329.000000 3.000000
-0.34610301 -1.65999198 -0.84432799 83.000000 1.000000 1800.000000 3.000000
-0.35664901 -1.65956700 -0.84526300 65.000000 1.000000 1728.000000 3.000000
-0.36871299 -1.66598296 -0.84993798 99.000000 1.000000 1702.000000 3.000000
-0.38009399 -1.66886401 -0.85274303 101.000000 1.000000 1576.000000 3.000000
-0.39291900 -1.67769599 -0.85882002 114.000000 1.000000 1545.000000 3.000000
-0.40484399 -1.68213296 -0.86255997 124.000000 1.000000 1606.000000 3.000000
-0.41326800 -1.67188895 -0.85835201 105.000000 1.000000 1566.000000 3.000000
-0.42351800 -1.66932201 -0.85835201 82.000000 1.000000 1608.000000 3.000000
-0.43265101 -1.66241097 -0.85601503 98.000000 1.000000 1673.000000 3.000000
-0.44171399 -1.65545201 -0.85367799 99.000000 1.000000 1514.000000 3.000000
-0.45324901 -1.65783000 -0.85648298 121.000000 1.000000 1562.000000 3.000000
-0.46294099 -1.65331399 -0.85554802 88.000000 1.000000 1494.000000 3.000000
-0.47162801 -1.64533997 -0.85274303 71.000000 1.000000 1522.000000 3.000000
-0.48812801 -1.66448700 -0.86489701 108.000000 1.000000 1500.000000 3.000000
-0.50336897 -1.67840803 -0.87424600 126.000000 1.000000 1449.000000 3.000000
-0.51237297 -1.67105901 -0.87190902 176.000000 1.000000 1561.000000 3.000000
-0.52602601 -1.67885804 -0.87798601 142.000000 1.000000 1469.000000 3.000000
-0.53685200 -1.67728400 -0.87892097 113.000000 1.000000 1565.000000 3.000000
-0.54713398 -1.67395794 -0.87892097 67.000000 1.000000 1531.000000 3.000000
-0.55406201 -1.66049898 -0.87331098 76.000000 1.000000 1556.000000 3.000000
-0.56621999 -1.66293001 -0.87658399 64.000000 1.000000 1783.000000 3.000000
-0.57986897 -1.66945398 -0.88219303 36.000000 1.000000 1886.000000 3.000000
-0.71245497 -1.67703998 -0.91117603 58.000000 1.000000 1737.000000 3.000000
-0.72412699 -1.67588603 -0.91304600 63.000000 1.000000 1647.000000 3.000000
-0.73828697 -1.68032300 -0.91818798 63.000000 1.000000 1490.000000 3.000000
-0.73997498 -1.65637004 -0.90696901 55.000000 1.000000 1534.000000 3.000000
-0.08442800 -1.64892101 -0.87650901 306.000000 1.000000 2339.000000 3.000000
-0.17838900 -1.67033505 -0.89270401 244.000000 1.000000 1701.000000 3.000000
-0.18814200 -1.66488099 -0.89025003 376.000000 2.000000 1726.000000 3.000000
-0.19586100 -1.64293301 -0.87847197 619.000000 3.000000 1542.000000 3.000000
-0.20648400 -1.64602196 -0.88092601 523.000000 2.000000 1603.000000 3.000000
-0.21726599 -1.64990699 -0.88387001 438.000000 2.000000 1728.000000 3.000000
-0.22678700 -1.64422798 -0.88141698 193.000000 1.000000 2261.000000 3.000000
-1.58414996 2.00283599 0.92801601 30.000000 1.000000 11827.000000 3.000000
-1.54041600 1.97242606 0.91007900 98.000000 1.000000 11211.000000 3.000000
-1.52539802 1.97811103 0.90841901 138.000000 2.000000 11526.000000 3.000000
-1.51151502 1.98518503 0.90742201 149.000000 2.000000 11957.000000 3.000000
-1.46130896 1.99443197 0.89945000 30.000000 1.000000 11434.000000 3.000000
-1.44350302 1.99572694 0.89612901 112.000000 1.000000 11076.000000 3.000000
-1.43727303 2.01298094 0.89978200 227.000000 3.000000 10548.000000 3.000000
-1.42543900 2.02253199 0.90011501 95.000000 1.000000 10874.000000 3.000000
-1.38927495 2.02356100 0.89313900 182.000000 2.000000 12034.000000 3.000000
-1.97573805 1.95567906 0.93372399 212.000000 2.000000 11175.000000 3.000000
-1.90824103 1.95967698 0.91918498 99.000000 1.000000 9994.000000 3.000000
-1.89024997 1.96517801 0.91640103 131.000000 1.000000 9308.000000 3.000000
-1.87488401 1.97329104 0.91485399 204.000000 2.000000 9563.000000 3.000000
-1.85948801 1.98128903 0.91330701 155.000000 2.000000 9936.000000 3.000000
-1.84341896 1.98847497 0.91145098 163.000000 2.000000 10189.000000 3.000000
-1.82540703 1.99343395 0.90866703 140.000000 1.000000 10430.000000 3.000000
