2.95519805 -1.48394895 -0.68651098 1796.000000 27.000000 3977.000000 0.000000
2.95406890 -1.57533801 -0.69557297 854.000000 11.000000 3808.000000 0.000000
2.90313601 -1.57111001 -0.68521601 1189.000000 16.000000 3126.000000 0.000000
2.89757991 -1.66132402 -0.69384700 1340.000000 19.000000 2303.000000 0.000000
2.91686797 -1.69626403 -0.70139802 2191.000000 38.000000 2992.000000 0.000000
2.89379311 -1.70668399 -0.69816202 1353.000000 19.000000 3098.000000 0.000000
2.95861793 -1.60985601 -0.78315401 583.000000 10.000000 3757.000000 0.000000
2.94953489 -1.62844801 -0.78339303 497.000000 8.000000 2664.000000 0.000000
2.94622707 -1.67409599 -0.78816700 522.000000 9.000000 3739.000000 0.000000
2.90811610 -1.67617202 -0.78029001 948.000000 17.000000 4077.000000 0.000000
2.92908502 -1.68007803 -0.87501901 1120.000000 16.000000 2792.000000 0.000000
2.95123601 -1.71695197 -0.88527697 587.000000 8.000000 3229.000000 0.000000
2.94789696 -1.71704996 -0.97082299 1008.000000 19.000000 3353.000000 0.000000
2.91087389 -1.76804101 -0.96910900 635.000000 11.000000 3388.000000 0.000000
2.89752102 -1.78436399 -0.96825200 1839.000000 39.000000 3728.000000 0.000000
2.88895798 -1.80362904 -0.96910900 1398.000000 27.000000 3805.000000 0.000000
2.95081592 -1.72012901 -1.06606305 883.000000 12.000000 2812.000000 0.000000
2.93611407 -1.73578203 -1.06451404 1352.000000 20.000000 3002.000000 0.000000
2.91418600 -1.79602098 -1.06854200 1414.000000 21.000000 2739.000000 0.000000
2.88618302 -1.80328202 -1.06203496 2372.000000 43.000000 3038.000000 0.000000
2.89112401 -1.83113801 -1.06823206 1340.000000 20.000000 3246.000000 0.000000
2.88111496 -1.81571901 -1.15097797 1126.000000 21.000000 3313.000000 0.000000
2.85719109 -1.82525301 -1.14566600 1564.000000 32.000000 3228.000000 0.000000
2.84435296 -1.84172702 -1.14500201 799.000000 14.000000 2418.000000 0.000000
2.86759400 -1.81691802 -1.24509704 1231.000000 18.000000 2626.000000 0.000000
2.84145594 -1.82487905 -1.23833096 1362.000000 20.000000 2483.000000 0.000000
2.83881807 -1.84789002 -1.24224806 1190.000000 17.000000 2135.000000 0.000000
2.83522511 -1.87042296 -1.24580896 1443.000000 22.000000 2652.000000 0.000000
2.83223701 -1.89350104 -1.24972606 1193.000000 18.000000 2466.000000 0.000000
2.81824493 -1.90927005 -1.24865699 1022.000000 15.000000 2846.000000 0.000000
1.89681995 -1.78435194 -0.94384801 1478.000000 17.000000 3298.000000 0.000000
1.89192295 -1.80175996 -0.94705302 2589.000000 37.000000 2939.000000 0.000000
1.88083196 -1.81333494 -0.94705302 1814.000000 22.000000 3186.000000 0.000000
1.89233696 -1.70076704 -0.98867100 1253.000000 19.000000 2748.000000 0.000000
1.88392305 -1.71421194 -0.98980403 903.000000 13.000000 2980.000000 0.000000
1.90397203 -1.79745996 -1.01888502 836.000000 12.000000 2834.000000 0.000000
1.88352203 -1.80016696 -1.01359797 1646.000000 26.000000 2955.000000 0.000000
1.87977195 -1.81876099 -1.01775205 1418.000000 22.000000 3221.000000 0.000000
1.88381398 -1.84513903 -1.02643895 483.000000 6.000000 3076.000000 0.000000
1.89964604 -1.90675998 -1.04872203 921.000000 14.000000 3735.000000 0.000000
1.87750304 -1.90783596 -1.04267895 451.000000 6.000000 3040.000000 0.000000
1.92593002 -1.72641599 -1.08475602 1510.000000 17.000000 3787.000000 0.000000
1.88886702 -1.71418595 -1.06908596 2152.000000 28.000000 3451.000000 0.000000
1.88774896 -1.73442197 -1.07471097 1889.000000 23.000000 3953.000000 0.000000
1.87975204 -1.74846900 -1.07631803 1854.000000 23.000000 3781.000000 0.000000
1.87098706 -1.76185405 -1.07752299 1950.000000 24.000000 3466.000000 0.000000
1.87802804 -1.79037094 -1.08837199 2140.000000 28.000000 3469.000000 0.000000
1.86898303 -1.80376899 -1.08957696 2311.000000 31.000000 3603.000000 0.000000
1.87621105 -1.83313203 -1.10082698 1763.000000 21.000000 3474.000000 0.000000
1.85972202 -1.83945501 -1.09761298 1265.000000 14.000000 3619.000000 0.000000
1.86974299 -1.87222505 -1.11087203 653.000000 7.000000 3547.000000 0.000000
1.94257605 -1.75824106 -1.17219496 907.000000 14.000000 3138.000000 0.000000
1.92372203 -1.76279402 -1.16711998 985.000000 16.000000 2993.000000 0.000000
1.92843795 -1.83343506 -1.19122696 1179.000000 19.000000 2812.000000 0.000000
1.90734398 -1.83582306 -1.18488300 1515.000000 26.000000 2903.000000 0.000000
1.89539397 -1.84686005 -1.18446004 1559.000000 27.000000 2619.000000 0.000000
1.88854897 -1.86290300 -1.18742001 1117.000000 18.000000 2481.000000 0.000000
1.87772501 -1.87509501 -1.18784297 1224.000000 20.000000 2767.000000 0.000000
0.89947098 -1.88311505 -0.80209702 416.000000 3.000000 4041.000000 0.000000
0.93357003 -1.82901001 -0.85091501 1823.000000 12.000000 2642.000000 0.000000
0.92890197 -1.84779894 -0.85734397 2406.000000 19.000000 2891.000000 0.000000
0.91754597 -1.85346401 -0.85734397 2065.000000 15.000000 2981.000000 0.000000
0.91336900 -1.87388098 -0.86457598 1587.000000 10.000000 3311.000000 0.000000
0.90422702 -1.88440502 -0.86698699 479.000000 2.000000 4256.000000 0.000000
0.93217200 -1.82291102 -0.90490001 537.000000 4.000000 3496.000000 0.000000
0.93201900 -1.85042500 -0.91631901 1584.000000 15.000000 2878.000000 0.000000
0.92145598 -1.85773098 -0.91716498 2008.000000 21.000000 2852.000000 0.000000
0.90524799 -1.85358799 -0.91209000 1833.000000 19.000000 2807.000000 0.000000
0.89859003 -1.86889803 -0.91716498 1677.000000 17.000000 2987.000000 0.000000
0.89177698 -1.88419604 -0.92224002 867.000000 7.000000 3502.000000 0.000000
0.95307302 -1.87126803 -0.99667901 882.000000 6.000000 2969.000000 0.000000
0.93035603 -1.85468102 -0.98417199 2189.000000 19.000000 3017.000000 0.000000
0.92133301 -1.86517000 -0.98685300 2450.000000 23.000000 2984.000000 0.000000
0.91299701 -1.87722600 -0.99042600 2647.000000 26.000000 3067.000000 0.000000
0.90146101 -1.88279295 -0.99042600 2761.000000 28.000000 3069.000000 0.000000
0.89141500 -1.89152706 -0.99221200 1802.000000 15.000000 2536.000000 0.000000
0.92225200 -1.71141899 -0.97568703 1373.000000 13.000000 2182.000000 0.000000
0.90798700 -1.71002698 -0.97147900 697.000000 6.000000 2962.000000 0.000000
0.94277298 -1.88502300 -1.06216800 807.000000 8.000000 2837.000000 0.000000
0.92413002 -1.87651098 -1.05375397 1213.000000 13.000000 2753.000000 0.000000
0.90911198 -1.87499499 -1.04954600 1777.000000 21.000000 2871.000000 0.000000
0.89720798 -1.87974095 -1.04907894 1687.000000 19.000000 2649.000000 0.000000
0.88678998 -1.88760805 -1.05048096 1043.000000 11.000000 2024.000000 0.000000
0.87519097 -1.89301395 -1.05048096 959.000000 10.000000 2170.000000 0.000000
0.92554098 -1.71529305 -1.04434597 1440.000000 9.000000 2495.000000 0.000000
0.92112601 -1.73248398 -1.05170798 888.000000 5.000000 2638.000000 0.000000
0.93831003 -1.87459600 -1.12728298 1158.000000 8.000000 2839.000000 0.000000
0.92140400 -1.86937296 -1.12041295 1743.000000 14.000000 2792.000000 0.000000
0.90877700 -1.87264001 -1.11894095 2374.000000 22.000000 3036.000000 0.000000
0.89689499 -1.87739396 -1.11845005 2346.000000 22.000000 3070.000000 0.000000
0.88313699 -1.87812901 -1.11550498 1902.000000 16.000000 2958.000000 0.000000
0.88730699 -1.91752505 -1.13660800 1125.000000 8.000000 2886.000000 0.000000
0.98960698 -1.84682500 -1.19047296 711.000000 7.000000 2305.000000 0.000000
0.92183501 -1.74653900 -1.11897600 851.000000 7.000000 2203.000000 0.000000
0.94017500 -1.89169395 -1.20068705 809.000000 8.000000 2409.000000 0.000000
0.91147202 -1.86271203 -1.17770600 1396.000000 15.000000 2481.000000 0.000000
0.89927602 -1.86672199 -1.17668402 1710.000000 20.000000 2700.000000 0.000000
0.88743502 -1.87142801 -1.17617404 1314.000000 14.000000 2336.000000 0.000000
0.88031799 -1.88617802 -1.18230200 1173.000000 12.000000 2406.000000 0.000000
0.88026398 -1.91652203 -1.19864404 854.000000 9.000000 2509.000000 0.000000
0.94984800 -1.79032004 -1.22443998 1072.000000 8.000000 2034.000000 0.000000
0.88424897 1.65747297 -1.06177795 847.000000 7.000000 2896.000000 0.000000
0.88869601 1.64141798 -1.05462897 1492.000000 15.000000 2650.000000 0.000000
0.87773901 1.73057306 -1.16998100 1405.000000 9.000000 1969.000000 0.000000
0.88679099 1.72214901 -1.16784501 1370.000000 9.000000 1925.000000 0.000000
0.93600202 1.73827899 -1.19133699 900.000000 6.000000 2601.000000 0.000000
0.88697201 1.62347198 -1.11285198 1649.000000 11.000000 2636.000000 0.000000
0.89157999 1.60838997 -1.10591197 2048.000000 15.000000 2770.000000 0.000000
0.90143299 1.60288894 -1.10591197 2131.000000 16.000000 2740.000000 0.000000
0.86677802 1.51951206 -1.04931700 1789.000000 12.000000 3148.000000 0.000000
0.88723397 1.75779903 -1.25224996 861.000000 9.000000 2338.000000 0.000000
0.88022900 1.71744204 -1.22624099 1174.000000 13.000000 2136.000000 0.000000
0.94126898 1.80965996 -1.29928803 600.000000 6.000000 2376.000000 0.000000
0.92726398 1.70484698 -1.23343503 991.000000 10.000000 2615.000000 0.000000
0.89442497 1.62026703 -1.17366803 1323.000000 13.000000 2564.000000 0.000000
0.90191901 1.61038196 -1.17034805 1626.000000 17.000000 2715.000000 0.000000
0.91178298 1.60481703 -1.17034805 1619.000000 16.000000 2797.000000 0.000000
0.92575401 1.60641897 -1.17588198 1227.000000 12.000000 2550.000000 0.000000
0.94229001 1.61223102 -1.18473601 801.000000 7.000000 2608.000000 0.000000
0.91745800 1.80412400 -1.36891699 1241.000000 9.000000 1957.000000 0.000000
0.88006800 1.70479596 -1.29461205 1440.000000 11.000000 1802.000000 0.000000
0.90276498 1.64828503 -1.26696396 1158.000000 7.000000 2289.000000 0.000000
0.89576399 1.61200404 -1.24219596 1627.000000 11.000000 2376.000000 0.000000
0.90724599 1.60932398 -1.24450004 1692.000000 12.000000 2317.000000 0.000000
0.91588497 1.60159898 -1.24277198 1834.000000 13.000000 2470.000000 0.000000
0.92446297 1.59382904 -1.24104404 1538.000000 10.000000 2554.000000 0.000000
0.94128001 1.60009897 -1.25083601 987.000000 6.000000 2287.000000 0.000000
0.91018301 1.66800594 -1.34859502 845.000000 9.000000 2222.000000 0.000000
0.89792001 1.62154996 -1.31408703 1041.000000 10.000000 2244.000000 0.000000
0.90432501 1.60969496 -1.30873299 1122.000000 11.000000 2229.000000 0.000000
0.91418499 1.60411596 -1.30873299 1021.000000 9.000000 2284.000000 0.000000
0.92601299 1.60196102 -1.31170702 962.000000 9.000000 2256.000000 0.000000
0.94311100 1.60874701 -1.32241702 692.000000 7.000000 2327.000000 0.000000
-0.12672900 1.52681005 -1.07610202 1131.000000 8.000000 2639.000000 0.000000
-0.11735800 1.52755904 -1.07610202 1609.000000 12.000000 2510.000000 0.000000
-0.10816100 1.53065503 -1.07788706 1533.000000 11.000000 2549.000000 0.000000
-0.09865800 1.52968597 -1.07669699 1258.000000 9.000000 2346.000000 0.000000
-0.08936900 1.53186703 -1.07788706 902.000000 6.000000 2204.000000 0.000000
-0.08395600 1.60461402 -1.13143301 518.000000 4.000000 1919.000000 0.000000
-0.13327099 1.53506505 -1.14917505 1000.000000 6.000000 2277.000000 0.000000
-0.12197600 1.51232398 -1.13066006 1404.000000 9.000000 2472.000000 0.000000
-0.11182900 1.50127304 -1.12140203 1768.000000 11.000000 2500.000000 0.000000
-0.10261500 1.50193095 -1.12140203 1742.000000 11.000000 2436.000000 0.000000
-0.09368600 1.50724399 -1.12510502 1590.000000 9.000000 2277.000000 0.000000
-0.08469500 1.51250505 -1.12880802 1570.000000 10.000000 2314.000000 0.000000
-0.07606500 1.52635598 -1.13929999 1047.000000 6.000000 2204.000000 0.000000
-0.07629800 1.75162196 -1.31581104 593.000000 3.000000 1917.000000 0.000000
-0.17867599 1.75726604 -1.39329803 400.000000 3.000000 1588.000000 0.000000
-0.16690899 1.74833906 -1.38503802 335.000000 3.000000 1713.000000 0.000000
-0.12992100 1.56945801 -1.23571801 651.000000 5.000000 2189.000000 0.000000
-0.11470800 1.50018001 -1.17789602 1016.000000 8.000000 2319.000000 0.000000
-0.10555800 1.50162494 -1.17853105 1147.000000 9.000000 2342.000000 0.000000
-0.09618600 1.49993300 -1.17662501 1312.000000 11.000000 2276.000000 0.000000
-0.08698100 1.50049496 -1.17662501 1002.000000 8.000000 2188.000000 0.000000
-0.07773000 1.50022995 -1.17598903 917.000000 7.000000 2151.000000 0.000000
-0.06890000 1.50839102 -1.18234301 542.000000 4.000000 2059.000000 0.000000
-0.15324099 1.56704700 -1.31078005 608.000000 3.000000 2123.000000 0.000000
-0.14722800 1.60774601 -1.34560704 608.000000 3.000000 2068.000000 0.000000
-0.13203301 1.54552495 -1.29041004 687.000000 4.000000 2072.000000 0.000000
-0.12213600 1.54104602 -1.28580999 720.000000 4.000000 1969.000000 0.000000
-0.10921000 1.49364805 -1.24375498 945.000000 5.000000 1999.000000 0.000000
-0.09949800 1.48601604 -1.23652601 1052.000000 6.000000 2202.000000 0.000000
-0.08988300 1.47832203 -1.22929800 1282.000000 8.000000 2136.000000 0.000000
-0.08089100 1.48035097 -1.23061204 1144.000000 7.000000 2107.000000 0.000000
-0.07191400 1.48307800 -1.23258400 1065.000000 6.000000 2123.000000 0.000000
-0.06296800 1.48725700 -1.23586905 971.000000 6.000000 1859.000000 0.000000
-0.05405300 1.49364197 -1.24112594 680.000000 4.000000 1996.000000 0.000000
-0.11877100 1.54373097 -1.35172999 601.000000 4.000000 2165.000000 0.000000
-0.10548300 1.49288797 -1.30451906 705.000000 5.000000 2170.000000 0.000000
-0.09582100 1.48614001 -1.29777503 711.000000 5.000000 2056.000000 0.000000
-0.08656400 1.48449004 -1.29575205 724.000000 6.000000 1958.000000 0.000000
-0.07708600 1.47835803 -1.28968203 831.000000 7.000000 2047.000000 0.000000
-0.06808600 1.48027802 -1.29103100 851.000000 7.000000 2102.000000 0.000000
-0.05903400 1.48140502 -1.29170501 740.000000 6.000000 2117.000000 0.000000
-0.05027100 1.49059403 -1.29979801 580.000000 4.000000 1969.000000 0.000000
-0.04322300 1.55876899 -1.36184597 438.000000 3.000000 2178.000000 0.000000
-0.08632800 1.46956694 -1.36164904 654.000000 4.000000 1900.000000 0.000000
-0.07638600 1.45213699 -1.34425402 776.000000 4.000000 1955.000000 0.000000
-0.06747400 1.45257795 -1.34425402 770.000000 4.000000 1877.000000 0.000000
-0.05847600 1.45081198 -1.34216702 835.000000 5.000000 1938.000000 0.000000
-0.04971500 1.45545101 -1.34634101 755.000000 4.000000 1895.000000 0.000000
-0.04095700 1.46219003 -1.35260296 685.000000 4.000000 1850.000000 0.000000
