-0.36847600 1.37754798 1.13705099 32.000000 1.000000 7577.000000 3.000000
-0.35052800 1.34324801 1.10740101 493.000000 2.000000 5541.000000 3.000000
-0.34324399 1.34918499 1.11048901 739.000000 4.000000 3891.000000 3.000000
-0.33458301 1.34973896 1.10925400 794.000000 4.000000 3616.000000 3.000000
-0.32904899 1.36323595 1.11852002 952.000000 5.000000 4221.000000 3.000000
-0.32014099 1.36293197 1.11666703 1089.000000 6.000000 4516.000000 3.000000
-0.31125000 1.36257005 1.11481297 915.000000 5.000000 4508.000000 3.000000
-0.30423999 1.37059796 1.11975503 704.000000 4.000000 5098.000000 3.000000
-0.29912099 1.38781703 1.13211000 439.000000 2.000000 7141.000000 3.000000
-0.35905701 1.35925806 1.06244004 398.000000 2.000000 3952.000000 3.000000
-0.35233200 1.36765003 1.06720996 508.000000 3.000000 3301.000000 3.000000
-0.34314200 1.36667395 1.06482506 599.000000 4.000000 3138.000000 3.000000
-0.33397600 1.36563694 1.06244004 569.000000 3.000000 3255.000000 3.000000
-0.32427099 1.36219800 1.05826700 443.000000 2.000000 3018.000000 3.000000
-0.31609100 1.36494398 1.05886304 492.000000 3.000000 3235.000000 3.000000
-0.30699399 1.36372697 1.05647802 545.000000 3.000000 4244.000000 3.000000
-0.29914299 1.36793602 1.05826700 470.000000 3.000000 4470.000000 3.000000
-0.29243600 1.37759304 1.06422901 398.000000 2.000000 6118.000000 3.000000
-0.36565399 1.35759795 1.01162696 32.000000 1.000000 8968.000000 3.000000
-0.36124599 1.37483299 1.02258503 503.000000 2.000000 4479.000000 3.000000
-0.35199600 1.37385702 1.02027798 601.000000 3.000000 3103.000000 3.000000
-0.34257400 1.37202704 1.01739502 606.000000 3.000000 3438.000000 3.000000
-0.33338001 1.37092698 1.01508796 628.000000 3.000000 2971.000000 3.000000
-0.32440001 1.37056100 1.01335800 592.000000 2.000000 2655.000000 3.000000
-0.31598499 1.37252605 1.01335800 674.000000 3.000000 3051.000000 3.000000
-0.30666900 1.37045205 1.01047397 513.000000 2.000000 3020.000000 3.000000
-0.29911801 1.37629998 1.01335800 444.000000 2.000000 3284.000000 3.000000
-0.29217699 1.38530600 1.01854801 359.000000 1.000000 3103.000000 3.000000
-0.28383401 1.38787305 1.01912498 302.000000 1.000000 6243.000000 3.000000
-0.35162300 1.35653698 0.95425397 89.000000 1.000000 6528.000000 3.000000
-0.34886599 1.38043499 0.96922702 258.000000 1.000000 3452.000000 3.000000
-0.34099299 1.38497102 0.97088999 316.000000 1.000000 3646.000000 3.000000
-0.33150601 1.38299501 0.96811801 321.000000 1.000000 3657.000000 3.000000
-0.32109901 1.37690496 0.96257198 401.000000 2.000000 3523.000000 3.000000
-0.31208399 1.37641597 0.96090901 500.000000 2.000000 3915.000000 3.000000
-0.30490401 1.38399005 0.96478999 397.000000 2.000000 3378.000000 3.000000
-0.29570001 1.38258195 0.96257198 830.000000 5.000000 4698.000000 3.000000
-0.28772601 1.38681304 0.96423602 592.000000 3.000000 4695.000000 3.000000
-0.27904499 1.38773704 0.96368098 378.000000 2.000000 6532.000000 3.000000
-0.35668400 1.38333094 0.92384499 51.000000 1.000000 7377.000000 3.000000
-0.34818900 1.38549399 0.92384499 414.000000 2.000000 3427.000000 3.000000
-0.33607900 1.37282002 0.91422898 166.000000 1.000000 2386.000000 3.000000
-0.33155099 1.39130700 0.92491299 301.000000 1.000000 2608.000000 3.000000
-0.32281801 1.39249206 0.92437899 343.000000 1.000000 2684.000000 3.000000
-0.31204799 1.38454795 0.91796798 468.000000 2.000000 2987.000000 3.000000
-0.30444601 1.39056695 0.92063898 393.000000 1.000000 2636.000000 3.000000
-0.29625800 1.39406204 0.92170799 540.000000 2.000000 2919.000000 3.000000
-0.28634000 1.38922906 0.91743398 858.000000 4.000000 3668.000000 3.000000
-0.27962199 1.40008104 0.92330998 388.000000 1.000000 5304.000000 3.000000
-0.27038801 1.39844894 0.92117399 41.000000 1.000000 9078.000000 3.000000
-0.25350499 1.40332603 0.92224199 108.000000 1.000000 7404.000000 3.000000
-0.23737800 1.41300201 0.92651600 77.000000 1.000000 8459.000000 3.000000
-0.34755000 1.36283195 0.85999501 129.000000 1.000000 9411.000000 3.000000
-0.34253699 1.37826896 0.86818302 802.000000 4.000000 5330.000000 3.000000
-0.33325499 1.37700701 0.86613601 515.000000 3.000000 4095.000000 3.000000
-0.32519901 1.38069701 0.86715901 708.000000 4.000000 4109.000000 3.000000
-0.31574899 1.37848198 0.86460102 663.000000 3.000000 3803.000000 3.000000
-0.30747399 1.38123202 0.86511201 491.000000 2.000000 3526.000000 3.000000
-0.29825699 1.37973595 0.86306500 426.000000 2.000000 3465.000000 3.000000
-0.29139599 1.38910306 0.86767101 698.000000 4.000000 4296.000000 3.000000
-0.28408301 1.39675403 0.87125301 761.000000 4.000000 4416.000000 3.000000
-0.27719399 1.40689504 0.87637103 203.000000 1.000000 6088.000000 3.000000
-0.34647200 1.37263894 0.82063901 62.000000 1.000000 8934.000000 3.000000
-0.34177199 1.38997102 0.82947499 629.000000 3.000000 4247.000000 3.000000
-0.33242899 1.38865197 0.82751101 734.000000 3.000000 3061.000000 3.000000
-0.31937701 1.37114501 0.81621999 907.000000 4.000000 3373.000000 3.000000
-0.28365001 1.41276205 0.83487499 1199.000000 6.000000 3755.000000 3.000000
-0.27299201 1.40421104 0.82898402 754.000000 3.000000 5396.000000 3.000000
-0.26709300 1.42041802 0.83732897 73.000000 1.000000 8706.000000 3.000000
-0.28725201 1.39541495 0.77864999 1182.000000 7.000000 4637.000000 3.000000
-0.26662701 1.42737997 0.79316002 178.000000 1.000000 8861.000000 3.000000
-0.25515300 1.41421294 0.78520298 39.000000 1.000000 9463.000000 3.000000
-0.30835700 1.39359605 0.73693198 1446.000000 7.000000 3709.000000 3.000000
-0.33930901 1.40395296 0.70102799 192.000000 1.000000 6002.000000 3.000000
-0.32082701 1.40271699 0.69848698 1244.000000 7.000000 3789.000000 3.000000
-0.26242501 1.42629898 0.66202998 1606.000000 8.000000 6204.000000 3.000000
-0.29967701 1.40594602 0.61447299 1143.000000 6.000000 3442.000000 3.000000
-0.29142499 1.40957105 0.61522901 1001.000000 5.000000 3119.000000 3.000000
-0.28443000 1.41949701 0.61863297 538.000000 3.000000 2938.000000 3.000000
-0.26733601 1.42469895 0.61938900 1661.000000 10.000000 5259.000000 3.000000
-0.33799899 1.43249404 0.58815801 256.000000 1.000000 9332.000000 3.000000
-0.32399899 1.41176295 0.57926399 1305.000000 6.000000 3664.000000 3.000000
-0.31492499 1.41190004 0.57855201 1221.000000 6.000000 3353.000000 3.000000
-0.30566499 1.41106498 0.57748502 1505.000000 8.000000 3108.000000 3.000000
-0.29661801 1.41108406 0.57677400 1773.000000 9.000000 3159.000000 3.000000
-0.25613201 1.43608296 0.58317697 1435.000000 7.000000 7293.000000 3.000000
-0.32800901 1.42503297 0.54370600 1164.000000 7.000000 5800.000000 3.000000
-0.32009301 1.43069804 0.54503399 694.000000 3.000000 3155.000000 3.000000
-0.29896301 1.41791606 0.53905499 592.000000 3.000000 2757.000000 3.000000
-0.29025701 1.41972303 0.53905499 1403.000000 8.000000 3571.000000 3.000000
-0.26582000 1.43409503 0.54237700 2066.000000 14.000000 5476.000000 3.000000
-0.25244099 1.46140301 0.55101299 327.000000 2.000000 11413.000000 3.000000
-0.33672801 1.46170700 0.51734102 42.000000 1.000000 7163.000000 3.000000
-0.32299399 1.44239795 0.51022601 866.000000 4.000000 2751.000000 3.000000
-0.30971000 1.42390501 0.50342000 2154.000000 12.000000 3482.000000 3.000000
-0.30018499 1.42205596 0.50218302 2018.000000 11.000000 3051.000000 3.000000
-0.29259300 1.42946196 0.50403899 738.000000 3.000000 1937.000000 3.000000
-0.32706299 1.43317997 0.46815699 136.000000 1.000000 8498.000000 3.000000
-0.31700301 1.42954898 0.46644399 691.000000 3.000000 3427.000000 3.000000
-0.30822501 1.43146801 0.46644399 1917.000000 12.000000 4250.000000 3.000000
-0.29784799 1.42583096 0.46415901 2277.000000 15.000000 4151.000000 3.000000
-0.29005700 1.43232596 0.46558699 2178.000000 14.000000 3848.000000 3.000000
-0.24795100 1.45187998 0.46901301 916.000000 5.000000 7333.000000 3.000000
-0.32082501 1.42921102 0.42907700 1035.000000 5.000000 6065.000000 3.000000
-0.31163999 1.42926598 0.42855299 2371.000000 14.000000 3819.000000 3.000000
-0.30505201 1.44153798 0.43143901 2163.000000 12.000000 3149.000000 3.000000
-0.29349801 1.43014705 0.42776600 2357.000000 14.000000 3743.000000 3.000000
-0.27701500 1.43932700 0.42934000 2767.000000 18.000000 3637.000000 3.000000
-0.24445599 1.46282601 0.43406200 1275.000000 6.000000 6655.000000 3.000000
-0.31581500 1.43344402 0.39240199 1361.000000 7.000000 4237.000000 3.000000
-0.24773499 1.46252596 0.39622200 1333.000000 7.000000 3981.000000 3.000000
-0.24002700 1.47168303 0.39813101 319.000000 1.000000 7160.000000 3.000000
-0.31630099 1.44595599 0.35820401 691.000000 3.000000 3309.000000 3.000000
-0.30802900 1.45073605 0.35884899 1280.000000 6.000000 2740.000000 3.000000
-0.29618001 1.43824804 0.35562301 1432.000000 7.000000 2415.000000 3.000000
-0.25425601 1.46012795 0.35863400 3297.000000 25.000000 4095.000000 3.000000
-0.24096400 1.49206603 0.36508599 504.000000 2.000000 7740.000000 3.000000
-0.31000099 1.45757997 0.32343501 1797.000000 11.000000 3751.000000 3.000000
-0.29824001 1.44600403 0.32075700 2807.000000 21.000000 4277.000000 3.000000
-0.28858200 1.44395900 0.31999099 2468.000000 17.000000 3605.000000 3.000000
-0.30914599 1.45355999 0.28601199 1042.000000 5.000000 2613.000000 3.000000
-0.28974599 1.44950902 0.28467199 1180.000000 5.000000 2105.000000 3.000000
-0.28103301 1.45222700 0.28483999 1677.000000 9.000000 2257.000000 3.000000
-0.30904400 1.45798898 0.25065899 1655.000000 9.000000 3854.000000 3.000000
-0.30009201 1.45985794 0.25065899 1629.000000 9.000000 2911.000000 3.000000
-0.31238699 1.46638501 0.21583000 1135.000000 5.000000 4660.000000 3.000000
-0.30358401 1.46924698 0.21595000 2557.000000 16.000000 2909.000000 3.000000
-0.21373899 1.50670195 0.18240499 2068.000000 13.000000 6114.000000 3.000000
-0.20571600 1.51685905 0.18326899 1980.000000 13.000000 6341.000000 3.000000
-0.29543599 1.47282696 0.14418900 402.000000 1.000000 1749.000000 3.000000
-0.22678301 1.51218498 0.14612401 1708.000000 9.000000 5437.000000 3.000000
-0.30140799 1.47249401 0.10910100 1417.000000 8.000000 2859.000000 3.000000
-0.29811001 1.48489594 0.00184300 1887.000000 10.000000 2471.000000 3.000000
-0.29577199 1.48993301 -0.03347900 800.000000 4.000000 2425.000000 3.000000
-0.27982700 1.53750002 -0.26147100 1218.000000 7.000000 2442.000000 3.000000
-0.28886700 1.59358704 -0.31368101 1450.000000 7.000000 2536.000000 3.000000
-0.27003899 1.54338205 -0.30203000 1920.000000 10.000000 2306.000000 3.000000
-0.19698600 1.57900000 -0.30742401 929.000000 4.000000 2982.000000 3.000000
-0.19003201 1.60345197 -0.31260201 991.000000 4.000000 3688.000000 3.000000
-0.31237501 1.54235101 -0.34203100 2843.000000 23.000000 4559.000000 3.000000
-0.30328399 1.54614401 -0.34250900 2898.000000 24.000000 4511.000000 3.000000
-0.29892799 1.57467604 -0.34919199 1956.000000 13.000000 4045.000000 3.000000
-0.28535300 1.55547702 -0.34394100 2292.000000 16.000000 3557.000000 3.000000
-0.28003201 1.36050296 1.04991901 86.000000 1.000000 11303.000000 3.000000
-0.28273401 1.42726099 1.04622996 24.000000 1.000000 9839.000000 3.000000
-0.26131299 1.34289300 0.93207198 67.000000 1.000000 9808.000000 3.000000
-0.24474500 1.40402198 0.92170799 313.000000 1.000000 5858.000000 3.000000
-0.25874901 1.35796297 0.84566599 42.000000 1.000000 9822.000000 3.000000
-0.29517099 1.38190401 0.81916600 421.000000 2.000000 2594.000000 3.000000
-0.28668600 1.38369000 0.81916600 978.000000 5.000000 3539.000000 3.000000
-0.33183300 1.35730600 0.76413900 763.000000 4.000000 5791.000000 3.000000
-0.28278500 1.33315504 0.74588400 857.000000 5.000000 3901.000000 3.000000
-0.27903599 1.39888406 0.77958602 1289.000000 8.000000 4869.000000 3.000000
-0.27078700 1.40230405 0.78052199 1257.000000 8.000000 6163.000000 3.000000
-0.29867801 1.39021206 0.73425299 985.000000 4.000000 2856.000000 3.000000
-0.29068801 1.39464700 0.73559201 1346.000000 7.000000 3666.000000 3.000000
-0.28212500 1.39640403 0.73559201 1558.000000 8.000000 4688.000000 3.000000
-0.26397899 1.34892404 0.71058798 1778.000000 10.000000 5803.000000 3.000000
-0.32396999 1.37781096 0.68747401 459.000000 2.000000 3216.000000 3.000000
-0.30862999 1.38875198 0.69086301 971.000000 5.000000 3560.000000 3.000000
-0.29468000 1.36584198 0.67900300 506.000000 2.000000 3610.000000 3.000000
-0.25707501 1.30885100 0.64935303 937.000000 5.000000 5475.000000 3.000000
-0.27790999 1.32618296 0.62027699 1360.000000 7.000000 4099.000000 3.000000
-0.28446099 1.40057898 0.65279597 1043.000000 5.000000 3238.000000 3.000000
-0.27304801 1.38791704 0.64637297 1875.000000 10.000000 4277.000000 3.000000
-0.26844499 1.41026402 0.65560699 2296.000000 14.000000 5537.000000 3.000000
-0.24363101 1.37106204 0.63673800 166.000000 1.000000 9167.000000 3.000000
-0.23367600 1.36350298 0.63272297 122.000000 1.000000 8616.000000 3.000000
-0.32690600 1.36847603 0.60199398 380.000000 2.000000 11209.000000 3.000000
-0.32444400 1.39568698 0.61258203 1362.000000 8.000000 4324.000000 3.000000
-0.31587499 1.39765096 0.61258203 1402.000000 8.000000 3888.000000 3.000000
-0.30548301 1.39143002 0.60917902 1582.000000 10.000000 3981.000000 3.000000
-0.27500001 1.41758204 0.61712003 1801.000000 12.000000 4647.000000 3.000000
-0.25825399 1.42449200 0.61863297 1223.000000 7.000000 6670.000000 3.000000
-0.25048101 1.43151796 0.62090200 123.000000 1.000000 13832.000000 3.000000
-0.23386700 1.38740802 0.60199398 49.000000 1.000000 13903.000000 3.000000
-0.28758299 1.41104603 0.57606202 1823.000000 10.000000 3308.000000 3.000000
-0.27928001 1.41461802 0.57677400 812.000000 3.000000 2468.000000 3.000000
-0.27059501 1.41630495 0.57677400 1834.000000 10.000000 3857.000000 3.000000
-0.26257500 1.42161500 0.57819700 2088.000000 12.000000 4705.000000 3.000000
-0.24321900 1.41367602 0.57392800 86.000000 1.000000 12375.000000 3.000000
-0.32246301 1.36337101 0.52211499 77.000000 1.000000 11977.000000 3.000000
-0.30481800 1.40315795 0.53440499 951.000000 5.000000 3079.000000 3.000000
-0.28172600 1.42240202 0.53938800 1463.000000 9.000000 3682.000000 3.000000
-0.27191201 1.41854894 0.53739500 2314.000000 16.000000 5186.000000 3.000000
-0.25650901 1.43291497 0.54138100 1717.000000 11.000000 5582.000000 3.000000
-0.27958199 1.40977299 0.49692401 441.000000 2.000000 1743.000000 3.000000
-0.27271000 1.42080200 0.50001699 1021.000000 5.000000 2133.000000 3.000000
-0.26605901 1.43367100 0.50372899 872.000000 4.000000 2142.000000 3.000000
-0.25759101 1.43714905 0.50434798 1551.000000 8.000000 2760.000000 3.000000
-0.24973500 1.44432497 0.50620401 601.000000 2.000000 6858.000000 3.000000
-0.28032801 1.42937899 0.46415901 1572.000000 9.000000 3028.000000 3.000000
-0.27028400 1.42448401 0.46216100 1087.000000 6.000000 2863.000000 3.000000
-0.26294199 1.43365300 0.46444499 2476.000000 17.000000 4459.000000 3.000000
-0.25447899 1.43712604 0.46501601 2478.000000 17.000000 4758.000000 3.000000
-0.28490400 1.43286705 0.42802799 2693.000000 18.000000 3467.000000 3.000000
-0.26817799 1.44099998 0.42934000 2774.000000 18.000000 3947.000000 3.000000
-0.25933099 1.44261801 0.42934000 2883.000000 20.000000 4223.000000 3.000000
-0.25047401 1.44418204 0.42934000 2686.000000 18.000000 4796.000000 3.000000
-0.30536801 1.42776203 0.39049301 1577.000000 9.000000 3409.000000 3.000000
-0.29680201 1.43055999 0.39073199 1826.000000 11.000000 3606.000000 3.000000
-0.28801900 1.43235397 0.39073199 915.000000 4.000000 2470.000000 3.000000
-0.27903599 1.43314099 0.39049301 1778.000000 10.000000 2928.000000 3.000000
-0.26841399 1.42528796 0.38810599 2224.000000 14.000000 3266.000000 3.000000
-0.26125199 1.43550301 0.39025399 2477.000000 17.000000 3991.000000 3.000000
-0.25329199 1.44185901 0.39144799 1689.000000 10.000000 3581.000000 3.000000
-0.28582701 1.43237495 0.35390201 1929.000000 10.000000 2401.000000 3.000000
-0.27777001 1.43793797 0.35476199 2143.000000 12.000000 2639.000000 3.000000
-0.27019101 1.44633698 0.35626799 2705.000000 18.000000 3403.000000 3.000000
-0.26165700 1.44989002 0.35669801 3037.000000 22.000000 3635.000000 3.000000
-0.24400599 1.45395505 0.35691300 2692.000000 17.000000 3627.000000 3.000000
-0.27896100 1.44184899 0.31922600 2190.000000 14.000000 3328.000000 3.000000
-0.27138999 1.45028400 0.32056499 2883.000000 22.000000 3877.000000 3.000000
-0.26248601 1.45192206 0.32056499 2926.000000 23.000000 4146.000000 3.000000
-0.25357199 1.45350504 0.32056499 2979.000000 23.000000 4457.000000 3.000000
-0.24498001 1.45696902 0.32094800 2828.000000 21.000000 4430.000000 3.000000
-0.23667300 1.46231902 0.32171300 1773.000000 11.000000 5733.000000 3.000000
-0.29784200 1.44384098 0.28400299 1858.000000 10.000000 2566.000000 3.000000
-0.27031201 1.44423199 0.28316501 2244.000000 13.000000 2450.000000 3.000000
-0.25952601 1.43518996 0.28132299 1488.000000 7.000000 2417.000000 3.000000
-0.25408599 1.45618296 0.28467199 2854.000000 19.000000 3289.000000 3.000000
-0.24465901 1.45479703 0.28417000 2599.000000 16.000000 3024.000000 3.000000
-0.23651101 1.46113801 0.28500700 1828.000000 10.000000 3941.000000 3.000000
-0.28819099 1.44712102 0.24850400 1483.000000 8.000000 2615.000000 3.000000
-0.27930599 1.44886196 0.24850400 666.000000 3.000000 2124.000000 3.000000
-0.27206600 1.45930004 0.24979700 1023.000000 5.000000 2302.000000 3.000000
-0.26150501 1.45218098 0.24850400 1663.000000 9.000000 2690.000000 3.000000
-0.25345001 1.45863104 0.24922299 2597.000000 18.000000 3541.000000 3.000000
-0.24449500 1.46015894 0.24922299 2725.000000 20.000000 3433.000000 3.000000
-0.29068199 1.45160902 0.21355399 1419.000000 7.000000 2001.000000 3.000000
-0.28082901 1.44849098 0.21295500 1594.000000 8.000000 1910.000000 3.000000
-0.27193600 1.45018697 0.21295500 1608.000000 8.000000 1694.000000 3.000000
-0.26338500 1.45378304 0.21319500 1937.000000 10.000000 1669.000000 3.000000
-0.25394899 1.45243704 0.21283500 1802.000000 9.000000 2204.000000 3.000000
-0.24568900 1.45788395 0.21331500 2220.000000 13.000000 2484.000000 3.000000
-0.23926800 1.47504699 0.21523100 2754.000000 18.000000 3170.000000 3.000000
-0.22990900 1.47452497 0.21499200 1499.000000 7.000000 4585.000000 3.000000
-0.29803500 1.45372605 0.17875600 1032.000000 5.000000 2519.000000 3.000000
-0.28852001 1.45260000 0.17846800 1443.000000 8.000000 2388.000000 3.000000
-0.27807799 1.44652700 0.17770000 1665.000000 9.000000 2142.000000 3.000000
-0.27011999 1.45309699 0.17817999 2380.000000 16.000000 2405.000000 3.000000
-0.26084101 1.45276904 0.17798799 1793.000000 10.000000 1926.000000 3.000000
-0.25157800 1.45238101 0.17779601 933.000000 4.000000 2169.000000 3.000000
-0.24499200 1.46763599 0.17914000 683.000000 3.000000 2212.000000 3.000000
-0.23598200 1.46911204 0.17914000 1798.000000 11.000000 2755.000000 3.000000
-0.22943300 1.48626602 0.18067700 1048.000000 5.000000 4748.000000 3.000000
-0.21882600 1.47780299 0.17971700 1748.000000 10.000000 5629.000000 3.000000
-0.30205101 1.45926404 0.14332899 1048.000000 5.000000 2483.000000 3.000000
-0.28222799 1.45306695 0.14261200 1814.000000 9.000000 1967.000000 3.000000
-0.27184099 1.44692802 0.14203900 1554.000000 8.000000 1641.000000 3.000000
-0.26029801 1.43384600 0.14096400 2810.000000 18.000000 1658.000000 3.000000
-0.25457799 1.45310295 0.14225399 1453.000000 7.000000 1704.000000 3.000000
-0.24615300 1.45758903 0.14246900 1094.000000 5.000000 1899.000000 3.000000
-0.24054700 1.47974896 0.14397401 541.000000 2.000000 1759.000000 3.000000
-0.23207600 1.48513997 0.14426100 1322.000000 6.000000 2689.000000 3.000000
-0.28941500 1.45962703 0.10838100 1551.000000 9.000000 2410.000000 3.000000
-0.27816400 1.44960999 0.10780600 2247.000000 15.000000 2544.000000 3.000000
-0.26353601 1.42086005 0.10631800 2051.000000 13.000000 2203.000000 3.000000
-0.25091600 1.45153296 0.10766200 1400.000000 8.000000 2171.000000 3.000000
-0.28153899 1.46695602 0.03819500 2773.000000 20.000000 2923.000000 3.000000
-0.25725299 1.43586504 0.03819500 2524.000000 17.000000 2116.000000 3.000000
-0.28842399 1.48375297 0.00191600 564.000000 2.000000 1529.000000 3.000000
-0.27453300 1.45994604 0.00255100 1262.000000 6.000000 1794.000000 3.000000
-0.26485899 1.45766795 0.00264900 1726.000000 9.000000 1637.000000 3.000000
-0.25522199 1.45532596 0.00274700 1713.000000 9.000000 1416.000000 3.000000
-0.24744800 1.46376598 0.00257600 1183.000000 5.000000 1581.000000 3.000000
-0.23054200 1.47360694 0.00240500 3621.000000 31.000000 2862.000000 3.000000
-0.27631101 1.43877697 -0.03088800 1351.000000 7.000000 2742.000000 3.000000
-0.24909000 1.43968403 -0.03069600 1366.000000 7.000000 2321.000000 3.000000
-0.22409500 1.45389295 -0.03117600 1786.000000 10.000000 3176.000000 3.000000
-0.21427800 1.44931400 -0.03088800 3102.000000 25.000000 4605.000000 3.000000
-0.22603101 1.44460201 -0.06618400 1760.000000 9.000000 2198.000000 3.000000
-0.20927501 1.45417798 -0.06669200 1665.000000 8.000000 3163.000000 3.000000
-0.27748400 1.43954396 -0.10063800 1611.000000 9.000000 2785.000000 3.000000
-0.27401099 1.46958196 -0.10342300 1227.000000 6.000000 2225.000000 3.000000
-0.26731601 1.48396504 -0.10467100 3153.000000 26.000000 3272.000000 3.000000
-0.25145900 1.44734800 -0.10092600 2990.000000 23.000000 3066.000000 3.000000
-0.26579601 1.46428800 -0.13939799 2672.000000 17.000000 2781.000000 3.000000
-0.25203401 1.43850803 -0.13601901 3037.000000 21.000000 3485.000000 3.000000
-0.24435399 1.44687998 -0.13686401 2911.000000 20.000000 3449.000000 3.000000
-0.23848200 1.46697199 -0.13915600 2624.000000 17.000000 2432.000000 3.000000
-0.23221900 1.48606503 -0.14132801 2186.000000 12.000000 2058.000000 3.000000
-0.22295000 1.48648000 -0.14120699 1813.000000 9.000000 1944.000000 3.000000
-0.21368501 1.48683703 -0.14108700 2772.000000 18.000000 2706.000000 3.000000
-0.20455800 1.48811996 -0.14108700 1777.000000 9.000000 2552.000000 3.000000
-0.26678801 1.47535896 -0.17556199 1646.000000 9.000000 2313.000000 3.000000
-0.25790301 1.47794294 -0.17570600 2634.000000 19.000000 3077.000000 3.000000
-0.24966300 1.48437500 -0.17642400 2084.000000 13.000000 2492.000000 3.000000
-0.23958600 1.48002005 -0.17556199 1617.000000 9.000000 2261.000000 3.000000
-0.23003601 1.47853005 -0.17513099 1510.000000 8.000000 2199.000000 3.000000
-0.22200000 1.48676300 -0.17613700 1957.000000 12.000000 2549.000000 3.000000
-0.21358700 1.49299300 -0.17685500 2150.000000 14.000000 2762.000000 3.000000
-0.20428599 1.49329495 -0.17671201 1802.000000 11.000000 3137.000000 3.000000
-0.19446599 1.48961604 -0.17599300 1467.000000 8.000000 4528.000000 3.000000
-0.18681800 1.50256205 -0.17771700 1908.000000 12.000000 4381.000000 3.000000
-0.28122601 1.49712896 -0.21729100 1102.000000 5.000000 2651.000000 3.000000
-0.26993200 1.48718596 -0.21527100 2821.000000 19.000000 2797.000000 3.000000
-0.26080200 1.48881400 -0.21527100 2788.000000 18.000000 2447.000000 3.000000
-0.25019199 1.48163700 -0.21375699 3142.000000 23.000000 2900.000000 3.000000
-0.24078199 1.48119795 -0.21342000 2530.000000 16.000000 2049.000000 3.000000
-0.23062900 1.47582901 -0.21224201 969.000000 4.000000 1437.000000 3.000000
-0.22316800 1.48794103 -0.21409300 1783.000000 9.000000 1848.000000 3.000000
-0.21291900 1.48147595 -0.21274699 2501.000000 15.000000 2037.000000 3.000000
-0.20475900 1.48959100 -0.21392500 2154.000000 12.000000 2635.000000 3.000000
-0.19727100 1.50352705 -0.21611300 1983.000000 11.000000 3136.000000 3.000000
-0.18634200 1.49101400 -0.21375699 2116.000000 12.000000 3584.000000 3.000000
-0.26022500 1.48217905 -0.25017300 507.000000 2.000000 1856.000000 3.000000
-0.25195700 1.48858404 -0.25113100 881.000000 4.000000 1873.000000 3.000000
-0.23832799 1.46299005 -0.24576899 1027.000000 5.000000 1833.000000 3.000000
-0.23228100 1.48284101 -0.24940699 531.000000 2.000000 1583.000000 3.000000
-0.22317800 1.48423803 -0.24940699 522.000000 2.000000 1633.000000 3.000000
-0.21420901 1.48655105 -0.24959899 330.000000 1.000000 1635.000000 3.000000
-0.20576701 1.49269700 -0.25055599 2054.000000 14.000000 2826.000000 3.000000
-0.19673499 1.49490404 -0.25074801 1243.000000 7.000000 2727.000000 3.000000
-0.25329301 1.50167596 -0.29232100 1090.000000 5.000000 1503.000000 3.000000
-0.23924901 1.47331905 -0.28563300 365.000000 1.000000 1294.000000 3.000000
-0.23005401 1.47379398 -0.28541699 396.000000 1.000000 1226.000000 3.000000
-0.22100700 1.47517800 -0.28541699 370.000000 1.000000 1250.000000 3.000000
-0.25529400 1.49571204 -0.32818601 2111.000000 14.000000 3061.000000 3.000000
-0.24307200 1.47905195 -0.32365099 1589.000000 10.000000 2388.000000 3.000000
-0.23414600 1.48147404 -0.32389000 338.000000 1.000000 1700.000000 3.000000
-0.22549599 1.48576200 -0.32460600 361.000000 1.000000 1674.000000 3.000000
-0.21665999 1.48903894 -0.32508299 250.000000 1.000000 1730.000000 3.000000
-0.22860099 1.46608603 -0.35895199 255.000000 1.000000 1254.000000 3.000000
-0.22002700 1.47032404 -0.35974100 251.000000 1.000000 1254.000000 3.000000
-0.20964000 1.46209502 -0.35710999 368.000000 1.000000 1296.000000 3.000000
-0.19647600 1.51979303 -0.62229800 910.000000 4.000000 1812.000000 3.000000
-0.17559700 1.50298798 -0.61386001 1308.000000 6.000000 2159.000000 3.000000
-0.16806901 1.51951098 -0.62069100 491.000000 2.000000 1857.000000 3.000000
-0.24177100 1.50711501 -0.66171300 753.000000 4.000000 2179.000000 3.000000
-0.21411900 1.51220596 -0.66213602 1357.000000 8.000000 2347.000000 3.000000
-0.20496000 1.51438904 -0.66255897 1187.000000 7.000000 2181.000000 3.000000
-0.19459800 1.50753295 -0.65875202 515.000000 2.000000 1818.000000 3.000000
-0.18703900 1.52218497 -0.66509598 889.000000 5.000000 2065.000000 3.000000
-0.17812499 1.52690303 -0.66678798 896.000000 5.000000 2109.000000 3.000000
-0.16967000 1.53607094 -0.67059398 470.000000 2.000000 1924.000000 3.000000
-0.16236299 1.55690503 -0.67989898 237.000000 1.000000 3991.000000 3.000000
-0.24105400 1.50915504 -0.71125901 716.000000 3.000000 1985.000000 3.000000
-0.23111500 1.50618303 -0.70902598 789.000000 3.000000 1650.000000 3.000000
-0.20815000 1.47700799 -0.69294602 581.000000 2.000000 1851.000000 3.000000
-0.20335200 1.51018202 -0.70902598 864.000000 4.000000 1830.000000 3.000000
-0.19227199 1.49720097 -0.70187902 585.000000 2.000000 1569.000000 3.000000
-0.18685099 1.52943897 -0.71751302 962.000000 4.000000 1742.000000 3.000000
-0.17828099 1.53766799 -0.72108603 1009.000000 5.000000 1845.000000 3.000000
-0.16893999 1.53962195 -0.72153300 996.000000 5.000000 2004.000000 3.000000
-0.16076800 1.55308998 -0.72778600 508.000000 2.000000 2478.000000 3.000000
-0.23624600 1.50040197 -0.75083500 825.000000 4.000000 2077.000000 3.000000
-0.22851600 1.51143396 -0.75597697 925.000000 6.000000 2217.000000 3.000000
-0.21678200 1.49619198 -0.74709499 787.000000 4.000000 2047.000000 3.000000
-0.21056999 1.51850104 -0.75831503 1057.000000 7.000000 2072.000000 3.000000
-0.20124900 1.51976395 -0.75831503 1088.000000 7.000000 2118.000000 3.000000
-0.19237299 1.52447796 -0.76018399 984.000000 6.000000 2157.000000 3.000000
-0.18355399 1.53001595 -0.76252198 887.000000 5.000000 1898.000000 3.000000
-0.17651699 1.55130899 -0.77327299 706.000000 4.000000 1790.000000 3.000000
-0.16699500 1.55236304 -0.77327299 714.000000 4.000000 1895.000000 3.000000
-0.15801600 1.55863404 -0.77607799 291.000000 1.000000 2441.000000 3.000000
-0.23453499 1.53745198 -0.82252699 270.000000 1.000000 1692.000000 3.000000
-0.22434500 1.53368902 -0.81958199 228.000000 1.000000 1527.000000 3.000000
-0.21168999 1.51173604 -0.80633199 347.000000 1.000000 1652.000000 3.000000
-0.20470500 1.53027999 -0.81614703 196.000000 1.000000 1520.000000 3.000000
-0.19498301 1.52891397 -0.81467402 204.000000 1.000000 1457.000000 3.000000
-0.18539000 1.52835202 -0.81369299 150.000000 1.000000 1448.000000 3.000000
-0.17729300 1.54071498 -0.82007301 416.000000 2.000000 1533.000000 3.000000
-0.16699500 1.53397703 -0.81565601 492.000000 2.000000 1676.000000 3.000000
-0.15872601 1.54624200 -0.82203603 439.000000 2.000000 1943.000000 3.000000
-0.23490500 1.51660502 -0.85750097 254.000000 1.000000 1885.000000 3.000000
-0.22636700 1.52311802 -0.86056501 229.000000 1.000000 1352.000000 3.000000
-0.21602900 1.51767194 -0.85648000 146.000000 1.000000 1285.000000 3.000000
-0.20588399 1.51300800 -0.85290498 128.000000 1.000000 1333.000000 3.000000
-0.19591700 1.50912905 -0.84984100 105.000000 1.000000 1324.000000 3.000000
-0.18935201 1.53162706 -0.86260802 160.000000 1.000000 1314.000000 3.000000
-0.18036100 1.53617406 -0.86465102 203.000000 1.000000 1347.000000 3.000000
-0.17044400 1.53298104 -0.86209798 240.000000 1.000000 1400.000000 3.000000
-0.16250999 1.54767501 -0.87026900 137.000000 1.000000 1496.000000 3.000000
-0.15283699 1.54693198 -0.86924702 112.000000 1.000000 1756.000000 3.000000
-0.22662701 1.55877900 -0.93933201 684.000000 3.000000 1676.000000 3.000000
-0.21427999 1.54003799 -0.92651802 289.000000 1.000000 1337.000000 3.000000
-0.20582201 1.54886901 -0.93132299 201.000000 1.000000 1179.000000 3.000000
