-1.57003903 -1.97854304 -0.98111701 835.000000 12.000000 3606.000000 0.000000
-1.57983398 -1.96598101 -0.97960699 1057.000000 15.000000 3039.000000 0.000000
-1.58253598 -1.94474399 -0.97356403 275.000000 3.000000 3933.000000 0.000000
-1.59405303 -2.06583190 -1.09480000 1629.000000 19.000000 3059.000000 0.000000
-1.56325305 -2.00047588 -1.06386304 2062.000000 26.000000 2873.000000 0.000000
-1.57208598 -1.98653996 -1.06145203 2079.000000 27.000000 2785.000000 0.000000
-1.57679605 -1.96757102 -1.05622900 1241.000000 13.000000 2808.000000 0.000000
-1.62932897 -1.98272502 -1.07591605 1610.000000 19.000000 3169.000000 0.000000
-1.64322197 -1.97480094 -1.07712197 1297.000000 14.000000 3160.000000 0.000000
-1.66911602 -1.95657599 -1.07832694 175.000000 1.000000 1700.000000 0.000000
-1.68947601 -1.95599604 -1.08395195 270.000000 2.000000 2279.000000 0.000000
-1.61606002 -2.10022807 -1.18615198 833.000000 13.000000 3397.000000 0.000000
-1.57499695 -2.02085495 -1.14512706 1542.000000 24.000000 2600.000000 0.000000
-1.57952404 -2.00118208 -1.13920605 1601.000000 26.000000 2575.000000 0.000000
-1.58895004 -1.98790896 -1.13709104 1114.000000 16.000000 2973.000000 0.000000
-1.64831197 -1.96151495 -1.14512706 766.000000 11.000000 3726.000000 0.000000
-1.68493199 -1.98039103 -1.16288996 410.000000 5.000000 3570.000000 0.000000
-0.58686101 -2.06009007 -1.01767194 1465.000000 11.000000 2684.000000 0.000000
-0.59923899 -2.05559111 -1.01722598 2494.000000 23.000000 2841.000000 0.000000
-0.61030298 -2.04673195 -1.01454604 2435.000000 22.000000 2698.000000 0.000000
-1.54804003 -2.00269103 -1.21197200 1346.000000 15.000000 2419.000000 0.000000
-1.55478001 -1.98611200 -1.20750594 1884.000000 23.000000 2497.000000 0.000000
-1.59752905 -2.01507902 -1.23207200 836.000000 8.000000 1985.000000 0.000000
-0.56072402 -1.95913696 -1.02523804 342.000000 3.000000 1954.000000 0.000000
-0.59764802 -2.04139805 -1.07245195 669.000000 6.000000 2134.000000 0.000000
-0.60890400 -2.03345609 -1.07011497 885.000000 9.000000 2253.000000 0.000000
-0.61931300 -2.02291489 -1.06637502 792.000000 8.000000 2296.000000 0.000000
-0.62699300 -2.00388098 -1.05796099 866.000000 9.000000 2499.000000 0.000000
-0.61868501 -1.93511701 -1.02196598 1087.000000 10.000000 2518.000000 0.000000
-0.64117801 -1.96407998 -1.04019701 389.000000 3.000000 3195.000000 0.000000
-1.54939401 -2.00143099 -1.28608501 803.000000 11.000000 2094.000000 0.000000
-1.56110096 -1.99118996 -1.28561699 856.000000 12.000000 2226.000000 0.000000
0.48118299 -1.84194398 -1.01882696 458.000000 2.000000 2294.000000 0.000000
-0.54839599 -1.96457601 -1.09538400 1146.000000 8.000000 3002.000000 0.000000
-0.58587801 -2.04995894 -1.14740396 2284.000000 21.000000 2916.000000 0.000000
-0.59869099 -2.04716206 -1.14789498 2183.000000 19.000000 2715.000000 0.000000
-0.60873801 -2.03510404 -1.14298701 1762.000000 14.000000 2788.000000 0.000000
-0.60461497 -1.97718298 -1.11108899 1558.000000 12.000000 2490.000000 0.000000
-0.60657698 -1.94100904 -1.09194899 1316.000000 10.000000 3155.000000 0.000000
0.48555100 -1.83611202 -1.07403505 397.000000 3.000000 2313.000000 0.000000
-0.10560400 -1.94106400 -1.10059094 45.000000 1.000000 3252.000000 0.000000
-0.11225900 -1.85025799 -1.04696798 102.000000 1.000000 1640.000000 0.000000
-0.12388600 -1.85382402 -1.04952204 287.000000 2.000000 1625.000000 0.000000
-0.13616700 -1.86589301 -1.05718195 382.000000 3.000000 1682.000000 0.000000
-0.14642800 -1.84959304 -1.04798996 289.000000 2.000000 1690.000000 0.000000
-0.57011700 -2.06886292 -1.22060394 728.000000 7.000000 3029.000000 0.000000
-0.58001900 -2.05538988 -1.21447599 1409.000000 16.000000 2564.000000 0.000000
-0.59190899 -2.04931307 -1.21294403 1572.000000 18.000000 2623.000000 0.000000
-0.60229498 -2.03821802 -1.20834696 1396.000000 15.000000 2755.000000 0.000000
-0.59181899 -1.95789599 -1.16085303 977.000000 10.000000 2390.000000 0.000000
-0.60205698 -1.94847405 -1.15727794 894.000000 9.000000 2426.000000 0.000000
0.50603700 -1.85051405 -1.15609896 355.000000 2.000000 2016.000000 0.000000
-0.08821900 -1.91642702 -1.15609896 44.000000 1.000000 1336.000000 0.000000
-0.09608800 -1.84239101 -1.10964894 879.000000 5.000000 2228.000000 0.000000
-0.10779000 -1.84851897 -1.11391997 678.000000 4.000000 1360.000000 0.000000
-0.12023100 -1.86469805 -1.12459803 377.000000 2.000000 1317.000000 0.000000
-0.12775500 -1.80910504 -1.08989406 199.000000 1.000000 1348.000000 0.000000
-0.54947197 -2.05861902 -1.29010999 1387.000000 13.000000 2450.000000 0.000000
-0.56209302 -2.05520797 -1.29010999 1645.000000 16.000000 2433.000000 0.000000
-0.57492101 -2.05253506 -1.29064405 1911.000000 19.000000 2483.000000 0.000000
-0.58727098 -2.04815602 -1.29010999 1417.000000 13.000000 2348.000000 0.000000
-0.57883197 -1.97312999 -1.24312603 1010.000000 7.000000 2182.000000 0.000000
-0.58995402 -1.96630204 -1.24099100 1064.000000 8.000000 2073.000000 0.000000
-0.06328400 -1.99216998 -1.26829803 27.000000 1.000000 3173.000000 0.000000
-0.07390400 -1.94679499 -1.23841500 45.000000 1.000000 3130.000000 0.000000
-0.08136100 -1.83895195 -1.16702795 370.000000 3.000000 2297.000000 0.000000
-0.09380000 -1.86254501 -1.18307602 932.000000 8.000000 2471.000000 0.000000
-0.10500200 -1.85777605 -1.18030906 904.000000 8.000000 2228.000000 0.000000
-0.11404400 -1.81801999 -1.15429997 364.000000 3.000000 1697.000000 0.000000
-0.16313700 -1.86778998 -1.18971705 575.000000 5.000000 2090.000000 0.000000
-0.54425597 -2.10984802 -1.39170504 698.000000 8.000000 2624.000000 0.000000
-0.55338800 -2.09196711 -1.38174403 769.000000 9.000000 2379.000000 0.000000
-0.55561602 -2.04911900 -1.35462701 1311.000000 17.000000 2632.000000 0.000000
-0.56817901 -2.04567099 -1.35462701 1607.000000 22.000000 2779.000000 0.000000
-0.57981598 -2.03893995 -1.35241401 1551.000000 21.000000 2785.000000 0.000000
-0.58677101 -2.01613808 -1.33913195 1145.000000 14.000000 2466.000000 0.000000
-0.59205198 -1.98853600 -1.32253098 1074.000000 11.000000 2161.000000 0.000000
-0.04439700 -1.97200501 -1.33262897 36.000000 1.000000 3068.000000 0.000000
-0.05642500 -1.96924496 -1.33090103 19.000000 1.000000 2515.000000 0.000000
-0.06502300 -1.87083006 -1.26178002 92.000000 1.000000 1598.000000 0.000000
-0.07660300 -1.87284601 -1.26350796 166.000000 1.000000 1198.000000 0.000000
-0.08801500 -1.87070799 -1.26235604 214.000000 1.000000 1177.000000 0.000000
-0.09940300 -1.86849999 -1.26120400 144.000000 1.000000 1027.000000 0.000000
-0.10983600 -1.85071898 -1.24910796 346.000000 2.000000 1382.000000 0.000000
-0.11778300 -1.79862404 -1.21282005 945.000000 6.000000 2773.000000 0.000000
-0.12958500 -1.80846596 -1.22030795 1614.000000 11.000000 2881.000000 0.000000
-0.14119200 -1.81415701 -1.22491598 1354.000000 9.000000 2451.000000 0.000000
-0.17256100 -2.05191112 -1.39368498 886.000000 8.000000 2673.000000 0.000000
-0.18677799 -2.06872392 -1.40635705 818.000000 7.000000 2319.000000 0.000000
-0.49909899 -2.00954700 -1.40174901 1129.000000 10.000000 3209.000000 0.000000
-0.51182503 -2.00803089 -1.40290105 1110.000000 10.000000 2198.000000 0.000000
-0.53139299 -2.03252697 -1.42306101 1312.000000 12.000000 1883.000000 0.000000
-0.54258102 -2.02449203 -1.41960502 1478.000000 14.000000 2379.000000 0.000000
-0.55390799 -2.01718402 -1.41672504 1170.000000 10.000000 2359.000000 0.000000
-0.56605297 -2.01296091 -1.41614902 1148.000000 10.000000 1984.000000 0.000000
-0.56569999 -1.96546805 -1.38389301 1008.000000 9.000000 1846.000000 0.000000
-0.59626800 -2.02467895 -1.42997301 827.000000 7.000000 1925.000000 0.000000
0.49158901 -1.83798397 -1.35037994 372.000000 3.000000 1760.000000 0.000000
0.48071101 -1.84252000 -1.35157001 393.000000 4.000000 1945.000000 0.000000
-0.06309300 -1.90073800 -1.34978497 439.000000 4.000000 1862.000000 0.000000
-0.07410300 -1.88264501 -1.33669603 366.000000 3.000000 1678.000000 0.000000
-0.08527300 -1.87332201 -1.33015096 159.000000 1.000000 1521.000000 0.000000
-0.09593600 -1.85590506 -1.31765699 299.000000 3.000000 1567.000000 0.000000
-0.10785500 -1.86491203 -1.32479596 164.000000 1.000000 1432.000000 0.000000
-0.11929600 -1.86421502 -1.32479596 171.000000 1.000000 1373.000000 0.000000
-0.13046101 -1.85943794 -1.32182205 166.000000 1.000000 1518.000000 0.000000
-0.14222300 -1.86341202 -1.32539105 229.000000 2.000000 1560.000000 0.000000
-0.16634500 -2.02114010 -1.44319403 219.000000 2.000000 1933.000000 0.000000
-0.56118000 -1.96299899 -1.45330799 918.000000 11.000000 1938.000000 0.000000
-0.04652300 -1.93447995 -1.45837903 501.000000 3.000000 1565.000000 0.000000
-0.05578600 -1.85000801 -1.39234102 294.000000 2.000000 1231.000000 0.000000
-0.06731100 -1.85434902 -1.39604402 260.000000 1.000000 1181.000000 0.000000
-0.07797400 -1.83739305 -1.38308299 333.000000 2.000000 1105.000000 0.000000
-0.08971200 -1.84631002 -1.39048898 505.000000 3.000000 1161.000000 0.000000
-0.10038500 -1.83394098 -1.38123202 574.000000 4.000000 1297.000000 0.000000
-0.11231400 -1.84428501 -1.38987195 498.000000 3.000000 1339.000000 0.000000
-0.12410800 -1.85062695 -1.39542699 762.000000 5.000000 1562.000000 0.000000
-0.13517000 -1.84590697 -1.39234102 453.000000 3.000000 1394.000000 0.000000
-0.15089799 -1.89994395 -1.43554294 616.000000 4.000000 1487.000000 0.000000
-0.06247800 -1.86334598 -1.47399402 375.000000 3.000000 1490.000000 0.000000
-0.07373800 -1.85829699 -1.47018194 295.000000 3.000000 1549.000000 0.000000
-0.08517300 -1.85858095 -1.47081697 309.000000 3.000000 1486.000000 0.000000
-0.09668900 -1.86033702 -1.47272301 279.000000 2.000000 1362.000000 0.000000
-0.10784500 -1.85508299 -1.46891105 359.000000 3.000000 1498.000000 0.000000
-0.11913100 -1.85284495 -1.46764004 410.000000 4.000000 1672.000000 0.000000
0.28830200 1.60623205 -0.48479101 2359.000000 14.000000 2766.000000 0.000000
0.30199099 1.62499499 -0.49160701 2604.000000 18.000000 2709.000000 0.000000
0.30745000 1.59977198 -0.48386100 2435.000000 15.000000 2133.000000 0.000000
0.31540099 1.58853197 -0.48076299 1930.000000 10.000000 1692.000000 0.000000
0.32245901 1.57352901 -0.47642499 1795.000000 9.000000 1675.000000 0.000000
0.28865501 1.61314905 -0.52914900 2239.000000 18.000000 3694.000000 0.000000
0.30058199 1.62248194 -0.53313202 3054.000000 30.000000 3814.000000 0.000000
0.30860400 1.61041200 -0.52948099 3276.000000 34.000000 3770.000000 0.000000
0.31721300 1.60200799 -0.52715701 2329.000000 19.000000 5053.000000 0.000000
-1.67208302 1.37232995 -0.77577603 2280.000000 20.000000 3790.000000 0.000000
-1.65297306 1.39093995 -0.77470702 2282.000000 20.000000 3593.000000 0.000000
-1.67213202 1.42470801 -0.78859502 1923.000000 16.000000 3903.000000 0.000000
-1.66901600 1.43982804 -0.79144299 501.000000 3.000000 3548.000000 0.000000
-0.71746099 1.46936202 -0.57458699 2375.000000 15.000000 3421.000000 0.000000
-0.71085697 1.47879195 -0.57672399 2422.000000 16.000000 3252.000000 0.000000
-0.71373898 1.50847602 -0.58740598 1033.000000 5.000000 4055.000000 0.000000
0.27975899 1.61390400 -0.57565498 2053.000000 12.000000 3111.000000 0.000000
0.28965601 1.61215794 -0.57565498 2985.000000 23.000000 3064.000000 0.000000
0.30040100 1.61494303 -0.57743597 3150.000000 25.000000 3043.000000 0.000000
0.30941799 1.60848200 -0.57565498 3113.000000 24.000000 2868.000000 0.000000
0.31909901 1.60563600 -0.57529902 3064.000000 24.000000 3092.000000 0.000000
0.32819101 1.59998703 -0.57387501 2420.000000 16.000000 3284.000000 0.000000
-1.66809201 1.37524700 -0.83268899 1527.000000 17.000000 3781.000000 0.000000
-1.66246998 1.38782406 -0.83420002 2157.000000 27.000000 3676.000000 0.000000
-1.65179801 1.39620900 -0.83306700 2455.000000 33.000000 4139.000000 0.000000
-1.65306497 1.41472805 -0.83835500 1681.000000 19.000000 4066.000000 0.000000
-0.72360998 1.47033894 -0.61930102 2694.000000 24.000000 3967.000000 0.000000
-0.72634500 1.49888694 -0.63025302 2870.000000 27.000000 3896.000000 0.000000
-0.71473002 1.49830699 -0.62798703 2120.000000 17.000000 3680.000000 0.000000
-0.70591801 1.50350106 -0.62836498 615.000000 4.000000 4678.000000 0.000000
0.27394801 1.61005700 -0.61703497 2456.000000 21.000000 3631.000000 0.000000
0.28509101 1.61564398 -0.62005597 3122.000000 31.000000 3677.000000 0.000000
0.29532701 1.61568701 -0.62081099 3057.000000 30.000000 3597.000000 0.000000
0.30523500 1.61384404 -0.62081099 2817.000000 26.000000 3573.000000 0.000000
0.31671000 1.62012398 -0.62421000 2268.000000 18.000000 3380.000000 0.000000
0.32664499 1.61815000 -0.62421000 741.000000 4.000000 4693.000000 0.000000
0.40362301 1.59209001 -0.62081099 213.000000 1.000000 2539.000000 0.000000
-1.67580605 1.37684095 -0.90153998 756.000000 5.000000 3645.000000 0.000000
-1.66099405 1.38182294 -0.89792401 2440.000000 22.000000 3962.000000 0.000000
-1.65038395 1.39021802 -0.89671898 2294.000000 20.000000 4585.000000 0.000000
-0.73293900 1.47993505 -0.67453003 3270.000000 27.000000 3904.000000 0.000000
-0.71863502 1.47369897 -0.66930699 3134.000000 25.000000 3701.000000 0.000000
-0.71195298 1.48303604 -0.67171800 2685.000000 19.000000 3470.000000 0.000000
-0.70205897 1.48572004 -0.67091399 1908.000000 11.000000 3442.000000 0.000000
-0.70950401 1.52571797 -0.68819100 290.000000 1.000000 4038.000000 0.000000
0.23378199 1.64133000 -0.67734301 1053.000000 5.000000 3691.000000 0.000000
0.24154601 1.62446904 -0.67051202 2332.000000 15.000000 3673.000000 0.000000
0.25207299 1.62657499 -0.67211902 2867.000000 21.000000 3753.000000 0.000000
0.26204899 1.62499797 -0.67211902 3045.000000 24.000000 3628.000000 0.000000
0.27186200 1.62245703 -0.67171800 3024.000000 23.000000 3635.000000 0.000000
0.27944800 1.60722697 -0.66569102 2753.000000 20.000000 3361.000000 0.000000
0.29126200 1.61629498 -0.67051202 2318.000000 15.000000 3222.000000 0.000000
0.30201799 1.61897802 -0.67252100 1304.000000 7.000000 3507.000000 0.000000
0.36814800 1.59113705 -0.66649401 1659.000000 9.000000 2364.000000 0.000000
0.37322599 1.56925201 -0.65765500 1506.000000 8.000000 2314.000000 0.000000
0.38764599 1.58649898 -0.66649401 1147.000000 6.000000 2091.000000 0.000000
0.39670199 1.58142698 -0.66528898 1128.000000 6.000000 2107.000000 0.000000
0.40067300 1.55679703 -0.65524399 1467.000000 8.000000 2701.000000 0.000000
1.14807498 1.69373000 -0.84770101 1690.000000 11.000000 2833.000000 0.000000
1.15377498 1.67986405 -0.84408498 1940.000000 14.000000 2776.000000 0.000000
1.16091895 1.66824496 -0.84167397 2343.000000 18.000000 3019.000000 0.000000
1.17113400 1.66109002 -0.84167397 2258.000000 17.000000 3159.000000 0.000000
1.18130398 1.65387297 -0.84167397 1800.000000 12.000000 2920.000000 0.000000
1.22259402 1.68960202 -0.86497802 530.000000 3.000000 2963.000000 0.000000
1.25624096 1.67046905 -0.86698699 1476.000000 9.000000 2609.000000 0.000000
1.26646698 1.66272998 -0.86698699 1468.000000 9.000000 3420.000000 0.000000
-1.69229102 1.40522301 -0.97595298 1499.000000 17.000000 4081.000000 0.000000
-1.64681804 1.38474405 -0.95353800 1896.000000 23.000000 4228.000000 0.000000
-1.64138806 1.41488397 -0.96072698 1250.000000 13.000000 4168.000000 0.000000
-0.73311502 1.45750797 -0.71077299 2520.000000 22.000000 3925.000000 0.000000
-0.72900999 1.47170997 -0.71584803 3072.000000 31.000000 3976.000000 0.000000
-0.71996599 1.47615600 -0.71584803 2884.000000 27.000000 3709.000000 0.000000
-0.70971102 1.47809803 -0.71458000 2264.000000 18.000000 3271.000000 0.000000
-0.70296502 1.48733401 -0.71711701 1966.000000 15.000000 3195.000000 0.000000
-0.69882101 1.50228798 -0.72261500 572.000000 3.000000 3502.000000 0.000000
0.21217500 1.63409197 -0.71838599 656.000000 4.000000 3084.000000 0.000000
0.22243799 1.63455498 -0.71923202 1531.000000 11.000000 3141.000000 0.000000
0.23158500 1.62687802 -0.71627098 2277.000000 19.000000 3448.000000 0.000000
0.24182500 1.62722003 -0.71711701 2666.000000 24.000000 3530.000000 0.000000
0.25180501 1.62570500 -0.71711701 2632.000000 23.000000 3369.000000 0.000000
0.26092401 1.61875999 -0.71458000 2127.000000 17.000000 3142.000000 0.000000
0.27144101 1.62070405 -0.71627098 1092.000000 7.000000 3405.000000 0.000000
0.36028600 1.60236704 -0.71584803 1025.000000 6.000000 2952.000000 0.000000
0.37011099 1.60012603 -0.71584803 1076.000000 7.000000 2411.000000 0.000000
0.37930000 1.59517896 -0.71458000 729.000000 4.000000 2018.000000 0.000000
0.39035800 1.59810603 -0.71711701 657.000000 4.000000 2049.000000 0.000000
0.39841101 1.58864498 -0.71373397 1068.000000 7.000000 2563.000000 0.000000
0.40859801 1.58792698 -0.71458000 882.000000 5.000000 3336.000000 0.000000
1.12314606 1.70427597 -0.90193999 757.000000 6.000000 2728.000000 0.000000
1.13057101 1.69282496 -0.89940202 1054.000000 9.000000 2309.000000 0.000000
1.13992405 1.68435299 -0.89855599 1168.000000 10.000000 2467.000000 0.000000
1.15074897 1.67807496 -0.89897901 1523.000000 15.000000 2607.000000 0.000000
1.15999305 1.66949201 -0.89813298 1685.000000 17.000000 2805.000000 0.000000
1.17229497 1.66531205 -0.89982498 1555.000000 15.000000 2945.000000 0.000000
1.19455695 1.67508101 -0.90955198 1155.000000 10.000000 2930.000000 0.000000
1.26569200 1.68590200 -0.93323702 945.000000 9.000000 2286.000000 0.000000
1.26616502 1.66510105 -0.92562401 1395.000000 15.000000 2639.000000 0.000000
1.28463101 1.66808605 -0.93196797 1252.000000 13.000000 2749.000000 0.000000
1.31318498 1.68378901 -0.94592500 845.000000 8.000000 3341.000000 0.000000
-0.69195300 1.44446695 -0.74788600 2076.000000 13.000000 3109.000000 0.000000
-0.66174799 1.40334904 -0.72287297 1858.000000 11.000000 3008.000000 0.000000
0.20664100 1.58014405 -0.74386603 1824.000000 11.000000 3422.000000 0.000000
0.22207700 1.62050295 -0.76485902 2639.000000 19.000000 3319.000000 0.000000
0.23252700 1.62265205 -0.76664603 2789.000000 20.000000 3162.000000 0.000000
0.24207900 1.61854005 -0.76530600 2392.000000 16.000000 3030.000000 0.000000
0.25560799 1.64000595 -0.77691901 1701.000000 10.000000 2871.000000 0.000000
0.27041599 1.66754699 -0.79165900 1772.000000 10.000000 2455.000000 0.000000
0.29035100 1.72319603 -0.82069302 2106.000000 14.000000 2346.000000 0.000000
0.30107301 1.72226405 -0.82113898 2142.000000 14.000000 2353.000000 0.000000
0.30651000 1.69221604 -0.80684602 1691.000000 10.000000 2553.000000 0.000000
0.31738400 1.69294095 -0.80818599 1016.000000 5.000000 2846.000000 0.000000
0.35203600 1.60464501 -0.76843297 636.000000 3.000000 2353.000000 0.000000
0.36326000 1.60856199 -0.77155900 1319.000000 7.000000 1986.000000 0.000000
0.37170100 1.60020399 -0.76843297 1431.000000 8.000000 1862.000000 0.000000
0.38192999 1.59963298 -0.76932597 830.000000 4.000000 1675.000000 0.000000
0.39195201 1.59812796 -0.76977301 1122.000000 6.000000 1952.000000 0.000000
0.39977801 1.58788598 -0.76575297 1503.000000 8.000000 2496.000000 0.000000
0.41647199 1.61225200 -0.77959901 398.000000 2.000000 3390.000000 0.000000
1.16164505 1.73331702 -0.98997903 1410.000000 11.000000 3198.000000 0.000000
1.15062296 1.69434500 -0.97077298 2256.000000 17.000000 2897.000000 0.000000
1.16252100 1.68946302 -0.97211301 2506.000000 20.000000 3091.000000 0.000000
1.17286599 1.68229795 -0.97211301 2260.000000 17.000000 2982.000000 0.000000
1.19504905 1.69186997 -0.98238599 1703.000000 13.000000 2678.000000 0.000000
1.25335300 1.75141203 -1.02347898 563.000000 3.000000 2544.000000 0.000000
1.26901603 1.68441403 -1.00114596 819.000000 5.000000 1885.000000 0.000000
1.27552497 1.67161906 -0.99801898 1367.000000 10.000000 2463.000000 0.000000
1.29123294 1.67083704 -1.00248599 1629.000000 13.000000 2588.000000 0.000000
1.30422103 1.66640401 -1.00471902 1242.000000 9.000000 2985.000000 0.000000
-0.73489600 1.44929302 -0.80693102 1089.000000 7.000000 3382.000000 0.000000
-0.72678399 1.45535398 -0.80786598 1773.000000 13.000000 3367.000000 0.000000
-0.71195698 1.44790196 -0.80085403 1973.000000 15.000000 3245.000000 0.000000
-0.70499599 1.45621705 -0.80319101 1998.000000 16.000000 3325.000000 0.000000
-0.70140201 1.47167301 -0.80973601 1709.000000 13.000000 2957.000000 0.000000
-0.69537902 1.48234403 -0.81347603 1269.000000 9.000000 2986.000000 0.000000
-0.69074202 1.49620295 -0.81908500 466.000000 3.000000 3353.000000 0.000000
0.17534500 1.62526095 -0.81207299 958.000000 6.000000 2080.000000 0.000000
0.18002699 1.57671106 -0.78683001 713.000000 4.000000 2590.000000 0.000000
0.19341700 1.60718298 -0.80365902 1033.000000 7.000000 2129.000000 0.000000
0.20229700 1.59807098 -0.79945201 1481.000000 10.000000 2598.000000 0.000000
0.21472199 1.61696196 -0.81020302 2096.000000 17.000000 2912.000000 0.000000
0.22547500 1.62174499 -0.81347603 1996.000000 16.000000 2781.000000 0.000000
0.23055400 1.58620000 -0.79524398 1340.000000 9.000000 2818.000000 0.000000
0.24692200 1.62934899 -0.81908500 496.000000 3.000000 2931.000000 0.000000
0.35681599 1.61157596 -0.82048798 1040.000000 7.000000 2528.000000 0.000000
0.36630899 1.60763097 -0.81955302 1015.000000 6.000000 2315.000000 0.000000
0.37457100 1.59846401 -0.81581300 499.000000 3.000000 1732.000000 0.000000
0.38621399 1.60387504 -0.82002002 715.000000 4.000000 2148.000000 0.000000
0.39352801 1.59117103 -0.81441098 1052.000000 7.000000 2781.000000 0.000000
0.40995699 1.61530602 -0.82890201 390.000000 2.000000 3780.000000 0.000000
1.16614699 1.75881195 -1.06357002 924.000000 9.000000 3289.000000 0.000000
1.15184999 1.71414995 -1.03972995 1130.000000 12.000000 2733.000000 0.000000
1.16135395 1.70558703 -1.03879499 1557.000000 18.000000 2876.000000 0.000000
1.17279804 1.69988596 -1.03972995 1541.000000 17.000000 2847.000000 0.000000
1.18825603 1.69991398 -1.04440403 1264.000000 13.000000 2679.000000 0.000000
1.21343696 1.71354306 -1.05796099 815.000000 8.000000 2400.000000 0.000000
1.28135502 1.74082601 -1.09068406 548.000000 5.000000 2203.000000 0.000000
1.30729496 1.75351405 -1.10423994 442.000000 4.000000 2063.000000 0.000000
1.27021098 1.68187296 -1.06216800 695.000000 7.000000 1924.000000 0.000000
1.29336202 1.69092500 -1.07338703 805.000000 8.000000 2598.000000 0.000000
1.30533302 1.68505800 -1.07479000 993.000000 10.000000 2554.000000 0.000000
1.34449196 1.71393704 -1.09956598 803.000000 8.000000 2564.000000 0.000000
-1.71147394 1.29174495 -1.15427494 1913.000000 16.000000 4828.000000 0.000000
-1.67721200 1.33173096 -1.15280199 229.000000 1.000000 4013.000000 0.000000
-1.68393898 1.35401905 -1.16359901 558.000000 3.000000 3057.000000 0.000000
-1.65871704 1.35056102 -1.15132999 1533.000000 12.000000 2878.000000 0.000000
-1.63830495 1.35072899 -1.14249694 1879.000000 16.000000 2932.000000 0.000000
-1.62931800 1.36019695 -1.14200604 1928.000000 16.000000 2877.000000 0.000000
-1.62027597 1.36960495 -1.14151502 1863.000000 15.000000 2846.000000 0.000000
-1.62242699 1.38859296 -1.14936697 1110.000000 8.000000 4085.000000 0.000000
-0.74059403 1.43460405 -0.85589802 1029.000000 5.000000 3634.000000 0.000000
-0.73650801 1.44844496 -0.86178702 956.000000 5.000000 3428.000000 0.000000
-0.72916502 1.45605397 -0.86374998 1785.000000 11.000000 3246.000000 0.000000
-0.71444702 1.44877398 -0.85638797 2491.000000 17.000000 3300.000000 0.000000
-0.70668298 1.45548296 -0.85786098 2804.000000 21.000000 3259.000000 0.000000
-0.69736397 1.45900500 -0.85737002 2496.000000 17.000000 3189.000000 0.000000
-0.69062001 1.46798897 -0.86031401 2208.000000 14.000000 3059.000000 0.000000
-0.69329202 1.49751103 -0.87601799 1085.000000 5.000000 2740.000000 0.000000
-0.69851100 1.53346503 -0.89564902 408.000000 2.000000 2612.000000 0.000000
0.14923599 1.69156098 -0.90301001 1374.000000 8.000000 3280.000000 0.000000
0.18380500 1.62679005 -0.86865699 1509.000000 8.000000 3083.000000 0.000000
0.19388700 1.62649596 -0.86914802 2382.000000 16.000000 3133.000000 0.000000
0.20451801 1.63046300 -0.87209201 2077.000000 13.000000 2702.000000 0.000000
0.21474800 1.63090396 -0.87307400 2080.000000 13.000000 2650.000000 0.000000
0.22247501 1.61315894 -0.86374998 1641.000000 9.000000 2732.000000 0.000000
0.23399501 1.62297297 -0.87012899 906.000000 4.000000 2754.000000 0.000000
0.24329700 1.61719894 -0.86767602 653.000000 3.000000 2840.000000 0.000000
0.35237801 1.59966004 -0.86914802 1234.000000 6.000000 2041.000000 0.000000
0.36160600 1.59491897 -0.86767602 1273.000000 7.000000 2056.000000 0.000000
0.37396699 1.60369897 -0.87405598 1082.000000 5.000000 1984.000000 0.000000
0.38278201 1.59713900 -0.87160200 857.000000 4.000000 1848.000000 0.000000
0.39027500 1.58545494 -0.86620301 1176.000000 6.000000 2656.000000 0.000000
1.17139995 1.84055603 -1.17537701 870.000000 7.000000 2478.000000 0.000000
1.18409002 1.83553004 -1.17684901 1202.000000 11.000000 2705.000000 0.000000
1.17289805 1.79396904 -1.15378404 1303.000000 10.000000 3071.000000 0.000000
1.15738797 1.74680805 -1.12679303 1308.000000 10.000000 2861.000000 0.000000
1.15398502 1.71870506 -1.11256099 1604.000000 13.000000 2570.000000 0.000000
1.16205597 1.70799196 -1.11010695 1966.000000 17.000000 3076.000000 0.000000
1.17300999 1.70154595 -1.11059797 1944.000000 16.000000 3082.000000 0.000000
1.18592501 1.69788694 -1.11305201 1670.000000 13.000000 2997.000000 0.000000
1.22151005 1.72612298 -1.13758898 1175.000000 8.000000 2865.000000 0.000000
1.30409598 1.79556096 -1.19647896 1245.000000 11.000000 2387.000000 0.000000
1.33332705 1.78919899 -1.20334995 1371.000000 12.000000 2323.000000 0.000000
1.27966201 1.69548702 -1.14298701 1481.000000 11.000000 2424.000000 0.000000
1.27944899 1.67376602 -1.13317204 1543.000000 12.000000 2418.000000 0.000000
1.29289806 1.67001498 -1.13611698 1480.000000 11.000000 2295.000000 0.000000
1.33109999 1.69768703 -1.16163599 988.000000 7.000000 2220.000000 0.000000
-0.73550200 1.45957899 -0.91674203 1261.000000 9.000000 3234.000000 0.000000
-0.72576398 1.46252596 -0.91571999 1703.000000 13.000000 3119.000000 0.000000
-0.71563798 1.46463704 -0.91418803 1800.000000 14.000000 2940.000000 0.000000
-0.70626301 1.46822703 -0.91367799 1861.000000 14.000000 3135.000000 0.000000
-0.69761097 1.47330904 -0.91418803 1660.000000 12.000000 2928.000000 0.000000
-0.69586301 1.49312794 -0.92440200 1102.000000 7.000000 2835.000000 0.000000
0.14242101 1.66358602 -0.93768001 542.000000 4.000000 2062.000000 0.000000
0.15346500 1.67210102 -0.94329798 1277.000000 10.000000 2789.000000 0.000000
0.16151901 1.64801896 -0.92950898 756.000000 5.000000 2181.000000 0.000000
0.17275700 1.65811706 -0.93614799 1148.000000 9.000000 2880.000000 0.000000
0.18053401 1.63479996 -0.92286998 1632.000000 12.000000 2985.000000 0.000000
0.19134000 1.64049602 -0.92695600 1919.000000 15.000000 3087.000000 0.000000
0.20181200 1.64270496 -0.92899799 1845.000000 16.000000 3081.000000 0.000000
0.21253499 1.64655399 -0.93206197 1412.000000 12.000000 3031.000000 0.000000
0.22568600 1.66823101 -0.94585103 636.000000 4.000000 2616.000000 0.000000
0.35211799 1.61804497 -0.92950898 967.000000 7.000000 2241.000000 0.000000
0.36166799 1.61417496 -0.92848802 886.000000 6.000000 2128.000000 0.000000
0.37252000 1.61611700 -0.93104100 751.000000 5.000000 1901.000000 0.000000
0.38282201 1.61547506 -0.93206197 524.000000 3.000000 1931.000000 0.000000
0.39272699 1.61309505 -0.93206197 790.000000 6.000000 2585.000000 0.000000
1.13193798 1.79172003 -1.20477200 768.000000 8.000000 2298.000000 0.000000
1.13228095 1.76806605 -1.19302702 739.000000 7.000000 2132.000000 0.000000
1.13657701 1.75097501 -1.18587697 833.000000 8.000000 2086.000000 0.000000
1.14211798 1.73605597 -1.18025899 922.000000 9.000000 2112.000000 0.000000
1.15037096 1.72543395 -1.17770600 879.000000 9.000000 2070.000000 0.000000
1.15517902 1.70978200 -1.17157698 1312.000000 14.000000 2486.000000 0.000000
1.16419601 1.70053005 -1.17004502 1430.000000 16.000000 2799.000000 0.000000
1.17705095 1.69689202 -1.17259896 1313.000000 14.000000 2580.000000 0.000000
-0.73320103 1.46728098 -0.98044300 1481.000000 9.000000 2828.000000 0.000000
-0.71449500 1.45201802 -0.96656102 2032.000000 13.000000 2791.000000 0.000000
-0.70446903 1.45409203 -0.96495903 1943.000000 12.000000 2622.000000 0.000000
-0.70207298 1.47212994 -0.97456998 1751.000000 11.000000 2657.000000 0.000000
-0.69697100 1.48483300 -0.98044300 1695.000000 11.000000 2734.000000 0.000000
-0.69775701 1.51058304 -0.99539202 1014.000000 6.000000 2504.000000 0.000000
0.15682299 1.64635003 -0.98898500 1257.000000 7.000000 2483.000000 0.000000
0.16743800 1.65040398 -0.99218899 1708.000000 11.000000 2487.000000 0.000000
0.17582799 1.63337398 -0.98204398 2146.000000 15.000000 2883.000000 0.000000
0.18565400 1.63058400 -0.98097700 2068.000000 14.000000 3036.000000 0.000000
0.19616400 1.63361204 -0.98364598 1893.000000 12.000000 3013.000000 0.000000
0.20597000 1.63069999 -0.98257798 1262.000000 7.000000 2763.000000 0.000000
0.34779400 1.61941302 -0.99058700 623.000000 3.000000 1490.000000 0.000000
0.36010700 1.62797904 -0.99752802 783.000000 4.000000 1646.000000 0.000000
0.36764100 1.61502302 -0.99058700 451.000000 2.000000 1337.000000 0.000000
0.37928399 1.62014496 -0.99539202 658.000000 3.000000 1724.000000 0.000000
0.38921800 1.61778700 -0.99539202 570.000000 3.000000 1829.000000 0.000000
-0.78281498 1.53712106 -1.09010601 888.000000 7.000000 3101.000000 0.000000
-0.73545599 1.46679699 -1.03421402 1143.000000 9.000000 2708.000000 0.000000
-0.72458798 1.46755302 -1.03144705 1318.000000 11.000000 2621.000000 0.000000
-0.71630198 1.47346795 -1.03255296 1360.000000 11.000000 2540.000000 0.000000
-0.70869398 1.48083699 -1.03476703 1290.000000 10.000000 2584.000000 0.000000
-0.70066601 1.48741496 -1.03642702 1177.000000 9.000000 2506.000000 0.000000
-0.70421201 1.51885498 -1.05634904 884.000000 7.000000 2568.000000 0.000000
-0.71331000 1.56326103 -1.08567905 744.000000 5.000000 2318.000000 0.000000
0.15849800 1.69007301 -1.07184398 869.000000 6.000000 2544.000000 0.000000
0.16426800 1.64181495 -1.04030097 1155.000000 9.000000 2386.000000 0.000000
0.17408100 1.63829100 -1.03864098 1699.000000 15.000000 2674.000000 0.000000
0.18440300 1.63967597 -1.04030097 1223.000000 10.000000 2552.000000 0.000000
0.19378901 1.63272202 -1.03642702 959.000000 7.000000 2591.000000 0.000000
0.21258900 1.70343196 -1.08457196 612.000000 4.000000 2224.000000 0.000000
0.35447401 1.71453595 -1.10726094 947.000000 7.000000 2055.000000 0.000000
0.34663299 1.62511694 -1.04804802 598.000000 4.000000 1870.000000 0.000000
0.35765699 1.62784302 -1.05136895 678.000000 5.000000 2012.000000 0.000000
0.36709401 1.62317896 -1.04970896 716.000000 5.000000 2099.000000 0.000000
0.37723300 1.62170804 -1.05026197 712.000000 5.000000 2120.000000 0.000000
0.40919900 1.71258295 -1.11390197 596.000000 5.000000 2649.000000 0.000000
-0.76808298 1.49489903 -1.12699497 1022.000000 6.000000 2505.000000 0.000000
-0.74563098 1.47331500 -1.10625899 1205.000000 7.000000 2433.000000 0.000000
-0.72347301 1.45151305 -1.08552301 1357.000000 8.000000 2400.000000 0.000000
-0.72102398 1.46913898 -1.09589100 1611.000000 10.000000 2318.000000 0.000000
-0.70986599 1.46911800 -1.09243500 2053.000000 14.000000 2453.000000 0.000000
-0.70083803 1.47344601 -1.09243500 1967.000000 13.000000 2321.000000 0.000000
-0.69973999 1.49475300 -1.10568297 1213.000000 7.000000 1734.000000 0.000000
-0.69260401 1.50347495 -1.10913897 858.000000 5.000000 1544.000000 0.000000
-0.68471301 1.51067603 -1.11144304 927.000000 5.000000 1605.000000 0.000000
-0.70798898 1.58804405 -1.16789103 693.000000 4.000000 1761.000000 0.000000
0.11021200 1.68443203 -1.13217902 1168.000000 7.000000 1907.000000 0.000000
0.11977700 1.67312503 -1.12469101 1048.000000 6.000000 1764.000000 0.000000
0.12972100 1.66828406 -1.12181103 1053.000000 6.000000 2590.000000 0.000000
0.13829701 1.64790797 -1.10798705 1339.000000 8.000000 2312.000000 0.000000
0.14788701 1.64133000 -1.10395503 1722.000000 11.000000 2406.000000 0.000000
0.15692700 1.62981498 -1.09646702 1514.000000 9.000000 2320.000000 0.000000
0.16801700 1.63939202 -1.10395503 1657.000000 11.000000 2403.000000 0.000000
0.17700499 1.62857902 -1.09704304 1356.000000 8.000000 2401.000000 0.000000
0.18708800 1.62827396 -1.09761906 1267.000000 7.000000 2568.000000 0.000000
0.19677900 1.62466097 -1.09589100 1178.000000 7.000000 2625.000000 0.000000
0.21152700 1.66071999 -1.12238705 1178.000000 7.000000 2237.000000 0.000000
0.34603000 1.70393503 -1.16789103 1109.000000 7.000000 1927.000000 0.000000
0.34099701 1.62818599 -1.11489904 977.000000 5.000000 1739.000000 0.000000
0.35184699 1.63005698 -1.11777902 905.000000 5.000000 1644.000000 0.000000
0.36415699 1.63823903 -1.12526703 605.000000 3.000000 1439.000000 0.000000
0.37749600 1.65031397 -1.13563502 508.000000 2.000000 1416.000000 0.000000
0.39588001 1.68297195 -1.16097903 860.000000 5.000000 2433.000000 0.000000
-0.82254797 1.50431502 -1.21115899 860.000000 8.000000 2970.000000 0.000000
-0.80793798 1.49944198 -1.20282900 882.000000 8.000000 2636.000000 0.000000
-0.77258199 1.45545900 -1.16177702 1189.000000 10.000000 2583.000000 0.000000
-0.76363701 1.46017301 -1.16177702 1137.000000 9.000000 2487.000000 0.000000
-0.75281298 1.46126294 -1.15880203 1144.000000 9.000000 2590.000000 0.000000
-0.74017501 1.45869803 -1.15285206 1283.000000 11.000000 2364.000000 0.000000
-0.73121101 1.46321201 -1.15285206 1595.000000 14.000000 2444.000000 0.000000
-0.72257602 1.46839094 -1.15344703 1566.000000 14.000000 2346.000000 0.000000
-0.71319997 1.47207499 -1.15285206 1412.000000 12.000000 2467.000000 0.000000
-0.70310998 1.47424996 -1.15106702 1124.000000 9.000000 2387.000000 0.000000
-0.69645602 1.48362195 -1.15523195 1521.000000 13.000000 2578.000000 0.000000
-0.68734002 1.48786795 -1.15523195 1481.000000 13.000000 2546.000000 0.000000
-0.67585498 1.48694205 -1.15106702 1280.000000 11.000000 2865.000000 0.000000
-0.67167097 1.50205302 -1.15999198 1099.000000 9.000000 3501.000000 0.000000
0.11765500 1.67018497 -1.18140996 630.000000 4.000000 1603.000000 0.000000
0.12802000 1.67103505 -1.18260002 691.000000 5.000000 1678.000000 0.000000
0.13666800 1.65018797 -1.16772604 882.000000 7.000000 1870.000000 0.000000
0.14637700 1.64451396 -1.16415596 1088.000000 9.000000 2111.000000 0.000000
0.15653799 1.64438498 -1.16475105 1101.000000 9.000000 2378.000000 0.000000
0.16741399 1.65139198 -1.17070103 1278.000000 10.000000 2425.000000 0.000000
0.17745900 1.64953399 -1.17010605 1345.000000 11.000000 2363.000000 0.000000
0.18722300 1.64521897 -1.16772604 1078.000000 9.000000 2349.000000 0.000000
0.19759500 1.64643395 -1.16951096 1020.000000 8.000000 2141.000000 0.000000
0.20877600 1.65396595 -1.17605603 849.000000 6.000000 1767.000000 0.000000
0.21850801 1.64946496 -1.17367601 894.000000 7.000000 2003.000000 0.000000
0.22732601 1.63853598 -1.16653597 839.000000 6.000000 2524.000000 0.000000
0.24099500 1.66257501 -1.18557501 746.000000 5.000000 2337.000000 0.000000
0.33286399 1.64910305 -1.18736005 726.000000 5.000000 1920.000000 0.000000
0.34184501 1.64151895 -1.18319499 674.000000 5.000000 1877.000000 0.000000
0.35107800 1.63545895 -1.18022001 629.000000 4.000000 1906.000000 0.000000
0.35905001 1.62384999 -1.17308104 472.000000 3.000000 1830.000000 0.000000
0.37253001 1.63730097 -1.18498003 609.000000 4.000000 2061.000000 0.000000
-0.79762602 1.40586698 -1.20842302 1484.000000 9.000000 3271.000000 0.000000
-0.78069299 1.41623795 -1.20904005 1443.000000 9.000000 2732.000000 0.000000
-0.76973802 1.41685200 -1.20533800 1535.000000 10.000000 3115.000000 0.000000
-0.73990703 1.42379498 -1.19916606 1452.000000 9.000000 2171.000000 0.000000
-0.73223001 1.43041003 -1.20101702 1340.000000 8.000000 2109.000000 0.000000
-0.72343898 1.43487597 -1.20101702 1452.000000 9.000000 1990.000000 0.000000
-0.71497101 1.43999302 -1.20163405 1488.000000 9.000000 2043.000000 0.000000
-0.70543200 1.44293797 -1.20039999 1690.000000 11.000000 2198.000000 0.000000
-0.69928998 1.45291400 -1.20533800 1386.000000 8.000000 1709.000000 0.000000
-0.69103402 1.45860004 -1.20657206 1145.000000 7.000000 1605.000000 0.000000
-0.68273503 1.46423995 -1.20780599 1236.000000 7.000000 1521.000000 0.000000
0.09506000 1.56470704 -1.17015898 1626.000000 11.000000 3128.000000 0.000000
0.10695000 1.59784997 -1.19669700 1252.000000 7.000000 2520.000000 0.000000
