0.88303602 -1.73217499 1.18034601 423.000000 3.000000 364.000000 3.000000
0.86929297 -1.73142505 1.17625201 655.000000 6.000000 351.000000 3.000000
0.85712302 -1.73364902 1.17420495 811.000000 7.000000 370.000000 3.000000
0.84760302 -1.74118996 1.17574000 781.000000 7.000000 375.000000 3.000000
0.83615702 -1.74480999 1.17471695 878.000000 8.000000 382.000000 3.000000
0.82580400 -1.75068402 1.17522895 824.000000 7.000000 404.000000 3.000000
0.81940800 -1.76505995 1.18137002 707.000000 6.000000 325.000000 3.000000
0.82327002 -1.80206203 1.20235097 106.000000 1.000000 334.000000 3.000000
0.89272398 -1.74021900 1.12499905 557.000000 3.000000 329.000000 3.000000
0.87418401 -1.73010695 1.11518097 782.000000 4.000000 358.000000 3.000000
0.86432701 -1.73699903 1.11616302 786.000000 4.000000 332.000000 3.000000
0.85633099 -1.74774802 1.11959898 549.000000 3.000000 313.000000 3.000000
0.83841097 -1.73805499 1.11027205 1176.000000 7.000000 354.000000 3.000000
0.83556598 -1.75969899 1.12058103 994.000000 6.000000 358.000000 3.000000
0.82548898 -1.76637197 1.12156296 789.000000 4.000000 337.000000 3.000000
0.88791698 -1.73167598 1.05481899 413.000000 3.000000 381.000000 3.000000
0.87367398 -1.73000002 1.05060601 565.000000 5.000000 369.000000 3.000000
0.86462402 -1.73848903 1.05247903 833.000000 7.000000 344.000000 3.000000
0.85394001 -1.74376202 1.05247903 762.000000 7.000000 350.000000 3.000000
0.84283900 -1.74817395 1.05201101 887.000000 8.000000 384.000000 3.000000
0.83095503 -1.75092006 1.05060601 608.000000 5.000000 383.000000 3.000000
0.82357699 -1.76318395 1.05481899 486.000000 4.000000 379.000000 3.000000
0.81682199 -1.77702701 1.05996799 74.000000 1.000000 343.000000 3.000000
0.90560198 -1.73386300 1.00081897 140.000000 1.000000 246.000000 3.000000
0.88309097 -1.71630394 0.98786998 741.000000 4.000000 336.000000 3.000000
0.87375498 -1.72408605 0.98921001 898.000000 5.000000 319.000000 3.000000
0.86555398 -1.73422003 0.99188900 913.000000 5.000000 287.000000 3.000000
0.85016799 -1.72985804 0.98653102 752.000000 4.000000 314.000000 3.000000
0.84109402 -1.73826504 0.98831701 1397.000000 9.000000 327.000000 3.000000
0.83924800 -1.76198006 0.99858701 1017.000000 6.000000 370.000000 3.000000
0.82576698 -1.76142299 0.99546099 604.000000 3.000000 337.000000 3.000000
0.81344599 -1.76320601 0.99367499 15.000000 1.000000 324.000000 3.000000
0.88632900 -1.71434999 0.92806000 327.000000 2.000000 312.000000 3.000000
0.88487601 -1.73749495 0.93737900 503.000000 4.000000 334.000000 3.000000
0.86400098 -1.72267103 0.92679000 282.000000 2.000000 322.000000 3.000000
0.85784698 -1.73686504 0.93144900 165.000000 1.000000 325.000000 3.000000
0.84757102 -1.74290895 0.93187201 840.000000 7.000000 375.000000 3.000000
0.83528900 -1.74481201 0.93017799 891.000000 8.000000 306.000000 3.000000
0.82844698 -1.75809097 0.93441403 790.000000 7.000000 344.000000 3.000000
0.81496400 -1.75739396 0.93144900 165.000000 1.000000 314.000000 3.000000
0.80869901 -1.77224100 0.93653202 11.000000 1.000000 324.000000 3.000000
0.90342700 -1.72534204 0.88002700 442.000000 2.000000 270.000000 3.000000
0.89156598 -1.72841001 0.87882298 1248.000000 7.000000 332.000000 3.000000
0.87472999 -1.72159600 0.87280101 1462.000000 9.000000 316.000000 3.000000
0.86987901 -1.73840106 0.87842101 795.000000 4.000000 299.000000 3.000000
0.85879201 -1.74288404 0.87801999 1222.000000 7.000000 301.000000 3.000000
0.84488797 -1.74152601 0.87480801 1656.000000 11.000000 350.000000 3.000000
0.83852202 -1.75577199 0.87922400 1217.000000 7.000000 295.000000 3.000000
0.83473498 -1.77580905 0.88645101 612.000000 3.000000 335.000000 3.000000
0.88747102 -1.72741902 0.82057202 1011.000000 8.000000 344.000000 3.000000
0.87433702 -1.72788095 0.81830299 1386.000000 11.000000 329.000000 3.000000
0.86993802 -1.74562800 0.82397598 402.000000 2.000000 299.000000 3.000000
0.85552400 -1.74346101 0.82057202 888.000000 6.000000 359.000000 3.000000
0.84440601 -1.74784505 0.82019401 1235.000000 10.000000 325.000000 3.000000
0.83446401 -1.75466394 0.82095098 1095.000000 8.000000 363.000000 3.000000
0.83550900 -1.78487897 0.83229500 913.000000 8.000000 331.000000 3.000000
0.89657199 -1.73519504 0.77137399 727.000000 3.000000 275.000000 3.000000
0.88379103 -1.73649704 0.76959503 729.000000 3.000000 291.000000 3.000000
0.87395602 -1.74355900 0.77030700 311.000000 1.000000 246.000000 3.000000
0.85828501 -1.73882902 0.76603800 1500.000000 9.000000 327.000000 3.000000
0.84759903 -1.74406195 0.76603800 1546.000000 9.000000 358.000000 3.000000
0.83527100 -1.74585700 0.76461500 1734.000000 11.000000 335.000000 3.000000
0.83527702 -1.77378595 0.77421999 902.000000 5.000000 313.000000 3.000000
0.80475998 -1.73646605 0.75643200 26.000000 1.000000 273.000000 3.000000
0.90351200 -1.74181104 0.71975100 642.000000 4.000000 322.000000 3.000000
0.88462001 -1.73137999 0.71344000 1100.000000 8.000000 315.000000 3.000000
0.86929703 -1.72751701 0.70978600 259.000000 1.000000 291.000000 3.000000
0.86414802 -1.74379396 0.71410400 898.000000 6.000000 339.000000 3.000000
0.85052401 -1.74313498 0.71177900 1315.000000 10.000000 321.000000 3.000000
0.84227401 -1.75341702 0.71377200 994.000000 7.000000 324.000000 3.000000
0.83352399 -1.76281202 0.71543300 1090.000000 8.000000 323.000000 3.000000
0.82389098 -1.77045596 0.71643001 181.000000 1.000000 320.000000 3.000000
0.88997799 -1.71877801 0.65902197 546.000000 2.000000 215.000000 3.000000
0.87855202 -1.72251105 0.65840399 1345.000000 8.000000 250.000000 3.000000
0.87393397 -1.73977101 0.66273499 583.000000 3.000000 249.000000 3.000000
0.86240101 -1.74339497 0.66211599 1958.000000 12.000000 257.000000 3.000000
0.84794497 -1.74095702 0.65933198 991.000000 5.000000 235.000000 3.000000
0.83929902 -1.75041497 0.66087902 1498.000000 9.000000 295.000000 3.000000
0.83664900 -1.77273798 0.66706598 469.000000 2.000000 232.000000 3.000000
0.84772301 -1.71895897 0.60120898 1701.000000 14.000000 369.000000 3.000000
0.84767002 -1.74565899 0.60834700 607.000000 4.000000 298.000000 3.000000
0.83528203 -1.74737203 0.60720497 1512.000000 12.000000 356.000000 3.000000
0.83847803 -1.78191996 0.61691302 478.000000 3.000000 287.000000 3.000000
0.90370899 -1.71722996 0.55842000 76.000000 1.000000 265.000000 3.000000
0.89581698 -1.72788501 0.55999398 299.000000 1.000000 235.000000 3.000000
0.88344401 -1.72991002 0.55894399 702.000000 3.000000 256.000000 3.000000
0.87411201 -1.73788500 0.55973101 349.000000 1.000000 181.000000 3.000000
0.85145700 -1.71899605 0.55238599 1427.000000 8.000000 268.000000 3.000000
0.84342802 -1.72939396 0.55396003 883.000000 4.000000 266.000000 3.000000
0.82279098 -1.71365201 0.54766297 1784.000000 11.000000 274.000000 3.000000
0.88260001 -1.71534395 0.50578600 1206.000000 9.000000 306.000000 3.000000
0.86409599 -1.73125398 0.50721902 363.000000 2.000000 273.000000 3.000000
0.84657502 -1.72259295 0.50339901 884.000000 6.000000 339.000000 3.000000
0.83599001 -1.72775495 0.50339901 894.000000 6.000000 304.000000 3.000000
0.82914698 -1.74073398 0.50554800 1146.000000 9.000000 342.000000 3.000000
0.83169901 -1.77389896 0.51318598 140.000000 1.000000 282.000000 3.000000
0.92105198 -1.69645095 0.45735401 17.000000 1.000000 206.000000 3.000000
0.89516199 -1.69812000 0.45498800 780.000000 4.000000 213.000000 3.000000
0.88180602 -1.72376204 0.45864400 1855.000000 11.000000 263.000000 3.000000
0.82740200 -1.72023296 0.45262200 1932.000000 12.000000 246.000000 3.000000
0.82309097 -1.73852205 0.45584801 231.000000 1.000000 232.000000 3.000000
0.91066003 -1.72265995 0.41278300 190.000000 1.000000 288.000000 3.000000
0.90098298 -1.72995400 0.41316599 568.000000 4.000000 294.000000 3.000000
0.88045597 -1.71625698 0.40895700 924.000000 7.000000 285.000000 3.000000
0.86635298 -1.71462595 0.40742600 275.000000 1.000000 270.000000 3.000000
0.85801101 -1.72429895 0.40838301 1011.000000 7.000000 329.000000 3.000000
0.83787501 -1.71015894 0.40417400 616.000000 4.000000 278.000000 3.000000
0.83721501 -1.73558199 0.40857399 2038.000000 18.000000 346.000000 3.000000
0.83162397 -1.75131500 0.41086999 850.000000 6.000000 304.000000 3.000000
0.91509199 -1.70901597 0.36287501 108.000000 1.000000 182.000000 3.000000
0.89723700 -1.70064294 0.36019599 930.000000 5.000000 153.000000 3.000000
0.89087200 -1.71399200 0.36170301 230.000000 1.000000 177.000000 3.000000
0.87540299 -1.70976901 0.35986099 843.000000 4.000000 180.000000 3.000000
0.86755502 -1.72039199 0.36086500 2157.000000 14.000000 192.000000 3.000000
0.85654497 -1.72479999 0.36069801 1615.000000 9.000000 215.000000 3.000000
0.84594500 -1.73002303 0.36069801 2360.000000 16.000000 246.000000 3.000000
0.83659500 -1.73784697 0.36120000 1617.000000 9.000000 233.000000 3.000000
0.87000400 -1.72475302 0.31473401 1755.000000 15.000000 286.000000 3.000000
0.85852098 -1.72828698 0.31444699 2286.000000 21.000000 372.000000 3.000000
0.84702700 -1.73174596 0.31415901 2011.000000 18.000000 296.000000 3.000000
0.83897197 -1.74225605 0.31502101 1738.000000 15.000000 291.000000 3.000000
0.91264200 -1.70302403 0.26805899 318.000000 1.000000 125.000000 3.000000
0.90171301 -1.70771396 0.26793900 509.000000 2.000000 143.000000 3.000000
0.88755703 -1.70616603 0.26698101 780.000000 4.000000 167.000000 3.000000
0.87480998 -1.70716000 0.26638201 941.000000 5.000000 188.000000 3.000000
0.86967999 -1.72313499 0.26781899 2924.000000 23.000000 214.000000 3.000000
0.85467798 -1.71954596 0.26662099 2398.000000 17.000000 204.000000 3.000000
0.85195500 -1.74081397 0.26877701 2687.000000 20.000000 214.000000 3.000000
0.90983599 -1.70083404 0.22167701 758.000000 5.000000 320.000000 3.000000
0.89891702 -1.70550501 0.22158100 1796.000000 15.000000 327.000000 3.000000
0.88475198 -1.70392895 0.22081301 1588.000000 13.000000 328.000000 3.000000
0.92790002 -1.70488000 0.17572400 363.000000 1.000000 260.000000 3.000000
0.90565097 -1.68855798 0.17393300 793.000000 4.000000 208.000000 3.000000
0.89946198 -1.70202303 0.17457800 2377.000000 16.000000 167.000000 3.000000
0.89176100 -1.71282005 0.17500800 2934.000000 23.000000 221.000000 3.000000
0.87441599 -1.70494199 0.17393300 1772.000000 11.000000 175.000000 3.000000
0.86932802 -1.72096300 0.17479300 2789.000000 21.000000 180.000000 3.000000
0.86052698 -1.72983801 0.17507900 2074.000000 13.000000 192.000000 3.000000
0.84726697 -1.72970903 0.17464900 2419.000000 17.000000 261.000000 3.000000
0.90104598 -1.68586898 0.12872399 1126.000000 7.000000 802.000000 3.000000
0.86661500 -1.72173500 0.12949200 2765.000000 29.000000 443.000000 3.000000
0.85380697 -1.72255003 0.12925200 1933.000000 17.000000 374.000000 3.000000
0.84146202 -1.72416902 0.12906000 1725.000000 14.000000 333.000000 3.000000
0.84650499 -1.76168001 0.13078700 224.000000 1.000000 311.000000 3.000000
0.92236501 -1.69469297 0.08302600 1884.000000 12.000000 179.000000 3.000000
0.90628600 -1.68974495 0.08274400 2367.000000 16.000000 126.000000 3.000000
0.85669500 -1.72212195 0.08288500 618.000000 3.000000 467.000000 3.000000
0.85050398 -1.73632705 0.08312100 1844.000000 11.000000 222.000000 3.000000
0.92294103 -1.70153403 0.03819500 1152.000000 9.000000 361.000000 3.000000
0.91106302 -1.70452201 0.03819500 1227.000000 9.000000 283.000000 3.000000
0.89357197 -1.69682205 0.03819500 1364.000000 11.000000 265.000000 3.000000
0.88637900 -1.70848000 0.03819500 1665.000000 14.000000 287.000000 3.000000
0.86993998 -1.70232296 0.03819500 2042.000000 15.000000 345.000000 3.000000
0.85677099 -1.70227396 0.03819500 2302.000000 18.000000 514.000000 3.000000
0.84898502 -1.71287000 0.03819500 2081.000000 16.000000 390.000000 3.000000
0.84858799 -1.73869598 0.03819500 1012.000000 7.000000 335.000000 3.000000
0.83051097 -1.72856200 0.03819500 52.000000 1.000000 327.000000 3.000000
0.91977298 -1.68922901 -0.00815000 1490.000000 8.000000 181.000000 3.000000
0.91316700 -1.70189095 -0.00834500 1685.000000 10.000000 125.000000 3.000000
0.89944100 -1.70127296 -0.00817400 737.000000 3.000000 150.000000 3.000000
0.88852400 -1.70587301 -0.00815000 2659.000000 19.000000 185.000000 3.000000
0.87758398 -1.71040297 -0.00812600 3765.000000 39.000000 220.000000 3.000000
0.86437100 -1.71040106 -0.00797900 2497.000000 16.000000 173.000000 3.000000
0.85964203 -1.72731102 -0.00829700 2737.000000 20.000000 169.000000 3.000000
0.85605699 -1.74692094 -0.00868800 349.000000 1.000000 132.000000 3.000000
0.90511698 -1.69275296 -0.05271800 557.000000 4.000000 200.000000 3.000000
0.89424598 -1.69739199 -0.05267000 642.000000 4.000000 188.000000 3.000000
0.88242900 -1.70018995 -0.05252600 1915.000000 17.000000 240.000000 3.000000
0.87334901 -1.70823801 -0.05267000 2745.000000 29.000000 249.000000 3.000000
0.86465502 -1.71712899 -0.05286200 1573.000000 13.000000 198.000000 3.000000
0.85410303 -1.72240198 -0.05286200 1564.000000 13.000000 216.000000 3.000000
0.85232002 -1.74554396 -0.05382100 158.000000 1.000000 205.000000 3.000000
0.93376100 -1.69015396 -0.10027900 1194.000000 6.000000 161.000000 3.000000
0.92003798 -1.68971705 -0.09977100 732.000000 3.000000 134.000000 3.000000
0.90918201 -1.69445205 -0.09969900 738.000000 3.000000 126.000000 3.000000
0.89318103 -1.68941402 -0.09882800 1818.000000 10.000000 171.000000 3.000000
0.88739997 -1.70371199 -0.09955400 2251.000000 15.000000 160.000000 3.000000
0.87329102 -1.70202303 -0.09897300 2957.000000 23.000000 182.000000 3.000000
0.86957002 -1.72070599 -0.10006100 1356.000000 7.000000 142.000000 3.000000
0.85899597 -1.72600901 -0.10006100 1424.000000 8.000000 134.000000 3.000000
0.93054599 -1.68731701 -0.14509501 448.000000 3.000000 270.000000 3.000000
0.91731298 -1.68775403 -0.14451900 682.000000 5.000000 183.000000 3.000000
0.90693998 -1.69334996 -0.14451900 725.000000 5.000000 183.000000 3.000000
0.89140302 -1.68921006 -0.14346300 1015.000000 7.000000 172.000000 3.000000
0.88009900 -1.69288397 -0.14327100 917.000000 5.000000 201.000000 3.000000
0.87424999 -1.70710194 -0.14423101 2353.000000 22.000000 211.000000 3.000000
0.86961001 -1.72397602 -0.14547899 1366.000000 11.000000 183.000000 3.000000
0.86123902 -1.73373199 -0.14595900 1441.000000 11.000000 192.000000 3.000000
0.93347800 -1.69033003 -0.19321001 385.000000 1.000000 114.000000 3.000000
0.92261499 -1.69515300 -0.19309001 374.000000 1.000000 119.000000 3.000000
0.90329301 -1.68415499 -0.19079700 903.000000 4.000000 123.000000 3.000000
0.89340502 -1.69054401 -0.19091800 1400.000000 8.000000 137.000000 3.000000
0.88621998 -1.70216000 -0.19176300 716.000000 3.000000 115.000000 3.000000
0.87666398 -1.70933199 -0.19200400 405.000000 2.000000 117.000000 3.000000
0.86794698 -1.71822500 -0.19248600 1257.000000 7.000000 148.000000 3.000000
0.86710203 -1.74307799 -0.19514100 538.000000 2.000000 136.000000 3.000000
0.93213999 -1.68745506 -0.23776899 767.000000 5.000000 205.000000 3.000000
0.91986799 -1.68966997 -0.23719500 831.000000 6.000000 156.000000 3.000000
0.91183197 -1.69963801 -0.23791300 669.000000 4.000000 179.000000 3.000000
0.89581400 -1.69471300 -0.23618899 1161.000000 9.000000 194.000000 3.000000
0.88631701 -1.70193195 -0.23647600 1224.000000 9.000000 179.000000 3.000000
0.87585700 -1.70733798 -0.23647600 1371.000000 11.000000 199.000000 3.000000
0.86670899 -1.71532702 -0.23690701 1447.000000 11.000000 187.000000 3.000000
0.85616797 -1.72061300 -0.23690701 1207.000000 9.000000 165.000000 3.000000
0.94164503 -1.68066096 -0.28613299 748.000000 4.000000 257.000000 3.000000
0.92750800 -1.67950106 -0.28478599 355.000000 1.000000 121.000000 3.000000
0.91483200 -1.68083000 -0.28394499 292.000000 1.000000 102.000000 3.000000
0.90636200 -1.68988800 -0.28461799 417.000000 2.000000 118.000000 3.000000
0.89091700 -1.68582702 -0.28276700 582.000000 3.000000 132.000000 3.000000
0.88419300 -1.69825900 -0.28411299 701.000000 3.000000 133.000000 3.000000
0.87510401 -1.70628405 -0.28461799 764.000000 4.000000 134.000000 3.000000
0.86772501 -1.71778297 -0.28579599 2235.000000 15.000000 164.000000 3.000000
0.85848302 -1.72572303 -0.28630099 458.000000 2.000000 164.000000 3.000000
0.92962497 -1.67884099 -0.33098400 317.000000 2.000000 224.000000 3.000000
0.91741800 -1.68107104 -0.33021799 267.000000 1.000000 182.000000 3.000000
0.90755302 -1.68753195 -0.33040899 329.000000 2.000000 178.000000 3.000000
0.89671999 -1.69220304 -0.33021799 1366.000000 11.000000 212.000000 3.000000
0.88495201 -1.69506598 -0.32964301 1125.000000 8.000000 194.000000 3.000000
0.87543601 -1.70220804 -0.33002600 826.000000 6.000000 176.000000 3.000000
0.86720097 -1.71192002 -0.33098400 1446.000000 11.000000 181.000000 3.000000
0.86064100 -1.72510505 -0.33270699 610.000000 4.000000 225.000000 3.000000
0.93500602 -1.66946602 -0.37862399 103.000000 1.000000 155.000000 3.000000
0.92663002 -1.67859304 -0.37948701 206.000000 1.000000 106.000000 3.000000
0.91817701 -1.68767905 -0.38034999 242.000000 1.000000 107.000000 3.000000
0.89905000 -1.67692399 -0.37625101 1125.000000 6.000000 139.000000 3.000000
0.89420903 -1.69277298 -0.37884000 1412.000000 8.000000 151.000000 3.000000
0.88335598 -1.69736195 -0.37862399 1501.000000 9.000000 183.000000 3.000000
0.87737298 -1.71144199 -0.38078201 1768.000000 11.000000 183.000000 3.000000
0.86070198 -1.70458698 -0.37776101 1070.000000 6.000000 163.000000 3.000000
0.93446499 -1.68209195 -0.42820299 949.000000 7.000000 225.000000 3.000000
0.92131799 -1.68268895 -0.42677099 447.000000 3.000000 225.000000 3.000000
0.91236502 -1.69087195 -0.42748699 202.000000 1.000000 219.000000 3.000000
0.89968401 -1.69215596 -0.42629299 380.000000 2.000000 213.000000 3.000000
0.88792700 -1.69506598 -0.42557701 1783.000000 15.000000 250.000000 3.000000
0.87929797 -1.70393097 -0.42653200 1212.000000 9.000000 227.000000 3.000000
0.86838502 -1.70842898 -0.42629299 1513.000000 12.000000 205.000000 3.000000
0.86137801 -1.72066498 -0.42820299 166.000000 1.000000 190.000000 3.000000
0.95191902 -1.67615795 -0.47994599 299.000000 1.000000 158.000000 3.000000
0.93926299 -1.67775595 -0.47863099 865.000000 4.000000 165.000000 3.000000
0.92243302 -1.67165804 -0.47494799 189.000000 1.000000 119.000000 3.000000
0.91215801 -1.67728603 -0.47494799 214.000000 1.000000 120.000000 3.000000
0.90776598 -1.69391000 -0.47836801 748.000000 4.000000 134.000000 3.000000
0.89375597 -1.69262099 -0.47626400 1707.000000 10.000000 144.000000 3.000000
0.88957900 -1.71006000 -0.47994599 1071.000000 6.000000 166.000000 3.000000
0.87511498 -1.70775604 -0.47757900 1278.000000 7.000000 151.000000 3.000000
0.87373602 -1.73118699 -0.48310199 64.000000 1.000000 128.000000 3.000000
0.93049198 -1.66890204 -0.52343500 334.000000 2.000000 252.000000 3.000000
0.91977102 -1.67374098 -0.52315003 1284.000000 10.000000 241.000000 3.000000
0.91360700 -1.68692899 -0.52572101 442.000000 3.000000 205.000000 3.000000
0.89735001 -1.68152404 -0.52200699 608.000000 4.000000 187.000000 3.000000
0.89015001 -1.69292998 -0.52400702 1366.000000 11.000000 223.000000 3.000000
0.88815397 -1.71450996 -0.52943498 1000.000000 7.000000 198.000000 3.000000
0.87543100 -1.71566403 -0.52800602 1039.000000 8.000000 242.000000 3.000000
0.95468599 -1.68441701 -0.58394098 291.000000 1.000000 115.000000 3.000000
0.93784899 -1.67861795 -0.57960403 236.000000 1.000000 137.000000 3.000000
0.92386699 -1.67767501 -0.57712501 191.000000 1.000000 103.000000 3.000000
0.91310298 -1.68247700 -0.57681501 227.000000 1.000000 122.000000 3.000000
0.90589601 -1.69391894 -0.57898402 673.000000 3.000000 138.000000 3.000000
0.88796097 -1.68514001 -0.57371700 842.000000 4.000000 150.000000 3.000000
0.88547897 -1.70575202 -0.57929403 1304.000000 7.000000 165.000000 3.000000
0.88666701 -1.73401797 -0.58766001 645.000000 3.000000 158.000000 3.000000
0.94690102 -1.69068301 -0.63439101 443.000000 3.000000 207.000000 3.000000
0.93147600 -1.68738794 -0.63073897 503.000000 3.000000 227.000000 3.000000
0.91386402 -1.67982996 -0.62542802 224.000000 1.000000 219.000000 3.000000
0.90219700 -1.68291402 -0.62443203 560.000000 4.000000 230.000000 3.000000
0.89052701 -1.68591905 -0.62343597 1247.000000 10.000000 262.000000 3.000000
0.88322598 -1.69720197 -0.62575901 805.000000 6.000000 294.000000 3.000000
0.94009101 -1.65928900 -0.67820799 1634.000000 10.000000 192.000000 3.000000
0.92534101 -1.65686405 -0.67464697 1744.000000 11.000000 167.000000 3.000000
0.88918501 -1.68817198 -0.67856401 703.000000 3.000000 185.000000 3.000000
0.88267797 -1.70106399 -0.68176901 638.000000 3.000000 136.000000 3.000000
0.94519597 -1.65445900 -0.72807199 772.000000 5.000000 295.000000 3.000000
0.90651500 -1.68122697 -0.72996098 617.000000 4.000000 291.000000 3.000000
0.89312899 -1.68104100 -0.72731698 1104.000000 8.000000 280.000000 3.000000
0.88710898 -1.69468296 -0.73109400 652.000000 4.000000 247.000000 3.000000
0.88436502 -1.71489096 -0.73789197 508.000000 3.000000 230.000000 3.000000
0.89950401 -1.68252301 -0.83976799 1074.000000 8.000000 271.000000 3.000000
0.95135599 -1.66070402 -0.90377301 80.000000 1.000000 138.000000 3.000000
0.94642103 -1.67586303 -0.90913302 187.000000 1.000000 148.000000 3.000000
0.92873198 -1.66834295 -0.90153903 277.000000 1.000000 149.000000 3.000000
0.91417998 -1.66616404 -0.89707297 530.000000 3.000000 138.000000 3.000000
0.90776402 -1.67882705 -0.90109301 1315.000000 8.000000 162.000000 3.000000
0.89744598 -1.68436599 -0.90109301 621.000000 3.000000 206.000000 3.000000
0.88916999 -1.69380295 -0.90332597 650.000000 3.000000 151.000000 3.000000
0.95697099 -1.65252805 -0.95745498 333.000000 2.000000 310.000000 3.000000
0.93933302 -1.64533496 -0.94950902 71.000000 1.000000 229.000000 3.000000
0.92878503 -1.65029800 -0.94904101 81.000000 1.000000 240.000000 3.000000
0.91864097 -1.65596604 -0.94904101 105.000000 1.000000 224.000000 3.000000
0.91612798 -1.67551601 -0.95745498 205.000000 1.000000 213.000000 3.000000
0.90751398 -1.68421400 -0.95932502 916.000000 8.000000 248.000000 3.000000
0.89591402 -1.68741202 -0.95792300 753.000000 6.000000 268.000000 3.000000
0.88636702 -1.69444203 -0.95885801 552.000000 4.000000 252.000000 3.000000
0.96907997 -1.64775503 -1.02324402 634.000000 3.000000 403.000000 3.000000
0.96244299 -1.65970302 -1.02716994 356.000000 2.000000 178.000000 3.000000
0.94878602 -1.65952301 -1.02324402 114.000000 1.000000 159.000000 3.000000
0.94157702 -1.67062902 -1.02667904 82.000000 1.000000 175.000000 3.000000
0.92116600 -1.65808797 -1.01490104 133.000000 1.000000 145.000000 3.000000
0.90846801 -1.65912199 -1.01195705 869.000000 5.000000 186.000000 3.000000
0.90901297 -1.68460906 -1.02471602 680.000000 4.000000 180.000000 3.000000
0.89947701 -1.69169402 -1.02569795 675.000000 4.000000 166.000000 3.000000
0.95750099 -1.66305804 -1.08578098 634.000000 5.000000 269.000000 3.000000
0.94173902 -1.65919399 -1.07914197 368.000000 3.000000 261.000000 3.000000
0.91805202 -1.64096200 -1.06280005 65.000000 1.000000 242.000000 3.000000
0.91088402 -1.65182805 -1.06637502 167.000000 1.000000 262.000000 3.000000
0.90856600 -1.67172003 -1.07607806 782.000000 7.000000 298.000000 3.000000
0.89910603 -1.67877805 -1.07709897 549.000000 4.000000 286.000000 3.000000
0.90168500 -1.70856595 -1.09344101 366.000000 3.000000 265.000000 3.000000
0.96941900 -1.65158701 -1.15396297 323.000000 1.000000 168.000000 3.000000
0.95207602 -1.64505804 -1.14488697 115.000000 1.000000 191.000000 3.000000
0.94363803 -1.65380704 -1.14702296 78.000000 1.000000 180.000000 3.000000
0.92933297 -1.65219295 -1.14168406 138.000000 1.000000 183.000000 3.000000
0.92204398 -1.66304302 -1.14542103 680.000000 4.000000 181.000000 3.000000
0.91141701 -1.66792703 -1.14488697 767.000000 4.000000 183.000000 3.000000
0.90957302 -1.68912804 -1.15609896 523.000000 3.000000 175.000000 3.000000
0.96312302 -1.65696800 -1.21738601 341.000000 3.000000 325.000000 3.000000
0.95252198 -1.66212499 -1.21683300 143.000000 1.000000 309.000000 3.000000
0.93243200 -1.65055704 -1.20355105 53.000000 1.000000 326.000000 3.000000
0.92513502 -1.66133404 -1.20742500 118.000000 1.000000 323.000000 3.000000
0.91774201 -1.67208397 -1.21129894 219.000000 1.000000 338.000000 3.000000
0.91064799 -1.68353701 -1.21572602 364.000000 3.000000 344.000000 3.000000
0.89636600 -1.68175197 -1.21019197 432.000000 3.000000 300.000000 3.000000
0.87619799 -1.69318998 1.15782905 25.000000 1.000000 386.000000 3.000000
0.90981400 -1.74707699 1.13285303 20.000000 1.000000 326.000000 3.000000
0.83789301 -1.82207894 1.15297997 61.000000 1.000000 341.000000 3.000000
0.75994498 -1.72533000 0.85272801 11.000000 1.000000 268.000000 3.000000
0.91008800 -1.74489796 0.83116102 141.000000 1.000000 332.000000 3.000000
0.85566801 -1.68282604 0.59264398 1201.000000 9.000000 370.000000 3.000000
0.86192101 -1.70082498 0.50029600 930.000000 7.000000 309.000000 3.000000
0.87573498 -1.68623996 0.45068601 2194.000000 15.000000 264.000000 3.000000
0.82210302 -1.68264604 0.44466400 2072.000000 13.000000 254.000000 3.000000
0.82795799 -1.77148700 0.41412199 123.000000 1.000000 340.000000 3.000000
0.84151399 -1.77592194 0.36739600 272.000000 1.000000 223.000000 3.000000
0.89096397 -1.66366804 0.30826899 265.000000 1.000000 292.000000 3.000000
0.87888497 -1.66560602 0.30769500 783.000000 5.000000 226.000000 3.000000
0.87689698 -1.68675601 0.31028101 294.000000 2.000000 254.000000 3.000000
0.86200202 -1.68330503 0.30884400 759.000000 4.000000 251.000000 3.000000
0.84103602 -1.77417302 0.31933099 340.000000 2.000000 274.000000 3.000000
0.82950801 -1.69832397 0.21793200 1103.000000 7.000000 593.000000 3.000000
0.85434598 -1.67195904 0.12709300 637.000000 4.000000 524.000000 3.000000
0.88703698 -1.67847395 0.08229600 2581.000000 17.000000 927.000000 3.000000
0.95613003 -1.76170897 -0.05679600 423.000000 2.000000 201.000000 3.000000
0.87166399 -1.78186095 -0.15056799 192.000000 1.000000 145.000000 3.000000
0.86220902 -1.75957000 -0.24236700 96.000000 1.000000 153.000000 3.000000
0.98901701 -1.74814200 -0.55257499 544.000000 3.000000 209.000000 3.000000
0.87957901 -1.75008595 -0.53772002 91.000000 1.000000 236.000000 3.000000
0.89223999 -1.77170503 -0.59943402 1568.000000 9.000000 314.000000 3.000000
0.96941698 -1.70614004 -0.64302301 496.000000 3.000000 198.000000 3.000000
0.96839100 -1.68509996 -0.69209599 1098.000000 6.000000 157.000000 3.000000
0.89985800 -1.64480197 -0.71560901 505.000000 3.000000 301.000000 3.000000
0.72053701 -1.70968902 -0.81523800 172.000000 1.000000 305.000000 3.000000
0.71177602 -1.71826005 -0.81735301 139.000000 1.000000 325.000000 3.000000
0.69091302 -1.69743896 -0.80466503 243.000000 1.000000 277.000000 3.000000
0.68217701 -1.70585001 -0.80677903 221.000000 1.000000 285.000000 3.000000
0.67103100 -1.70831800 -0.80593300 225.000000 1.000000 272.000000 3.000000
0.66020799 -1.71155906 -0.80550998 262.000000 1.000000 306.000000 3.000000
0.65098500 -1.71896398 -0.80720198 219.000000 1.000000 278.000000 3.000000
0.64392000 -1.73226094 -0.81185400 167.000000 1.000000 215.000000 3.000000
0.62859201 -1.72342098 -0.80550998 119.000000 1.000000 264.000000 3.000000
0.61831301 -1.72809803 -0.80593300 104.000000 1.000000 287.000000 3.000000
0.60588598 -1.72673297 -0.80339599 58.000000 1.000000 213.000000 3.000000
0.59616899 -1.73298705 -0.80466503 94.000000 1.000000 207.000000 3.000000
0.58552498 -1.73661196 -0.80466503 77.000000 1.000000 196.000000 3.000000
0.57514399 -1.74103200 -0.80508798 71.000000 1.000000 211.000000 3.000000
0.38034299 -1.70376003 -0.81979901 232.000000 1.000000 239.000000 3.000000
0.37026000 -1.70781100 -0.82069302 242.000000 1.000000 261.000000 3.000000
0.36179301 -1.71968305 -0.82560599 333.000000 1.000000 230.000000 3.000000
0.35176799 -1.72450101 -0.82694602 355.000000 1.000000 209.000000 3.000000
0.34118101 -1.72662699 -0.82694602 317.000000 1.000000 227.000000 3.000000
0.33091399 -1.73044503 -0.82783902 331.000000 1.000000 227.000000 3.000000
0.32029000 -1.73244298 -0.82783902 310.000000 1.000000 245.000000 3.000000
0.30996701 -1.73613799 -0.82873303 246.000000 1.000000 224.000000 3.000000
0.29794800 -1.73006999 -0.82471299 216.000000 1.000000 243.000000 3.000000
0.28703600 -1.73010099 -0.82381898 193.000000 1.000000 231.000000 3.000000
0.09402100 -1.74047506 -0.81845897 444.000000 2.000000 164.000000 3.000000
0.08325600 -1.73923194 -0.81756598 537.000000 2.000000 168.000000 3.000000
0.07265500 -1.74149799 -0.81845897 503.000000 2.000000 129.000000 3.000000
0.06209300 -1.74548805 -0.82024598 518.000000 2.000000 134.000000 3.000000
0.05143300 -1.74762499 -0.82113898 541.000000 2.000000 107.000000 3.000000
0.04076900 -1.75059104 -0.82247901 519.000000 2.000000 158.000000 3.000000
0.03007100 -1.75349200 -0.82381898 448.000000 2.000000 141.000000 3.000000
0.01927400 -1.75006497 -0.82203299 448.000000 2.000000 139.000000 3.000000
0.00850300 -1.74209797 -0.81801301 495.000000 2.000000 145.000000 3.000000
-0.00215900 -1.72869599 -0.81131297 472.000000 2.000000 141.000000 3.000000
-0.01267800 -1.71791506 -0.80595303 541.000000 2.000000 169.000000 3.000000
-0.21753900 -1.74561501 -0.82649899 274.000000 1.000000 119.000000 3.000000
-0.22894700 -1.74957001 -0.82917899 261.000000 1.000000 132.000000 3.000000
-0.23980001 -1.74901795 -0.82962602 265.000000 1.000000 124.000000 3.000000
-0.25078300 -1.74928498 -0.83051902 275.000000 1.000000 171.000000 3.000000
-0.26244301 -1.75390601 -0.83364600 324.000000 1.000000 113.000000 3.000000
-0.27569300 -1.76817405 -0.84168601 359.000000 1.000000 157.000000 3.000000
-0.28768900 -1.77351296 -0.84525901 444.000000 2.000000 151.000000 3.000000
-0.29826701 -1.76995003 -0.84436601 412.000000 2.000000 161.000000 3.000000
-0.30927601 -1.76896799 -0.84481299 406.000000 2.000000 150.000000 3.000000
-1.38021100 -1.65680301 1.03395200 79.000000 1.000000 141.000000 3.000000
-1.38860297 -1.64622295 1.03268099 1234.000000 13.000000 195.000000 3.000000
-1.40219998 -1.64181101 1.03522301 362.000000 3.000000 125.000000 3.000000
-1.39155602 -1.60915399 1.02039802 11.000000 1.000000 131.000000 3.000000
-0.95422399 -1.91331100 0.96353298 68.000000 1.000000 159.000000 3.000000
-0.97423297 -1.92375600 0.97156203 284.000000 1.000000 142.000000 3.000000
-0.98559898 -1.91692805 0.97116101 269.000000 1.000000 156.000000 3.000000
-1.00073695 -1.91733694 0.97437203 60.000000 1.000000 178.000000 3.000000
-1.04288602 -1.91145098 0.98079598 19.000000 1.000000 166.000000 3.000000
-1.06036794 -1.91542900 0.98601502 126.000000 1.000000 163.000000 3.000000
-1.07030499 -1.90569401 0.98440897 278.000000 1.000000 125.000000 3.000000
-1.08787894 -1.90943205 0.98962802 139.000000 1.000000 148.000000 3.000000
-1.43582904 -1.67695796 0.99404401 29.000000 1.000000 141.000000 3.000000
-1.22561705 -1.97282195 0.97599798 56.000000 1.000000 144.000000 3.000000
-1.21900403 -1.93546498 0.96162802 176.000000 1.000000 136.000000 3.000000
-1.23334098 -1.93185401 0.96351802 167.000000 1.000000 125.000000 3.000000
-1.26172197 -1.94992805 0.97599798 49.000000 1.000000 115.000000 3.000000
-1.25847399 -1.91889906 0.96465302 110.000000 1.000000 126.000000 3.000000
-1.27073503 -1.91191304 0.96503103 134.000000 1.000000 125.000000 3.000000
-1.45990896 -1.96095395 0.95850402 166.000000 1.000000 126.000000 3.000000
-1.48036098 -1.96314800 0.96384001 315.000000 2.000000 142.000000 3.000000
-1.49578500 -1.95848203 0.96597499 177.000000 1.000000 123.000000 3.000000
-1.62485504 -2.00650001 0.93798101 10.000000 1.000000 125.000000 3.000000
-1.63474905 -1.99357200 0.93665200 3.000000 1.000000 92.000000 3.000000
-1.65363705 -1.96685505 0.93366301 31.000000 1.000000 81.000000 3.000000
-1.68581402 -1.98040402 0.94462401 136.000000 1.000000 122.000000 3.000000
-1.69547498 -1.96716106 0.94329602 172.000000 2.000000 150.000000 3.000000
-1.70937002 -1.95885599 0.94429201 119.000000 1.000000 118.000000 3.000000
-1.71574700 -1.94195998 0.94130301 117.000000 1.000000 124.000000 3.000000
-1.60674703 -2.13438392 0.89845902 4.000000 1.000000 115.000000 3.000000
-1.87332296 -1.98785901 0.91794801 17.000000 1.000000 110.000000 3.000000
-1.92292094 -2.01552701 0.93558002 112.000000 1.000000 111.000000 3.000000
-1.93921804 -2.00779200 0.93743700 135.000000 1.000000 109.000000 3.000000
-1.96280801 -2.00740910 0.94269502 21.000000 1.000000 107.000000 3.000000
-1.75788999 -1.83025205 -0.84554100 187.000000 2.000000 168.000000 3.000000
-1.81044698 -1.86210406 -0.86645699 124.000000 1.000000 150.000000 3.000000
-1.83571100 -1.86510003 -0.87342900 92.000000 1.000000 129.000000 3.000000
-1.86440504 -1.87120104 -0.88206100 86.000000 1.000000 147.000000 3.000000
-0.72893399 -1.76019299 -0.83849901 235.000000 1.000000 232.000000 3.000000
-0.74287099 -1.76321006 -0.84230602 207.000000 1.000000 246.000000 3.000000
-0.80036402 -1.77670097 -0.85879999 142.000000 1.000000 267.000000 3.000000
-1.38451803 -1.49106300 -0.89897901 77.000000 1.000000 164.000000 3.000000
1.99053705 -1.57301700 -0.77976501 136.000000 1.000000 112.000000 3.000000
1.76207602 -1.65158904 -0.80238199 190.000000 2.000000 323.000000 3.000000
1.73683095 -1.64811099 -0.79507798 148.000000 1.000000 276.000000 3.000000
1.67149496 -1.60589898 -0.76818597 101.000000 1.000000 281.000000 3.000000
1.65754604 -1.61218596 -0.76619399 82.000000 1.000000 278.000000 3.000000
1.61530399 -1.59061503 -0.75025803 66.000000 1.000000 286.000000 3.000000
0.60440898 1.50744796 1.16561103 16.000000 1.000000 207.000000 3.000000
0.62354797 1.52790594 1.18406606 520.000000 2.000000 205.000000 3.000000
0.62757301 1.51122999 1.17426205 849.000000 5.000000 159.000000 3.000000
0.63460302 1.50208497 1.17022502 670.000000 3.000000 181.000000 3.000000
0.64057499 1.49065995 1.16445804 633.000000 3.000000 194.000000 3.000000
0.65266001 1.49343598 1.16964805 354.000000 1.000000 174.000000 3.000000
0.66314101 1.49238801 1.17195499 763.000000 4.000000 226.000000 3.000000
0.63046700 1.53309298 1.12505698 479.000000 3.000000 316.000000 3.000000
0.63507402 1.51766801 1.11673796 789.000000 6.000000 339.000000 3.000000
0.64146000 1.50684404 1.11174703 915.000000 7.000000 301.000000 3.000000
0.65693599 1.51740599 1.12228405 455.000000 3.000000 315.000000 3.000000
0.66390198 1.50800896 1.11840200 230.000000 1.000000 316.000000 3.000000
0.67280400 1.50314605 1.11784697 405.000000 3.000000 306.000000 3.000000
0.63113201 1.52641702 1.06487501 963.000000 5.000000 193.000000 3.000000
0.64114302 1.52407300 1.06594300 944.000000 5.000000 176.000000 3.000000
0.65148199 1.52244198 1.06754601 406.000000 2.000000 190.000000 3.000000
0.66081101 1.51841497 1.06754601 136.000000 1.000000 136.000000 3.000000
0.66840202 1.51046801 1.06487501 398.000000 2.000000 194.000000 3.000000
0.63699299 1.55882299 1.02528799 439.000000 3.000000 269.000000 3.000000
0.64195597 1.54376805 1.01812398 798.000000 6.000000 271.000000 3.000000
0.64942002 1.53504705 1.01505303 1011.000000 8.000000 281.000000 3.000000
0.65612602 1.52471304 1.01095903 351.000000 2.000000 271.000000 3.000000
0.67505598 1.54272103 1.02528799 80.000000 1.000000 268.000000 3.000000
0.68416202 1.53776395 1.02477598 484.000000 3.000000 239.000000 3.000000
0.62773299 1.54950202 0.96496397 398.000000 2.000000 181.000000 3.000000
0.63989103 1.55206299 0.96889198 850.000000 4.000000 199.000000 3.000000
0.64534903 1.53847003 0.96300101 1129.000000 6.000000 189.000000 3.000000
0.65717500 1.54008806 0.96643698 712.000000 4.000000 160.000000 3.000000
0.66557002 1.53363001 0.96496397 402.000000 2.000000 146.000000 3.000000
0.67954999 1.53987503 0.97134602 174.000000 1.000000 153.000000 3.000000
0.68326801 1.52296400 0.96349198 600.000000 3.000000 153.000000 3.000000
0.64073098 1.55116904 0.91298997 445.000000 2.000000 215.000000 3.000000
0.65091699 1.54883897 0.91392601 549.000000 3.000000 228.000000 3.000000
0.65937197 1.54237604 0.91252202 456.000000 2.000000 211.000000 3.000000
0.67057502 1.54235804 0.91486198 237.000000 1.000000 224.000000 3.000000
0.67682898 1.53093195 0.91064900 667.000000 4.000000 238.000000 3.000000
0.68656999 1.52755702 0.91111702 675.000000 4.000000 246.000000 3.000000
0.70213801 1.53699505 0.91907501 215.000000 1.000000 288.000000 3.000000
0.70637399 1.52142406 0.91252202 16.000000 1.000000 303.000000 3.000000
0.64664298 1.55339897 0.81242698 115.000000 1.000000 180.000000 3.000000
0.64574999 1.54908800 0.76199597 93.000000 1.000000 152.000000 3.000000
0.65882599 1.55352497 0.76600999 444.000000 2.000000 166.000000 3.000000
0.66253000 1.53600299 0.75958699 941.000000 5.000000 135.000000 3.000000
0.67009902 1.52771604 0.75757998 898.000000 4.000000 165.000000 3.000000
0.71423298 1.55004597 0.77444100 303.000000 1.000000 148.000000 3.000000
0.65785098 1.56903601 0.72224998 131.000000 1.000000 200.000000 3.000000
0.66421503 1.55729795 0.71884602 1007.000000 6.000000 240.000000 3.000000
0.67522401 1.55659401 0.72035903 1150.000000 7.000000 224.000000 3.000000
0.70261502 1.54137099 0.71922398 1065.000000 7.000000 242.000000 3.000000
0.69464803 1.53505504 0.66927099 1738.000000 10.000000 221.000000 3.000000
0.70170701 1.52567196 0.66713703 665.000000 3.000000 174.000000 3.000000
0.71065801 1.52049100 0.66678101 45.000000 1.000000 144.000000 3.000000
0.66300797 1.57151198 0.62940300 252.000000 1.000000 209.000000 3.000000
0.67041898 1.56220806 0.62740999 1482.000000 10.000000 223.000000 3.000000
0.67736501 1.55200803 0.62508500 2202.000000 18.000000 271.000000 3.000000
0.69410503 1.56421995 0.63139600 2421.000000 20.000000 251.000000 3.000000
0.69674498 1.54443896 0.62541699 1257.000000 8.000000 225.000000 3.000000
0.72067899 1.57189298 0.63770700 334.000000 2.000000 213.000000 3.000000
0.68565601 1.62361205 0.60272098 401.000000 1.000000 98.000000 3.000000
0.68760502 1.57413197 0.58818197 274.000000 1.000000 115.000000 3.000000
0.69802397 1.57162094 0.58880001 769.000000 3.000000 118.000000 3.000000
0.70647800 1.56471002 0.58787203 468.000000 2.000000 110.000000 3.000000
0.71805203 1.56466496 0.58941901 294.000000 1.000000 115.000000 3.000000
0.72441798 1.55333805 0.58694398 816.000000 4.000000 159.000000 3.000000
0.67496097 1.59157896 0.54524702 581.000000 3.000000 192.000000 3.000000
0.68509197 1.58828902 0.54553300 2100.000000 16.000000 260.000000 3.000000
0.69176102 1.57702696 0.54324901 2625.000000 23.000000 276.000000 3.000000
0.70686102 1.58501899 0.54724598 3236.000000 34.000000 301.000000 3.000000
0.71263599 1.57191396 0.54439098 2775.000000 25.000000 299.000000 3.000000
0.72226799 1.56751204 0.54439098 2401.000000 20.000000 312.000000 3.000000
0.73227698 1.56392002 0.54467601 1242.000000 8.000000 250.000000 3.000000
0.74472702 1.56546199 0.54667503 82.000000 1.000000 234.000000 3.000000
0.65837502 1.58849704 0.49834001 932.000000 4.000000 190.000000 3.000000
0.66472900 1.57642806 0.49597901 1467.000000 8.000000 195.000000 3.000000
0.67553300 1.57497895 0.49676600 1090.000000 5.000000 160.000000 3.000000
0.69639301 1.59644496 0.50437403 456.000000 2.000000 109.000000 3.000000
0.70264798 1.58420599 0.50201303 669.000000 3.000000 134.000000 3.000000
0.70798397 1.57019198 0.49912700 2208.000000 14.000000 195.000000 3.000000
0.71921599 1.56932604 0.50017601 2441.000000 16.000000 176.000000 3.000000
0.73332101 1.57450199 0.50306201 1436.000000 8.000000 170.000000 3.000000
0.73883402 1.56125402 0.50043899 414.000000 1.000000 151.000000 3.000000
0.67817098 1.56618798 0.45112300 1656.000000 12.000000 244.000000 3.000000
0.71273398 1.59235001 0.46043301 458.000000 2.000000 201.000000 3.000000
0.71528798 1.57202005 0.45613599 1579.000000 11.000000 297.000000 3.000000
0.72897601 1.57642496 0.45852301 1600.000000 11.000000 235.000000 3.000000
0.73575801 1.56576395 0.45685199 1327.000000 9.000000 256.000000 3.000000
0.74576801 1.56209695 0.45709100 1335.000000 9.000000 536.000000 3.000000
0.68746799 1.60578704 0.41691899 925.000000 4.000000 389.000000 3.000000
0.70004201 1.60780394 0.41842499 1077.000000 5.000000 124.000000 3.000000
0.70910197 1.60169303 0.41799501 1012.000000 5.000000 126.000000 3.000000
0.71329600 1.58484805 0.41498399 2615.000000 18.000000 241.000000 3.000000
0.72219300 1.57866597 0.41455299 2461.000000 16.000000 207.000000 3.000000
0.73598999 1.58305800 0.41670400 941.000000 4.000000 144.000000 3.000000
0.74819601 1.58380795 0.41799501 1042.000000 5.000000 192.000000 3.000000
0.76001602 1.58358800 0.41907001 1070.000000 5.000000 243.000000 3.000000
0.76200402 1.56309998 0.41519901 3039.000000 23.000000 271.000000 3.000000
0.70510602 1.62339902 0.37796199 1803.000000 13.000000 308.000000 3.000000
0.71189702 1.61185300 0.37643200 1119.000000 7.000000 304.000000 3.000000
0.71377301 1.58952796 0.37260500 1356.000000 9.000000 298.000000 3.000000
0.72594601 1.59048200 0.37375301 3479.000000 39.000000 387.000000 3.000000
0.72952598 1.57262802 0.37088299 1781.000000 13.000000 334.000000 3.000000
0.75207299 1.59567404 0.37681401 873.000000 5.000000 268.000000 3.000000
0.69028902 1.58693695 0.32754099 2313.000000 15.000000 179.000000 3.000000
0.70240998 1.58808005 0.32854599 2513.000000 17.000000 248.000000 3.000000
0.71943200 1.59991896 0.33155999 2334.000000 15.000000 200.000000 3.000000
0.73169798 1.60085297 0.33256501 3631.000000 34.000000 255.000000 3.000000
0.73859501 1.59007597 0.33139300 2927.000000 22.000000 183.000000 3.000000
0.74538702 1.57927597 0.33022100 621.000000 3.000000 101.000000 3.000000
0.71337301 1.58570099 0.28671899 1768.000000 13.000000 264.000000 3.000000
0.73332798 1.60381699 0.29031101 2019.000000 15.000000 352.000000 3.000000
0.73319399 1.57772601 0.28686300 1766.000000 13.000000 333.000000 3.000000
0.75169200 1.59201002 0.28988001 791.000000 5.000000 312.000000 3.000000
0.76528102 1.59540701 0.29117301 284.000000 1.000000 284.000000 3.000000
0.69213998 1.59267604 0.24446000 1640.000000 9.000000 145.000000 3.000000
0.69988900 1.58386004 0.24386100 1645.000000 9.000000 142.000000 3.000000
0.72216499 1.58147097 0.24470000 2814.000000 20.000000 181.000000 3.000000
0.72766900 1.56800795 0.24350201 1546.000000 8.000000 145.000000 3.000000
0.75805801 1.60749900 0.24937101 1017.000000 5.000000 126.000000 3.000000
0.76790702 1.60281706 0.24937101 1117.000000 5.000000 103.000000 3.000000
0.70101303 1.60859299 0.20487399 1519.000000 10.000000 285.000000 3.000000
0.71809202 1.62065804 0.20660201 400.000000 2.000000 253.000000 3.000000
0.71093601 1.57806599 0.20256899 1671.000000 12.000000 338.000000 3.000000
0.73297697 1.60085201 0.20545000 3144.000000 31.000000 360.000000 3.000000
0.74404001 1.59903502 0.20573799 2260.000000 18.000000 305.000000 3.000000
0.76146001 1.61065400 0.20746601 1486.000000 10.000000 326.000000 3.000000
0.72172099 1.60794997 0.16289499 2909.000000 21.000000 175.000000 3.000000
0.73654997 1.61437702 0.16375500 3473.000000 30.000000 222.000000 3.000000
0.74980402 1.61706400 0.16432901 3897.000000 40.000000 267.000000 3.000000
0.75332499 1.59890294 0.16325399 1399.000000 7.000000 149.000000 3.000000
0.77692401 1.62302995 0.16554700 1194.000000 6.000000 146.000000 3.000000
0.70157802 1.60837901 0.12119200 1946.000000 15.000000 291.000000 3.000000
0.73520499 1.60428202 0.12167100 2375.000000 20.000000 339.000000 3.000000
0.75653797 1.59875500 0.12186300 1854.000000 14.000000 298.000000 3.000000
0.77925700 1.62111795 0.12330300 922.000000 6.000000 341.000000 3.000000
0.71270001 1.64143097 0.07972800 1923.000000 11.000000 170.000000 3.000000
0.71062499 1.60959899 0.07902100 2835.000000 20.000000 146.000000 3.000000
0.72949302 1.59893894 0.07897400 3319.000000 27.000000 188.000000 3.000000
0.73592001 1.58718002 0.07878600 2682.000000 18.000000 162.000000 3.000000
0.76228899 1.61789203 0.07970500 2492.000000 16.000000 193.000000 3.000000
0.77349901 1.61588895 0.07977500 1093.000000 5.000000 135.000000 3.000000
0.79725999 1.61433899 0.07998700 2376.000000 15.000000 221.000000 3.000000
0.70953000 1.62672198 0.03819500 749.000000 4.000000 240.000000 3.000000
0.71465701 1.61135697 0.03819500 2372.000000 19.000000 347.000000 3.000000
0.74545699 1.60065198 0.03819500 1964.000000 14.000000 298.000000 3.000000
0.76803702 1.62319303 0.03819500 1554.000000 11.000000 304.000000 3.000000
0.77970701 1.62205899 0.03819500 1117.000000 7.000000 320.000000 3.000000
0.80088103 1.61505902 0.03819500 1627.000000 11.000000 428.000000 3.000000
0.71639001 1.65068698 -0.00512000 1748.000000 10.000000 144.000000 3.000000
0.72003698 1.63163102 -0.00473000 2933.000000 22.000000 129.000000 3.000000
0.72798502 1.62262404 -0.00460700 3104.000000 24.000000 155.000000 3.000000
0.74873000 1.64176798 -0.00524300 4055.000000 45.000000 229.000000 3.000000
0.75584197 1.63079596 -0.00507200 3910.000000 40.000000 234.000000 3.000000
0.76242203 1.61889398 -0.00487600 3419.000000 29.000000 170.000000 3.000000
0.76758701 1.60426903 -0.00460700 2391.000000 15.000000 124.000000 3.000000
0.70487601 1.61674702 -0.04523300 1074.000000 7.000000 222.000000 3.000000
0.72767198 1.64164102 -0.04676900 1719.000000 12.000000 295.000000 3.000000
0.73528099 1.63167596 -0.04648100 2087.000000 16.000000 238.000000 3.000000
0.74320900 1.62258804 -0.04624100 827.000000 5.000000 275.000000 3.000000
0.75734597 1.62706196 -0.04672100 644.000000 4.000000 273.000000 3.000000
0.76774102 1.62328899 -0.04676900 525.000000 3.000000 254.000000 3.000000
0.77381098 1.61043596 -0.04633700 716.000000 4.000000 302.000000 3.000000
0.78978401 1.61823797 -0.04700900 460.000000 2.000000 301.000000 3.000000
0.80588198 1.62590396 -0.04768000 1780.000000 13.000000 388.000000 3.000000
0.73489499 1.63799405 -0.09041300 2862.000000 21.000000 128.000000 3.000000
0.74037200 1.62347496 -0.08961500 2292.000000 14.000000 124.000000 3.000000
0.74947900 1.61709297 -0.08947000 2540.000000 17.000000 164.000000 3.000000
0.76577199 1.62599397 -0.09055800 1842.000000 10.000000 90.000000 3.000000
0.77789003 1.62576103 -0.09092100 1932.000000 11.000000 122.000000 3.000000
0.78916001 1.62364805 -0.09113900 1971.000000 12.000000 149.000000 3.000000
0.73889703 1.67022800 -0.13539700 475.000000 2.000000 191.000000 3.000000
0.73978502 1.64476299 -0.13318899 305.000000 1.000000 199.000000 3.000000
0.75233501 1.64563000 -0.13376500 914.000000 5.000000 220.000000 3.000000
0.76408798 1.64459705 -0.13414900 684.000000 4.000000 270.000000 3.000000
0.77289498 1.63717401 -0.13386101 370.000000 2.000000 249.000000 3.000000
0.78763998 1.64228404 -0.13491701 262.000000 1.000000 268.000000 3.000000
0.80074000 1.64368999 -0.13558900 894.000000 5.000000 344.000000 3.000000
0.74385101 1.68470502 -0.18235099 1415.000000 7.000000 120.000000 3.000000
0.74277300 1.65475905 -0.17897300 2516.000000 17.000000 124.000000 3.000000
0.75497597 1.65468502 -0.17957599 713.000000 3.000000 80.000000 3.000000
0.76595098 1.65182197 -0.17981800 588.000000 2.000000 74.000000 3.000000
0.76717299 1.62823904 -0.17728400 303.000000 1.000000 67.000000 3.000000
0.77957201 1.65435600 -0.22340301 392.000000 2.000000 253.000000 3.000000
0.79055899 1.65132797 -0.22369000 472.000000 2.000000 286.000000 3.000000
0.80239999 1.65000999 -0.22426499 426.000000 2.000000 283.000000 3.000000
0.74508297 1.68749201 -0.27216300 1445.000000 8.000000 116.000000 3.000000
0.75501901 1.68198895 -0.27199399 1088.000000 5.000000 109.000000 3.000000
0.75876802 1.66298103 -0.26930100 889.000000 4.000000 91.000000 3.000000
0.76812702 1.65650594 -0.26896501 463.000000 2.000000 101.000000 3.000000
0.77953899 1.65443599 -0.26947001 309.000000 1.000000 62.000000 3.000000
0.79010201 1.65050995 -0.26963800 349.000000 1.000000 74.000000 3.000000
0.80107802 1.64740300 -0.26997399 389.000000 1.000000 63.000000 3.000000
0.75122100 1.67808104 -0.31528100 1007.000000 6.000000 221.000000 3.000000
0.76028901 1.67075801 -0.31470701 713.000000 4.000000 254.000000 3.000000
0.77216703 1.66962802 -0.31547299 510.000000 3.000000 276.000000 3.000000
0.77657902 1.65241003 -0.31279200 329.000000 1.000000 298.000000 3.000000
0.78922999 1.65293396 -0.31394100 269.000000 1.000000 348.000000 3.000000
0.75069499 1.69938600 -0.36632600 414.000000 1.000000 77.000000 3.000000
0.75669998 1.68495297 -0.36395299 1200.000000 6.000000 99.000000 3.000000
0.77068001 1.68826997 -0.36589500 457.000000 2.000000 69.000000 3.000000
0.77361602 1.66757095 -0.36201099 270.000000 1.000000 68.000000 3.000000
0.78550202 1.66632402 -0.36287400 216.000000 1.000000 77.000000 3.000000
0.79106498 1.65178895 -0.36050099 110.000000 1.000000 77.000000 3.000000
0.80503500 1.65480399 -0.36244300 358.000000 1.000000 78.000000 3.000000
0.75450999 1.69174004 -0.41053900 572.000000 3.000000 272.000000 3.000000
0.76806903 1.69416106 -0.41244799 757.000000 4.000000 287.000000 3.000000
0.77238202 1.67617404 -0.40886801 241.000000 1.000000 300.000000 3.000000
0.78142297 1.66876197 -0.40815201 193.000000 1.000000 363.000000 3.000000
0.80203003 1.68588102 -0.41411901 114.000000 1.000000 380.000000 3.000000
0.81109703 1.67830205 -0.41340300 122.000000 1.000000 432.000000 3.000000
0.75541699 1.70926201 -0.46390101 833.000000 4.000000 125.000000 3.000000
0.76985103 1.71339202 -0.46653101 1605.000000 9.000000 119.000000 3.000000
0.77111697 1.68845797 -0.46048200 1800.000000 11.000000 154.000000 3.000000
0.77902198 1.67844605 -0.45890301 461.000000 2.000000 79.000000 3.000000
0.79219103 1.67973995 -0.46074501 670.000000 3.000000 84.000000 3.000000
0.80457097 1.67919695 -0.46206000 752.000000 4.000000 96.000000 3.000000
0.81274498 1.66989303 -0.46074501 712.000000 3.000000 77.000000 3.000000
0.75787997 1.73523605 -0.51829302 1243.000000 10.000000 288.000000 3.000000
0.76503003 1.72266304 -0.51572198 531.000000 3.000000 243.000000 3.000000
0.77126801 1.70831895 -0.51257902 1293.000000 10.000000 311.000000 3.000000
0.78014398 1.70006704 -0.51143599 1374.000000 11.000000 390.000000 3.000000
0.79136699 1.69698703 -0.51200801 808.000000 6.000000 374.000000 3.000000
0.80830097 1.70597005 -0.51657897 219.000000 1.000000 436.000000 3.000000
0.80468398 1.67158902 -0.50686502 444.000000 3.000000 469.000000 3.000000
0.77381599 1.74675298 -0.57557601 1115.000000 6.000000 130.000000 3.000000
0.76418501 1.69690597 -0.55946398 1708.000000 10.000000 140.000000 3.000000
0.77815002 1.69996405 -0.56225199 2006.000000 13.000000 109.000000 3.000000
0.78053302 1.67792106 -0.55605501 1455.000000 8.000000 100.000000 3.000000
0.79366201 1.67911601 -0.55822402 660.000000 3.000000 112.000000 3.000000
0.80518699 1.67678404 -0.55915397 437.000000 2.000000 93.000000 3.000000
0.81796497 1.67693806 -0.56101298 344.000000 1.000000 85.000000 3.000000
0.76735997 1.70826805 -0.61148399 1391.000000 11.000000 350.000000 3.000000
0.77938700 1.70696294 -0.61281198 1465.000000 12.000000 394.000000 3.000000
0.79103202 1.70471799 -0.61380798 848.000000 6.000000 469.000000 3.000000
0.79026502 1.67591798 -0.60451198 360.000000 2.000000 461.000000 3.000000
0.80905199 1.68892097 -0.61148399 814.000000 6.000000 511.000000 3.000000
0.83008301 1.70600200 -0.62011600 520.000000 3.000000 561.000000 3.000000
0.76022702 1.71534204 -0.66645700 554.000000 2.000000 97.000000 3.000000
0.76881599 1.70638597 -0.66467702 550.000000 2.000000 136.000000 3.000000
0.77927101 1.70163703 -0.66467702 767.000000 4.000000 94.000000 3.000000
0.79601598 1.71037400 -0.67037398 333.000000 1.000000 89.000000 3.000000
0.79729402 1.68603504 -0.66218400 1089.000000 6.000000 142.000000 3.000000
0.81005597 1.68616295 -0.66432101 1016.000000 5.000000 118.000000 3.000000
0.81710303 1.67444396 -0.66147202 1300.000000 7.000000 127.000000 3.000000
0.83276403 1.68027997 -0.66610098 909.000000 5.000000 90.000000 3.000000
0.76712400 1.71885800 -0.71863002 407.000000 2.000000 333.000000 3.000000
0.77765697 1.71411800 -0.71863002 620.000000 4.000000 407.000000 3.000000
0.78661603 1.70594800 -0.71711999 328.000000 2.000000 481.000000 3.000000
0.80058801 1.70864296 -0.72051901 143.000000 1.000000 469.000000 3.000000
0.81066102 1.70286095 -0.72014099 146.000000 1.000000 523.000000 3.000000
0.81186402 1.67866302 -0.71145397 287.000000 2.000000 577.000000 3.000000
0.76615202 1.72628200 -0.77859300 556.000000 2.000000 118.000000 3.000000
0.78465098 1.73907197 -0.78703099 370.000000 1.000000 115.000000 3.000000
0.78421998 1.71009398 -0.77537900 526.000000 2.000000 116.000000 3.000000
0.79585999 1.70773900 -0.77658403 485.000000 2.000000 117.000000 3.000000
0.81221098 1.71523404 -0.78261101 205.000000 1.000000 95.000000 3.000000
0.82431102 1.71351695 -0.78421801 74.000000 1.000000 88.000000 3.000000
0.82756197 1.69362295 -0.77698600 513.000000 2.000000 111.000000 3.000000
0.84853703 1.70983303 -0.78743303 266.000000 1.000000 103.000000 3.000000
0.75400603 1.72984803 -0.83004099 117.000000 1.000000 286.000000 3.000000
0.76606703 1.72850597 -0.83173198 98.000000 1.000000 326.000000 3.000000
0.77962202 1.73038900 -0.83511603 95.000000 1.000000 411.000000 3.000000
0.79247701 1.73052096 -0.83765298 113.000000 1.000000 406.000000 3.000000
0.80422199 1.72809303 -0.83892202 130.000000 1.000000 517.000000 3.000000
0.81558198 1.72476602 -0.83976799 109.000000 1.000000 574.000000 3.000000
0.82732099 1.72218204 -0.84103698 107.000000 1.000000 549.000000 3.000000
0.78446800 1.76338601 -0.91181302 439.000000 2.000000 123.000000 3.000000
0.78530401 1.73653603 -0.89975297 1126.000000 7.000000 119.000000 3.000000
0.79519600 1.73005903 -0.89885902 1822.000000 12.000000 164.000000 3.000000
0.80807197 1.73001003 -0.90153903 985.000000 6.000000 136.000000 3.000000
0.81867200 1.72501898 -0.90153903 752.000000 4.000000 138.000000 3.000000
0.83118600 1.72399104 -0.90377301 671.000000 3.000000 126.000000 3.000000
0.84411299 1.72367799 -0.90645301 1329.000000 8.000000 128.000000 3.000000
0.85267901 1.71446204 -0.90421897 615.000000 3.000000 138.000000 3.000000
0.79121399 1.74284995 -0.95979297 461.000000 4.000000 465.000000 3.000000
0.79599601 1.72510600 -0.95231301 658.000000 5.000000 570.000000 3.000000
0.80507201 1.71698403 -0.95044303 733.000000 6.000000 566.000000 3.000000
0.82240301 1.72639298 -0.95885801 410.000000 3.000000 627.000000 3.000000
0.78809500 1.73871601 -1.02177203 756.000000 4.000000 148.000000 3.000000
0.79874802 1.73384798 -1.02177203 743.000000 4.000000 109.000000 3.000000
0.81048203 1.73127997 -1.02324402 1088.000000 6.000000 130.000000 3.000000
0.82033998 1.72470200 -1.02226198 1007.000000 6.000000 145.000000 3.000000
0.82900900 1.71571505 -1.01980901 1241.000000 8.000000 167.000000 3.000000
0.83759803 1.70668602 -1.01735497 1370.000000 9.000000 165.000000 3.000000
0.80085999 1.75241303 -1.09037697 541.000000 4.000000 492.000000 3.000000
0.80835402 1.74044001 -1.08578098 574.000000 5.000000 489.000000 3.000000
0.81682700 1.73077798 -1.08271694 581.000000 5.000000 572.000000 3.000000
0.82521200 1.72107601 -1.07965302 634.000000 5.000000 581.000000 3.000000
0.83388299 1.71211100 -1.07709897 413.000000 3.000000 605.000000 3.000000
0.81453300 1.79283094 -1.18813396 374.000000 2.000000 137.000000 3.000000
0.80670202 1.74712801 -1.15983605 816.000000 5.000000 144.000000 3.000000
0.81668699 1.74061406 -1.15876901 725.000000 4.000000 146.000000 3.000000
0.82662302 1.73404396 -1.15770102 936.000000 5.000000 166.000000 3.000000
0.83540201 1.72513604 -1.15503097 1009.000000 6.000000 143.000000 3.000000
0.84335500 1.71466899 -1.15129399 1054.000000 6.000000 146.000000 3.000000
0.85196799 1.70568097 -1.14862394 876.000000 5.000000 178.000000 3.000000
0.80878699 1.76047301 -1.23122096 409.000000 4.000000 500.000000 3.000000
0.82062602 1.75774300 -1.23288095 393.000000 3.000000 524.000000 3.000000
0.82251501 1.73384094 -1.21904600 177.000000 1.000000 551.000000 3.000000
0.84321398 1.74979401 -1.23454106 118.000000 1.000000 574.000000 3.000000
0.83406800 1.74499798 -1.30555606 267.000000 1.000000 164.000000 3.000000
0.84690499 1.74425805 -1.30901206 292.000000 1.000000 182.000000 3.000000
0.85759097 1.73902798 -1.30901206 255.000000 1.000000 150.000000 3.000000
0.86457998 1.72642696 -1.30325198 616.000000 4.000000 175.000000 3.000000
-0.29970500 1.69593096 -0.85835201 169.000000 1.000000 83.000000 3.000000
-0.28884199 1.69512403 -0.85694999 74.000000 1.000000 106.000000 3.000000
-0.24586201 1.69295704 -0.85227501 130.000000 1.000000 108.000000 3.000000
-0.23472600 1.68918204 -0.84947097 138.000000 1.000000 99.000000 3.000000
-0.22412001 1.68883896 -0.84853601 138.000000 1.000000 123.000000 3.000000
-0.21364000 1.68930495 -0.84806800 148.000000 1.000000 97.000000 3.000000
-0.20294800 1.68795204 -0.84666598 160.000000 1.000000 117.000000 3.000000
-0.19248401 1.68828702 -0.84619802 182.000000 1.000000 108.000000 3.000000
-0.18231601 1.69119406 -0.84713298 172.000000 1.000000 88.000000 3.000000
-0.17120300 1.68524694 -0.84339398 236.000000 1.000000 116.000000 3.000000
-0.16137600 1.69154406 -0.84619802 214.000000 1.000000 125.000000 3.000000
-0.15147801 1.69778502 -0.84900302 370.000000 2.000000 106.000000 3.000000
-0.14075699 1.69515896 -0.84713298 424.000000 3.000000 123.000000 3.000000
-0.13035300 1.69599104 -0.84713298 431.000000 3.000000 133.000000 3.000000
-0.11981500 1.69499505 -0.84619802 461.000000 3.000000 112.000000 3.000000
-0.10876200 1.68599606 -0.84105599 433.000000 2.000000 128.000000 3.000000
-0.06746500 1.69080698 -0.84245902 297.000000 1.000000 174.000000 3.000000
-0.05766600 1.70709097 -0.85087299 233.000000 1.000000 183.000000 3.000000
-0.04721700 1.70829594 -0.85134000 212.000000 1.000000 152.000000 3.000000
-0.03667100 1.70590305 -0.84993798 263.000000 1.000000 147.000000 3.000000
-0.02629800 1.71139896 -0.85274303 269.000000 1.000000 169.000000 3.000000
-0.01585800 1.71683204 -0.85554802 505.000000 3.000000 201.000000 3.000000
-0.00531900 1.71601295 -0.85508001 603.000000 4.000000 149.000000 3.000000
0.00521000 1.71424496 -0.85414499 602.000000 4.000000 211.000000 3.000000
0.01572200 1.71329701 -0.85367799 616.000000 4.000000 187.000000 3.000000
0.02617800 1.70874798 -0.85134000 555.000000 4.000000 211.000000 3.000000
0.03676200 1.71385896 -0.85414499 333.000000 2.000000 179.000000 3.000000
0.04707800 1.70564699 -0.84993798 201.000000 1.000000 192.000000 3.000000
0.05787400 1.71592903 -0.85554802 130.000000 1.000000 187.000000 3.000000
0.06833600 1.71377504 -0.85461301 102.000000 1.000000 184.000000 3.000000
1.15572596 1.76760805 -0.81229502 109.000000 1.000000 613.000000 3.000000
1.16706002 1.76125705 -0.81267202 89.000000 1.000000 519.000000 3.000000
1.17527103 1.75021398 -0.81078398 114.000000 1.000000 511.000000 3.000000
1.18546903 1.74220300 -0.81040603 127.000000 1.000000 450.000000 3.000000
1.19037199 1.72649896 -0.80625200 127.000000 1.000000 411.000000 3.000000
0.93583798 1.72329402 -0.81033498 87.000000 1.000000 107.000000 3.000000
0.94639403 1.71751904 -0.81033498 114.000000 1.000000 99.000000 3.000000
0.95512497 1.70848405 -0.80872703 118.000000 1.000000 100.000000 3.000000
0.96559000 1.70259094 -0.80872703 109.000000 1.000000 96.000000 3.000000
0.97739100 1.69901502 -0.80993301 102.000000 1.000000 116.000000 3.000000
0.67650098 1.69152904 -0.79958898 138.000000 1.000000 200.000000 3.000000
0.68992400 1.69490695 -0.80339599 147.000000 1.000000 184.000000 3.000000
0.70306998 1.69734502 -0.80677903 165.000000 1.000000 221.000000 3.000000
0.70682198 1.67711794 -0.79874301 238.000000 1.000000 267.000000 3.000000
0.72668701 1.69525898 -0.81016302 172.000000 1.000000 360.000000 3.000000
2.61728096 1.77523005 -0.81662601 98.000000 1.000000 100.000000 3.000000
2.64175797 1.76825500 -0.82109702 120.000000 1.000000 114.000000 3.000000
2.69604206 1.78070700 -0.83530098 191.000000 1.000000 87.000000 3.000000
2.25938296 1.83136201 -0.82083702 1395.000000 22.000000 212.000000 3.000000
2.27057695 1.81746495 -0.82083702 697.000000 10.000000 214.000000 3.000000
2.28893590 1.78651094 -0.81940800 310.000000 4.000000 196.000000 3.000000
2.28544903 1.76129794 -0.81397998 239.000000 3.000000 230.000000 3.000000
2.31373501 1.76061296 -0.82055098 86.000000 1.000000 263.000000 3.000000
2.34515905 1.76195395 -0.82826501 53.000000 1.000000 272.000000 3.000000
2.34439301 1.73895097 -0.82397902 40.000000 1.000000 291.000000 3.000000
1.92978501 1.74918199 -0.80176401 372.000000 3.000000 168.000000 3.000000
1.95678198 1.75188601 -0.80888999 265.000000 2.000000 140.000000 3.000000
1.99813497 1.76691401 -0.82221401 125.000000 1.000000 143.000000 3.000000
2.04547596 1.78649998 -0.83801597 80.000000 1.000000 104.000000 3.000000
