2.42560911 -1.47418106 -0.87798601 1615.000000 17.000000 188.000000 0.000000
2.41247201 -1.48654103 -0.87643701 2376.000000 29.000000 221.000000 0.000000
2.41669703 -1.55125403 -0.88883102 583.000000 5.000000 177.000000 0.000000
2.40155506 -1.56242096 -0.88666201 1795.000000 19.000000 210.000000 0.000000
2.44879603 -1.48175895 -0.95974803 690.000000 10.000000 187.000000 0.000000
2.42517304 -1.48789895 -0.95377201 1591.000000 26.000000 178.000000 0.000000
2.41038609 -1.49927199 -0.95144802 1710.000000 29.000000 189.000000 0.000000
2.39475203 -1.51001799 -0.94879198 1587.000000 26.000000 203.000000 0.000000
2.46399808 -1.59609401 -0.98564398 954.000000 15.000000 181.000000 0.000000
2.45100093 -1.60911596 -0.98431599 1009.000000 16.000000 210.000000 0.000000
2.45223594 -1.47042406 -1.04105902 907.000000 8.000000 110.000000 0.000000
2.45514107 -1.49273002 -1.04640102 2496.000000 34.000000 218.000000 0.000000
2.44036889 -1.50433195 -1.04390800 2663.000000 35.000000 202.000000 0.000000
2.43742990 -1.52324200 -1.04675698 1974.000000 24.000000 175.000000 0.000000
2.57123208 -1.54712105 -1.17486703 823.000000 13.000000 252.000000 0.000000
2.44698000 -1.49310100 -1.12010300 1676.000000 30.000000 234.000000 0.000000
2.42910290 -1.50274205 -1.11594903 2077.000000 40.000000 213.000000 0.000000
2.42533302 -1.52105403 -1.11859298 1573.000000 28.000000 219.000000 0.000000
2.59271193 -1.64792001 -1.20394802 711.000000 11.000000 215.000000 0.000000
2.46880889 -1.59073603 -1.14880705 1155.000000 19.000000 227.000000 0.000000
2.44503403 -1.59676099 -1.14200902 762.000000 12.000000 223.000000 0.000000
2.50487590 -1.50378895 -1.23180997 1276.000000 14.000000 161.000000 0.000000
2.45572090 -1.49482906 -1.21131897 2154.000000 27.000000 196.000000 0.000000
2.44494390 -1.50890601 -1.21051502 2328.000000 31.000000 195.000000 0.000000
2.44184899 -1.52776802 -1.21372998 1968.000000 24.000000 171.000000 0.000000
2.48654389 -1.57708001 -1.24185503 1458.000000 16.000000 146.000000 0.000000
2.47528005 -1.59131598 -1.24105096 1343.000000 14.000000 173.000000 0.000000
1.47345304 -1.58624601 -0.77648801 2690.000000 25.000000 199.000000 0.000000
1.46495497 -1.59663498 -0.77719998 3222.000000 34.000000 218.000000 0.000000
1.45387697 -1.60420799 -0.77648801 3134.000000 32.000000 254.000000 0.000000
1.44711995 -1.61658204 -0.77826798 2664.000000 24.000000 268.000000 0.000000
1.47881496 -1.57954097 -0.83344501 1892.000000 23.000000 268.000000 0.000000
1.45901501 -1.57772803 -0.82740200 2502.000000 34.000000 317.000000 0.000000
1.45055902 -1.58801603 -0.82815701 2562.000000 35.000000 278.000000 0.000000
1.44203103 -1.59825897 -0.82891297 2633.000000 37.000000 321.000000 0.000000
1.43960500 -1.61535800 -0.83344501 2152.000000 27.000000 249.000000 0.000000
1.43886399 -1.63456798 -0.83911002 1029.000000 10.000000 215.000000 0.000000
1.47195899 -1.54772103 -0.88707602 1245.000000 8.000000 147.000000 0.000000
1.45178401 -1.54537106 -0.88024598 2360.000000 20.000000 224.000000 0.000000
1.46523297 -1.55701900 -0.94719398 1357.000000 15.000000 253.000000 0.000000
1.39073598 -1.49641895 -0.90278500 1819.000000 19.000000 253.000000 0.000000
1.42921305 -1.48692000 -0.97791898 718.000000 4.000000 446.000000 0.000000
1.49187803 -1.49862695 -1.13758898 646.000000 4.000000 303.000000 0.000000
1.52797604 -1.57310700 -1.18175697 1367.000000 11.000000 220.000000 0.000000
1.47489202 -1.53715801 -1.14642298 2092.000000 17.000000 231.000000 0.000000
1.42590106 -1.50441504 -1.11403298 1933.000000 15.000000 383.000000 0.000000
1.50672102 -1.52203298 -1.21805096 516.000000 5.000000 247.000000 0.000000
1.49494398 -1.52879596 -1.21600795 648.000000 6.000000 239.000000 0.000000
1.47296500 -1.52497995 -1.20528305 1591.000000 19.000000 264.000000 0.000000
1.46358001 -1.53398895 -1.20528305 1791.000000 22.000000 263.000000 0.000000
1.44763994 -1.53607094 -1.19966602 1824.000000 22.000000 270.000000 0.000000
1.44758105 -1.55497396 -1.20783699 1587.000000 18.000000 269.000000 0.000000
1.46834195 -1.59667397 -1.23439300 808.000000 9.000000 258.000000 0.000000
1.41152406 -1.49179804 -1.24152505 1577.000000 12.000000 211.000000 0.000000
0.45478299 -1.60642195 -0.72853601 1062.000000 7.000000 218.000000 0.000000
0.44272399 -1.60132802 -0.72473001 2265.000000 19.000000 257.000000 0.000000
0.43527299 -1.61275601 -0.72895902 2588.000000 23.000000 219.000000 0.000000
0.42560199 -1.61627197 -0.72938198 2478.000000 22.000000 233.000000 0.000000
0.41613200 -1.62060797 -0.73022801 2023.000000 16.000000 237.000000 0.000000
0.40595800 -1.62225199 -0.72980499 681.000000 4.000000 170.000000 0.000000
0.45812300 -1.58695102 -0.77289897 1148.000000 6.000000 257.000000 0.000000
0.44716701 -1.58542502 -0.77066600 2639.000000 19.000000 306.000000 0.000000
0.43790400 -1.58986497 -0.77155900 3081.000000 25.000000 301.000000 0.000000
0.42744601 -1.58992898 -0.77021903 2692.000000 20.000000 280.000000 0.000000
0.41745600 -1.59165597 -0.76977301 1694.000000 10.000000 289.000000 0.000000
0.45548999 -1.58927202 -0.82189000 674.000000 4.000000 191.000000 0.000000
0.44043800 -1.57332301 -0.81160599 1839.000000 14.000000 230.000000 0.000000
0.42983499 -1.57258701 -0.80973601 2147.000000 18.000000 270.000000 0.000000
0.42063701 -1.57690203 -0.81067097 2000.000000 16.000000 237.000000 0.000000
0.41410199 -1.59142196 -0.81721503 1410.000000 10.000000 190.000000 0.000000
0.40059599 -1.57937598 -0.80926800 336.000000 2.000000 174.000000 0.000000
0.44984901 -1.56324601 -0.86276799 1697.000000 10.000000 258.000000 0.000000
0.43836799 -1.55926502 -0.85884202 2344.000000 16.000000 257.000000 0.000000
0.42879301 -1.56192601 -0.85884202 2424.000000 17.000000 272.000000 0.000000
0.42122400 -1.57210302 -0.86325902 1803.000000 11.000000 253.000000 0.000000
0.41178900 -1.57550204 -0.86374998 538.000000 2.000000 232.000000 0.000000
0.44414300 -1.56487596 -0.91214502 1065.000000 7.000000 289.000000 0.000000
0.43244600 -1.56011999 -0.90754902 1682.000000 13.000000 234.000000 0.000000
0.42286500 -1.56274402 -0.90754902 1868.000000 15.000000 233.000000 0.000000
0.41349000 -1.56614006 -0.90806001 1605.000000 12.000000 230.000000 0.000000
0.40452200 -1.57114398 -0.90959197 792.000000 5.000000 218.000000 0.000000
0.44201699 -1.54092705 -0.95695102 1422.000000 8.000000 329.000000 0.000000
0.43050700 -1.53628004 -0.95214599 1998.000000 13.000000 354.000000 0.000000
0.42240700 -1.54378700 -0.95534903 1911.000000 12.000000 292.000000 0.000000
0.41357800 -1.54880202 -0.95695102 1373.000000 8.000000 276.000000 0.000000
0.40704101 -1.56276798 -0.96442503 765.000000 4.000000 270.000000 0.000000
0.44646201 -1.58500099 -1.03808701 769.000000 6.000000 341.000000 0.000000
0.42222700 -1.53554904 -1.00211704 1417.000000 10.000000 292.000000 0.000000
0.41279700 -1.53811097 -1.00211704 1501.000000 11.000000 312.000000 0.000000
0.40399101 -1.54303098 -1.00377703 1354.000000 10.000000 283.000000 0.000000
0.39555699 -1.54951298 -1.00654399 945.000000 6.000000 283.000000 0.000000
0.46795201 -1.63803399 -1.14312303 1079.000000 6.000000 409.000000 0.000000
0.42350301 -1.51722896 -1.05269098 1494.000000 9.000000 325.000000 0.000000
0.41161501 -1.51033199 -1.04577804 1792.000000 11.000000 327.000000 0.000000
0.40485200 -1.52231205 -1.05269098 1493.000000 9.000000 322.000000 0.000000
0.39714000 -1.53109896 -1.05729902 945.000000 5.000000 325.000000 0.000000
0.43984199 -1.56965697 -1.14868701 606.000000 4.000000 376.000000 0.000000
0.41262800 -1.50880504 -1.09990001 1006.000000 8.000000 361.000000 0.000000
0.40252399 -1.50820398 -1.09752095 1101.000000 9.000000 383.000000 0.000000
0.39326200 -1.51064599 -1.09752095 1187.000000 10.000000 338.000000 0.000000
0.38478601 -1.51614404 -1.09990001 994.000000 8.000000 356.000000 0.000000
0.40085801 -1.61983502 -1.17724597 414.000000 3.000000 366.000000 0.000000
0.42838699 -1.50792205 -1.17015898 937.000000 5.000000 405.000000 0.000000
0.41199800 -1.48473704 -1.14917505 1357.000000 8.000000 434.000000 0.000000
0.40575001 -1.49787199 -1.15781498 1519.000000 10.000000 439.000000 0.000000
0.39655200 -1.50033402 -1.15781498 1486.000000 9.000000 370.000000 0.000000
0.38635999 -1.49892795 -1.15472901 988.000000 6.000000 433.000000 0.000000
0.40618300 -1.61729205 -1.24853897 392.000000 2.000000 455.000000 0.000000
0.40409499 -1.47971594 -1.20204103 858.000000 7.000000 459.000000 0.000000
0.39480701 -1.48142195 -1.20140600 956.000000 8.000000 387.000000 0.000000
0.38551301 -1.48307002 -1.20077002 1046.000000 9.000000 441.000000 0.000000
0.37659699 -1.48615599 -1.20140600 1078.000000 9.000000 427.000000 0.000000
0.37271899 -1.50941300 -1.21919703 675.000000 5.000000 419.000000 0.000000
0.38286200 -1.45644498 -1.25098300 950.000000 5.000000 417.000000 0.000000
0.37522301 -1.46387994 -1.25558305 851.000000 5.000000 424.000000 0.000000
-0.56343699 -1.77577698 -0.76734298 1774.000000 11.000000 250.000000 0.000000
-0.57517099 -1.77489901 -0.76854903 1391.000000 8.000000 253.000000 0.000000
-0.56891000 -1.75832403 -0.81185400 1169.000000 9.000000 360.000000 0.000000
-0.58081698 -1.75824499 -0.81354600 1024.000000 8.000000 340.000000 0.000000
-0.60393000 -1.65525198 -0.77167600 1543.000000 13.000000 270.000000 0.000000
-0.61187899 -1.64556396 -0.76871502 2184.000000 21.000000 294.000000 0.000000
-0.62228298 -1.64262700 -0.76913798 2560.000000 27.000000 342.000000 0.000000
-0.63235003 -1.63877797 -0.76913798 2450.000000 25.000000 315.000000 0.000000
-0.64766401 -1.64837396 -0.77590501 2026.000000 19.000000 313.000000 0.000000
-0.65843499 -1.64605296 -0.77675098 1098.000000 8.000000 237.000000 0.000000
-0.68482900 -1.68230605 -0.79705203 361.000000 2.000000 234.000000 0.000000
-0.55812901 -1.75387096 -0.86714602 995.000000 5.000000 843.000000 0.000000
-0.59900898 -1.63589895 -0.81801301 1689.000000 10.000000 272.000000 0.000000
-0.61060297 -1.63638198 -0.82024598 2780.000000 22.000000 315.000000 0.000000
-0.62126899 -1.63427699 -0.82113898 2971.000000 25.000000 357.000000 0.000000
-0.63128501 -1.63043404 -0.82113898 3173.000000 28.000000 370.000000 0.000000
-0.64094901 -1.62569797 -0.82069302 2884.000000 23.000000 301.000000 0.000000
-0.65057802 -1.62090504 -0.82024598 2172.000000 15.000000 312.000000 0.000000
-0.66220599 -1.62102199 -0.82247901 827.000000 4.000000 274.000000 0.000000
-0.61449599 -1.63815200 -0.87284398 621.000000 4.000000 263.000000 0.000000
-0.61857897 -1.61864603 -0.86396199 1801.000000 16.000000 322.000000 0.000000
-0.62658799 -1.60987198 -0.86115700 2213.000000 21.000000 307.000000 0.000000
-0.63710099 -1.60764301 -0.86209202 2286.000000 22.000000 296.000000 0.000000
-0.64859700 -1.60780597 -0.86443001 1746.000000 15.000000 262.000000 0.000000
-0.66145301 -1.61116397 -0.86863703 1547.000000 13.000000 321.000000 0.000000
-0.67031097 -1.60462499 -0.86723399 639.000000 4.000000 265.000000 0.000000
-0.60141701 -1.60761499 -0.91331601 288.000000 1.000000 314.000000 0.000000
-0.61469001 -1.61284697 -0.91871399 1708.000000 11.000000 369.000000 0.000000
-0.62078297 -1.59930098 -0.91282499 2349.000000 17.000000 362.000000 0.000000
-0.63026398 -1.59465206 -0.91233402 2252.000000 16.000000 414.000000 0.000000
-0.64166600 -1.59479499 -0.91478801 2129.000000 15.000000 393.000000 0.000000
-0.65243202 -1.59324598 -0.91626000 1822.000000 12.000000 366.000000 0.000000
-0.65917301 -1.58197701 -0.91184300 1293.000000 7.000000 328.000000 0.000000
-0.62994498 -1.60645998 -0.97087502 1556.000000 13.000000 344.000000 0.000000
-0.63440502 -1.58897603 -0.96219301 1817.000000 16.000000 256.000000 0.000000
-0.64253497 -1.58106697 -0.95964003 2123.000000 20.000000 253.000000 0.000000
-0.65287697 -1.57868505 -0.96066099 2039.000000 19.000000 306.000000 0.000000
-0.66288298 -1.57544303 -0.96117198 1787.000000 16.000000 265.000000 0.000000
-0.67489100 -1.57688498 -0.96474701 911.000000 7.000000 322.000000 0.000000
-0.55549902 -1.73532200 -1.09523296 1164.000000 7.000000 327.000000 0.000000
-0.56639999 -1.73268402 -1.09576702 1071.000000 6.000000 388.000000 0.000000
-0.62921298 -1.61685705 -1.04024100 1392.000000 8.000000 531.000000 0.000000
-0.62695003 -1.58231902 -1.01941800 1907.000000 13.000000 367.000000 0.000000
-0.63316000 -1.56981897 -1.01354504 2136.000000 15.000000 371.000000 0.000000
-0.64310199 -1.56668699 -1.01407897 2185.000000 15.000000 359.000000 0.000000
-0.65531600 -1.56895101 -1.01835001 1921.000000 13.000000 391.000000 0.000000
-0.66559303 -1.56645596 -1.01941800 1535.000000 9.000000 357.000000 0.000000
-0.56505400 -1.73874605 -1.15872705 998.000000 9.000000 336.000000 0.000000
-0.57649302 -1.73762000 -1.16038704 709.000000 6.000000 311.000000 0.000000
-0.64450097 -1.63412201 -1.11113501 1095.000000 9.000000 337.000000 0.000000
-0.63293099 -1.57597494 -1.07239795 1648.000000 15.000000 351.000000 0.000000
-0.64164901 -1.56974602 -1.07073700 1774.000000 16.000000 312.000000 0.000000
-0.65063298 -1.56423903 -1.06963098 1820.000000 17.000000 319.000000 0.000000
-0.66150898 -1.56328905 -1.07184398 1688.000000 15.000000 308.000000 0.000000
-0.67370701 -1.56532800 -1.07627106 1416.000000 12.000000 278.000000 0.000000
-0.55804998 -1.73711002 -1.22837198 1132.000000 7.000000 342.000000 0.000000
-0.56920898 -1.73520696 -1.22952402 1055.000000 6.000000 302.000000 0.000000
-0.63075399 -1.61588502 -1.16501105 1228.000000 8.000000 365.000000 0.000000
-0.61857098 -1.55654895 -1.12296295 1849.000000 12.000000 346.000000 0.000000
-0.62872398 -1.55423903 -1.12411499 2070.000000 15.000000 377.000000 0.000000
-0.63856101 -1.55110800 -1.12469101 2126.000000 15.000000 405.000000 0.000000
-0.64996499 -1.55168200 -1.12814701 1752.000000 11.000000 335.000000 0.000000
-0.65947402 -1.54766500 -1.12814701 1319.000000 8.000000 312.000000 0.000000
-0.69924802 -1.61331701 -1.18171501 757.000000 4.000000 331.000000 0.000000
-0.62861800 -1.58733594 -1.20580399 1010.000000 10.000000 294.000000 0.000000
-0.62670398 -1.55434501 -1.18260002 1158.000000 10.000000 347.000000 0.000000
-0.63562399 -1.54898095 -1.18140996 1405.000000 12.000000 385.000000 0.000000
-0.64665401 -1.54876494 -1.18438494 1116.000000 9.000000 297.000000 0.000000
-0.65614498 -1.54476798 -1.18438494 1064.000000 9.000000 292.000000 0.000000
-0.67701298 -1.56730700 -1.20580399 842.000000 8.000000 283.000000 0.000000
-0.60265303 -1.53707302 -1.23557901 1969.000000 14.000000 364.000000 0.000000
-0.61295003 -1.53553796 -1.23742998 1670.000000 11.000000 331.000000 0.000000
-0.63897002 -1.51892102 -1.23310995 1450.000000 9.000000 304.000000 0.000000
-0.64889801 -1.51641798 -1.23434401 1471.000000 9.000000 358.000000 0.000000
-1.57525396 -1.76542199 -0.78511798 841.000000 9.000000 231.000000 0.000000
-1.58227098 -1.75151598 -0.78312600 2376.000000 36.000000 215.000000 0.000000
-1.59298801 -1.74177504 -0.78312600 2362.000000 36.000000 252.000000 0.000000
-1.56061304 -1.64430904 -0.75025803 293.000000 2.000000 120.000000 0.000000
-1.58581400 -1.72796905 -0.84521198 2648.000000 27.000000 212.000000 0.000000
-1.59765899 -1.71957397 -0.84592497 2979.000000 34.000000 218.000000 0.000000
-1.55116498 -1.64919198 -0.81423301 2090.000000 17.000000 235.000000 0.000000
-1.58741796 -1.68077898 -0.89387298 1817.000000 25.000000 185.000000 0.000000
-1.60728204 -1.68106198 -0.89953899 2449.000000 38.000000 212.000000 0.000000
-1.60599601 -1.65917301 -0.89274001 1706.000000 20.000000 183.000000 0.000000
-1.63684595 -1.67048705 -0.90482599 400.000000 4.000000 133.000000 0.000000
-1.59252799 -1.65033400 -0.95618403 1339.000000 11.000000 229.000000 0.000000
-1.61158895 -1.64969695 -0.96180898 1503.000000 12.000000 195.000000 0.000000
-1.64680898 -1.66515601 -0.97747803 469.000000 3.000000 122.000000 0.000000
-1.58801699 -1.64906394 -1.01782405 1110.000000 13.000000 240.000000 0.000000
-1.61073196 -1.65228903 -1.02628195 2000.000000 28.000000 206.000000 0.000000
-1.62020504 -1.64172900 -1.02585900 1909.000000 27.000000 232.000000 0.000000
-1.63024795 -1.63175702 -1.02585900 784.000000 9.000000 328.000000 0.000000
-1.65723801 -1.93927598 -1.22179902 1284.000000 12.000000 342.000000 0.000000
-1.57538104 -1.82086694 -1.15033197 656.000000 5.000000 256.000000 0.000000
-1.66071296 -1.76065099 -1.15658605 1014.000000 9.000000 372.000000 0.000000
-1.61686099 -1.67263305 -1.10968602 1418.000000 12.000000 300.000000 0.000000
-1.61331904 -1.64862096 -1.09985900 2668.000000 28.000000 250.000000 0.000000
-1.61332297 -1.62852705 -1.09271204 2534.000000 26.000000 222.000000 0.000000
-1.65434802 -1.64953303 -1.11459899 1191.000000 9.000000 203.000000 0.000000
-1.61416495 -1.64636397 -1.16688097 1171.000000 14.000000 243.000000 0.000000
-1.60869706 -1.62071395 -1.15519404 1736.000000 24.000000 204.000000 0.000000
-1.63174498 -1.62393296 -1.16501105 1283.000000 16.000000 184.000000 0.000000
-1.64078796 -1.61330104 -1.24260998 49.000000 1.000000 208.000000 0.000000
-1.60608995 -1.60994804 -1.29669702 1198.000000 15.000000 199.000000 0.000000
-1.60069394 -1.58491004 -1.28392994 1354.000000 17.000000 214.000000 0.000000
-1.61284196 -1.57746804 -1.28597295 1312.000000 17.000000 211.000000 0.000000
-1.62989700 -1.57472503 -1.29210103 1105.000000 14.000000 192.000000 0.000000
-1.62072599 1.64040196 -0.70447201 978.000000 6.000000 96.000000 0.000000
-1.61063099 1.65031600 -0.70447201 1455.000000 10.000000 147.000000 0.000000
-1.61168599 1.67181003 -0.70973903 1106.000000 7.000000 143.000000 0.000000
-1.67660105 1.57174397 -0.76121402 1778.000000 21.000000 157.000000 0.000000
-1.67309296 1.58783495 -0.76420200 860.000000 8.000000 108.000000 0.000000
-1.61426103 1.55110395 -0.74029797 1340.000000 14.000000 111.000000 0.000000
-1.60877705 1.56491804 -0.74229002 2262.000000 29.000000 148.000000 0.000000
-1.59712505 1.57277799 -0.74129403 2491.000000 34.000000 165.000000 0.000000
-1.58945203 1.58454299 -0.74229002 2582.000000 36.000000 157.000000 0.000000
-1.57304800 1.58757699 -0.73896998 2029.000000 25.000000 167.000000 0.000000
-1.58575201 1.62007797 -0.75025803 1016.000000 10.000000 112.000000 0.000000
-1.65655303 1.57737505 -0.82313502 2162.000000 18.000000 158.000000 0.000000
-1.63944602 1.58037102 -0.81921798 992.000000 6.000000 110.000000 0.000000
-1.63974500 1.60019600 -0.82455897 894.000000 6.000000 131.000000 0.000000
-1.60398400 1.58459997 -0.81067199 2251.000000 19.000000 147.000000 0.000000
-1.59159005 1.59176695 -0.80924797 2073.000000 16.000000 158.000000 0.000000
-1.58310604 1.60283303 -0.80996001 2066.000000 16.000000 149.000000 0.000000
-1.58237100 1.62188601 -0.81494498 1935.000000 15.000000 130.000000 0.000000
-1.58405495 1.64368296 -0.82135499 1372.000000 9.000000 130.000000 0.000000
-1.66117203 1.60792398 -0.89387298 1419.000000 18.000000 144.000000 0.000000
-1.65326202 1.62002695 -0.89500600 831.000000 9.000000 117.000000 0.000000
-1.61951303 1.62643898 -0.88707501 802.000000 8.000000 145.000000 0.000000
-1.60950196 1.63634598 -0.88707501 1810.000000 21.000000 134.000000 0.000000
-1.59102798 1.63757300 -0.88216501 2117.000000 26.000000 141.000000 0.000000
-1.58608902 1.65263903 -0.88518697 1958.000000 24.000000 127.000000 0.000000
-1.57911003 1.66569400 -0.88707501 1683.000000 19.000000 168.000000 0.000000
-1.57646894 1.68344903 -0.89160699 1202.000000 13.000000 127.000000 0.000000
-1.59256899 1.72159100 -0.90746999 263.000000 2.000000 120.000000 0.000000
-1.65149105 1.63327801 -0.96904099 903.000000 6.000000 112.000000 0.000000
-1.63173604 1.63365698 -0.96301401 161.000000 1.000000 78.000000 0.000000
-1.61846805 1.64037704 -0.96100497 121.000000 1.000000 100.000000 0.000000
-1.61539900 1.65749502 -0.96542501 174.000000 1.000000 86.000000 0.000000
-1.60061300 1.68316901 -0.96904099 1134.000000 9.000000 137.000000 0.000000
-1.59714699 1.70030403 -0.97346002 1449.000000 12.000000 125.000000 0.000000
-1.58730698 1.71074402 -0.97386199 1428.000000 11.000000 123.000000 0.000000
-1.58420002 1.72855699 -0.97868401 1893.000000 17.000000 156.000000 0.000000
-1.56865001 1.73281097 -0.97546899 2091.000000 19.000000 167.000000 0.000000
-1.56652796 1.75196505 -0.98109400 1150.000000 9.000000 92.000000 0.000000
-1.71010303 1.60667598 -1.04446900 113.000000 1.000000 103.000000 0.000000
-1.70087099 1.61776197 -1.04489100 82.000000 1.000000 97.000000 0.000000
-1.69418097 1.63130403 -1.04700601 74.000000 1.000000 81.000000 0.000000
-1.68024004 1.63788104 -1.04446900 84.000000 1.000000 109.000000 0.000000
-1.64909601 1.64750898 -1.03727901 1036.000000 12.000000 113.000000 0.000000
-1.63704205 1.65566695 -1.03601003 733.000000 8.000000 123.000000 0.000000
-1.61307096 1.75610900 -1.06223202 997.000000 12.000000 120.000000 0.000000
-1.58701301 1.74922299 -1.05165803 1610.000000 21.000000 171.000000 0.000000
-1.57322001 1.75555801 -1.04954398 1792.000000 24.000000 151.000000 0.000000
-1.56362200 1.76653302 -1.05039001 1692.000000 23.000000 103.000000 0.000000
-1.56829202 1.79380405 -1.06138599 1380.000000 17.000000 137.000000 0.000000
-1.55725598 1.80339301 -1.06138599 432.000000 4.000000 105.000000 0.000000
-1.66005695 1.68548596 -1.12933898 1804.000000 16.000000 270.000000 0.000000
-1.63970697 1.68537402 -1.12219203 1320.000000 11.000000 187.000000 0.000000
-1.59619296 1.78828502 -1.14497197 1362.000000 11.000000 245.000000 0.000000
-1.58105195 1.79334497 -1.14184594 2102.000000 20.000000 167.000000 0.000000
-1.57177997 1.80503798 -1.14318597 2318.000000 23.000000 161.000000 0.000000
-1.56475496 1.81939900 -1.14631200 1954.000000 18.000000 155.000000 0.000000
-1.56456006 1.84192801 -1.15479898 1006.000000 9.000000 213.000000 0.000000
-1.68461800 1.73447895 -1.22624898 747.000000 10.000000 206.000000 0.000000
-1.64206100 1.71166801 -1.20194101 1058.000000 13.000000 163.000000 0.000000
-1.64432096 1.73516297 -1.21175802 837.000000 11.000000 190.000000 0.000000
-1.63061702 1.74199903 -1.20941997 851.000000 12.000000 163.000000 0.000000
-1.61749196 1.74937904 -1.20755005 747.000000 10.000000 163.000000 0.000000
-1.60792196 1.76057398 -1.20848501 709.000000 9.000000 157.000000 0.000000
-1.59293604 1.76582003 -1.20521295 642.000000 8.000000 202.000000 0.000000
-1.64689195 1.84804595 -1.25663400 799.000000 11.000000 117.000000 0.000000
-1.63142502 1.85347795 -1.25336206 887.000000 12.000000 153.000000 0.000000
-1.58747697 1.82614994 -1.22718406 751.000000 10.000000 143.000000 0.000000
-1.64331996 1.73411703 -1.29217601 1434.000000 14.000000 161.000000 0.000000
-1.63740897 1.74925900 -1.29610205 1489.000000 14.000000 158.000000 0.000000
-0.67326498 1.72697198 -0.70692199 2144.000000 20.000000 158.000000 0.000000
-0.72878098 1.67368996 -0.75086999 2577.000000 19.000000 189.000000 0.000000
-0.72065699 1.68318200 -0.75328100 1411.000000 8.000000 134.000000 0.000000
-0.69201601 1.73268700 -0.76854903 1977.000000 13.000000 141.000000 0.000000
-0.68237197 1.73945796 -0.76975399 2369.000000 17.000000 204.000000 0.000000
-0.67135799 1.74275804 -0.76935202 2018.000000 13.000000 128.000000 0.000000
-0.66841102 1.76740599 -0.77899498 792.000000 4.000000 132.000000 0.000000
-0.71889400 1.64926898 -0.78901601 1146.000000 9.000000 143.000000 0.000000
-0.71862799 1.68645597 -0.97907603 971.000000 5.000000 122.000000 0.000000
-0.70121002 1.67395198 -0.96877098 1929.000000 13.000000 619.000000 0.000000
-0.73075497 1.90708303 -1.09685695 963.000000 6.000000 387.000000 0.000000
-0.70587301 1.87645495 -1.07575405 1838.000000 13.000000 188.000000 0.000000
-0.69826102 1.89137900 -1.08213401 2147.000000 18.000000 158.000000 0.000000
-0.68427300 1.88907194 -1.07820797 1660.000000 13.000000 154.000000 0.000000
-0.69159299 1.94661498 -1.11010695 442.000000 2.000000 320.000000 0.000000
-0.70834899 1.70646501 -1.04339302 1577.000000 16.000000 193.000000 0.000000
-0.70276397 1.72270894 -1.05105400 854.000000 8.000000 244.000000 0.000000
-0.74900198 1.97152698 -1.19864404 941.000000 10.000000 168.000000 0.000000
-0.70849502 1.90041995 -1.15063906 1353.000000 15.000000 159.000000 0.000000
-0.69830698 1.90876496 -1.15319300 1472.000000 17.000000 151.000000 0.000000
-0.68716598 1.91463101 -1.15421402 1259.000000 14.000000 160.000000 0.000000
-0.72303402 1.73034704 -1.12887001 1135.000000 7.000000 219.000000 0.000000
-0.70246398 1.71049595 -1.11231899 1517.000000 10.000000 163.000000 0.000000
-0.73743099 1.82772100 -1.18920100 711.000000 4.000000 165.000000 0.000000
-0.73831397 1.93183899 -1.25060105 1232.000000 9.000000 182.000000 0.000000
-0.72288901 1.92683101 -1.24419403 1282.000000 9.000000 163.000000 0.000000
-0.71017802 1.92884898 -1.24259198 1390.000000 10.000000 177.000000 0.000000
-0.69804299 1.93237495 -1.24205899 1797.000000 14.000000 162.000000 0.000000
-0.68448198 1.93183804 -1.23885500 1656.000000 13.000000 177.000000 0.000000
-0.67538500 1.94399095 -1.24419403 1412.000000 10.000000 180.000000 0.000000
-0.66562003 1.95450306 -1.24846494 1380.000000 10.000000 184.000000 0.000000
-0.65949202 1.97619998 -1.26021099 976.000000 6.000000 164.000000 0.000000
-0.71570200 1.73382401 -1.19026995 1121.000000 11.000000 203.000000 0.000000
-0.70599502 1.74049604 -1.19193006 1205.000000 12.000000 226.000000 0.000000
-0.75391901 1.92492998 -1.31754994 1038.000000 11.000000 223.000000 0.000000
-0.73487699 1.91087794 -1.30426896 1123.000000 12.000000 218.000000 0.000000
-0.72047502 1.90834296 -1.29928803 1539.000000 18.000000 210.000000 0.000000
-0.69827199 1.88463402 -1.27936602 1020.000000 11.000000 229.000000 0.000000
-0.68411702 1.88184404 -1.27438605 974.000000 10.000000 184.000000 0.000000
-0.67678100 1.89776504 -1.28268600 1160.000000 13.000000 204.000000 0.000000
-0.66678399 1.90659499 -1.28600705 1265.000000 14.000000 200.000000 0.000000
-0.65860701 1.92088604 -1.29320097 1416.000000 16.000000 183.000000 0.000000
-0.64654100 1.92410195 -1.29264700 1508.000000 18.000000 188.000000 0.000000
-0.63551003 1.93040395 -1.29430795 1279.000000 14.000000 188.000000 0.000000
-0.63060200 1.95565605 -1.30924904 991.000000 10.000000 164.000000 0.000000
-0.62313497 1.97377503 -1.31921005 891.000000 9.000000 213.000000 0.000000
-0.72850400 1.77927804 -1.29749203 1265.000000 9.000000 227.000000 0.000000
-0.71331000 1.77309406 -1.28942800 1267.000000 9.000000 208.000000 0.000000
-0.76312798 1.70504105 -1.32479596 233.000000 2.000000 200.000000 0.000000
0.24449500 1.88015604 -0.78180802 477.000000 2.000000 151.000000 0.000000
0.25328100 1.78213501 -0.78943902 1591.000000 13.000000 195.000000 0.000000
0.18394700 1.73597896 -0.81979901 319.000000 1.000000 156.000000 0.000000
0.19308800 1.72148204 -0.81309903 253.000000 1.000000 116.000000 0.000000
0.20364800 1.72026503 -0.81309903 223.000000 1.000000 117.000000 0.000000
0.22756000 1.82551205 -0.86669898 452.000000 2.000000 154.000000 0.000000
0.23899101 1.82585597 -0.86759299 453.000000 2.000000 138.000000 0.000000
0.23906700 1.74370003 -0.82694602 359.000000 1.000000 133.000000 0.000000
0.29828799 1.70640194 -0.81309903 230.000000 1.000000 155.000000 0.000000
0.22347599 1.86266804 -0.93969202 660.000000 5.000000 244.000000 0.000000
0.23674899 1.87617600 -0.94763899 1175.000000 11.000000 195.000000 0.000000
0.24825600 1.87468803 -0.94763899 1296.000000 12.000000 227.000000 0.000000
0.25867900 1.86524701 -0.94343102 1045.000000 10.000000 240.000000 0.000000
0.28479201 1.73703003 -0.87845403 623.000000 4.000000 191.000000 0.000000
0.29807699 1.75094295 -0.88686800 1431.000000 12.000000 201.000000 0.000000
0.28774300 1.62802398 -0.82189000 1121.000000 7.000000 262.000000 0.000000
0.18132700 1.80142605 -0.96631700 403.000000 2.000000 154.000000 0.000000
0.21367100 1.88909900 -1.01735497 629.000000 3.000000 389.000000 0.000000
0.22588100 1.89294195 -1.02029896 1454.000000 9.000000 206.000000 0.000000
0.23738299 1.89065599 -1.01980901 1628.000000 11.000000 202.000000 0.000000
0.24852100 1.88570905 -1.01784599 1572.000000 10.000000 196.000000 0.000000
0.26392001 1.91176605 -1.03355002 1150.000000 7.000000 216.000000 0.000000
0.29656100 1.75073695 -0.94668698 1454.000000 9.000000 236.000000 0.000000
0.31138799 1.77205098 -0.95993698 1038.000000 6.000000 258.000000 0.000000
0.34168899 1.87638605 -1.02078998 298.000000 1.000000 417.000000 0.000000
0.19151500 1.84287596 -1.04645801 515.000000 4.000000 375.000000 0.000000
0.20272700 1.84081101 -1.04594696 509.000000 4.000000 347.000000 0.000000
0.22170800 1.90701699 -1.08629203 1012.000000 9.000000 255.000000 0.000000
0.23319900 1.90391397 -1.08527005 1263.000000 12.000000 239.000000 0.000000
0.24487700 1.90244699 -1.08527005 1220.000000 12.000000 236.000000 0.000000
0.25846699 1.91539800 -1.09395194 1052.000000 10.000000 240.000000 0.000000
0.27518299 1.94954300 -1.11540103 545.000000 4.000000 282.000000 0.000000
0.30624801 1.84038997 -1.05411804 792.000000 7.000000 365.000000 0.000000
0.30743101 1.77914703 -1.01837003 1339.000000 11.000000 242.000000 0.000000
0.32910901 1.83818698 -1.05513895 625.000000 5.000000 353.000000 0.000000
0.22007500 2.04106808 -1.24099100 524.000000 3.000000 178.000000 0.000000
0.21852200 1.91703498 -1.16304004 817.000000 5.000000 203.000000 0.000000
0.22814900 1.89803004 -1.15182805 1044.000000 6.000000 195.000000 0.000000
0.23978999 1.89659405 -1.15182805 1295.000000 8.000000 169.000000 0.000000
0.25164700 1.89676297 -1.15289605 1107.000000 7.000000 193.000000 0.000000
0.26679000 1.92030597 -1.16891301 957.000000 6.000000 195.000000 0.000000
0.30688801 1.80203903 -1.09897101 1142.000000 7.000000 272.000000 0.000000
0.31823400 1.80178702 -1.10003901 1030.000000 6.000000 205.000000 0.000000
0.21737300 1.94022298 -1.24118197 700.000000 7.000000 287.000000 0.000000
0.22879399 1.93471599 -1.23841500 1039.000000 11.000000 299.000000 0.000000
0.24015599 1.92914200 -1.23564804 1309.000000 15.000000 306.000000 0.000000
0.25177699 1.92597997 -1.23454106 1626.000000 19.000000 291.000000 0.000000
0.26292300 1.91944599 -1.23122096 1195.000000 13.000000 271.000000 0.000000
0.27364999 1.91037297 -1.22624099 940.000000 10.000000 238.000000 0.000000
0.28585100 1.91195500 -1.22845399 896.000000 9.000000 253.000000 0.000000
0.30199799 1.93897998 -1.24782300 643.000000 6.000000 264.000000 0.000000
0.31349501 1.93462300 -1.24616301 656.000000 6.000000 230.000000 0.000000
0.32290500 1.91787195 -1.23620200 788.000000 8.000000 243.000000 0.000000
0.31444299 1.79847705 -1.15706694 1187.000000 11.000000 265.000000 0.000000
0.35227400 1.94656301 -1.25833702 815.000000 8.000000 251.000000 0.000000
0.14693201 1.74972403 -1.17998695 1444.000000 10.000000 226.000000 0.000000
0.15818401 1.75448799 -1.18401897 1342.000000 9.000000 246.000000 0.000000
0.17448100 1.81043696 -1.22433996 953.000000 6.000000 220.000000 0.000000
0.19088300 1.86055803 -1.26062799 1065.000000 6.000000 241.000000 0.000000
0.20416500 1.87641597 -1.27272403 1234.000000 9.000000 191.000000 0.000000
0.30876100 1.87035096 -1.27848399 880.000000 6.000000 223.000000 0.000000
0.31315699 1.82733595 -1.24910796 1172.000000 7.000000 259.000000 0.000000
0.32378900 1.82216203 -1.24680400 1073.000000 7.000000 200.000000 0.000000
0.34046099 1.84988201 -1.26811600 946.000000 6.000000 201.000000 0.000000
1.28395796 1.83850098 -0.86554700 373.000000 3.000000 423.000000 0.000000
1.29308105 1.82756102 -0.86403698 1036.000000 10.000000 340.000000 0.000000
1.29350901 1.80452096 -0.85648298 1140.000000 12.000000 359.000000 0.000000
1.29261899 1.78004396 -0.84817398 1206.000000 13.000000 367.000000 0.000000
1.29749703 1.76386297 -0.84402001 1205.000000 13.000000 321.000000 0.000000
1.30664003 1.75363803 -0.84288698 785.000000 8.000000 281.000000 0.000000
1.30124104 1.72412395 -0.83193398 1271.000000 13.000000 258.000000 0.000000
1.30450296 1.70652997 -0.82702398 1342.000000 14.000000 266.000000 0.000000
1.19992006 1.81769502 -0.90555799 899.000000 6.000000 318.000000 0.000000
1.23653305 1.84833896 -0.92564797 486.000000 3.000000 301.000000 0.000000
1.22933602 1.81344104 -0.91118300 755.000000 5.000000 337.000000 0.000000
1.28143597 1.86546898 -0.94292498 1274.000000 9.000000 372.000000 0.000000
1.28971696 1.85306299 -0.94051403 1377.000000 10.000000 424.000000 0.000000
1.31004202 1.85783195 -0.94734401 1161.000000 8.000000 445.000000 0.000000
1.29531205 1.81326306 -0.92765701 943.000000 6.000000 468.000000 0.000000
1.29889095 1.79489899 -0.92203200 978.000000 6.000000 468.000000 0.000000
1.25352800 1.71012104 -0.88024598 620.000000 4.000000 594.000000 0.000000
1.28488600 1.70850801 -0.88788003 477.000000 3.000000 533.000000 0.000000
1.27035403 1.66782701 -0.86979902 581.000000 3.000000 572.000000 0.000000
1.27944398 1.65855098 -0.86899602 752.000000 4.000000 611.000000 0.000000
1.29185402 1.65355396 -0.87060302 701.000000 4.000000 595.000000 0.000000
1.30026996 1.64344299 -0.86939698 673.000000 3.000000 594.000000 0.000000
1.25804496 1.83523500 -0.98779500 1137.000000 12.000000 495.000000 0.000000
1.26928198 1.82748103 -0.98779500 1033.000000 11.000000 411.000000 0.000000
1.22586298 1.74174297 -0.94338697 1107.000000 11.000000 354.000000 0.000000
1.22026396 1.71128404 -0.93027598 1066.000000 11.000000 337.000000 0.000000
1.22545004 1.69640899 -0.92604703 1175.000000 12.000000 340.000000 0.000000
1.22623003 1.67567503 -0.91843402 1278.000000 12.000000 322.000000 0.000000
1.27577198 1.72134101 -0.94930798 1056.000000 11.000000 302.000000 0.000000
1.31151700 1.68164206 -0.94465601 1536.000000 17.000000 270.000000 0.000000
1.19145799 1.73145604 -0.99757200 1226.000000 8.000000 394.000000 0.000000
1.25686395 1.80260706 -1.04536605 1079.000000 7.000000 427.000000 0.000000
1.27410102 1.80362594 -1.05072606 1220.000000 8.000000 423.000000 0.000000
1.28357995 1.79359305 -1.04938602 1083.000000 7.000000 430.000000 0.000000
1.24984002 1.70202196 -1.00248599 489.000000 3.000000 521.000000 0.000000
1.22284901 1.64409399 -0.97121900 965.000000 5.000000 540.000000 0.000000
1.22806394 1.63013101 -0.96719903 922.000000 5.000000 644.000000 0.000000
1.23967302 1.62469804 -0.96853900 882.000000 5.000000 664.000000 0.000000
1.25071394 1.61847603 -0.96943200 836.000000 5.000000 646.000000 0.000000
1.18623602 1.69701099 -1.04253495 1165.000000 12.000000 402.000000 0.000000
1.20885205 1.70703995 -1.05375397 983.000000 10.000000 378.000000 0.000000
1.29791999 1.80964994 -1.12527597 597.000000 6.000000 313.000000 0.000000
1.23644602 1.70138800 -1.05983102 887.000000 9.000000 303.000000 0.000000
1.25365603 1.70303798 -1.06590796 1079.000000 11.000000 287.000000 0.000000
1.26513600 1.69673300 -1.06684303 1141.000000 12.000000 282.000000 0.000000
1.24470699 1.64795995 -1.03972995 1284.000000 14.000000 268.000000 0.000000
1.24622405 1.62904000 -1.03225005 1271.000000 14.000000 239.000000 0.000000
1.26051605 1.62696195 -1.03599000 1261.000000 14.000000 203.000000 0.000000
1.28408098 1.63661301 -1.04767704 1492.000000 17.000000 230.000000 0.000000
1.29684198 1.63216901 -1.05001402 1470.000000 17.000000 167.000000 0.000000
1.21354699 1.90668404 -1.21954501 959.000000 7.000000 268.000000 0.000000
1.24401200 1.90258300 -1.22690594 1057.000000 8.000000 286.000000 0.000000
1.25421798 1.89273596 -1.22543395 1178.000000 9.000000 341.000000 0.000000
1.25851500 1.87415898 -1.21807206 1249.000000 10.000000 363.000000 0.000000
1.25919700 1.85055995 -1.20727599 963.000000 7.000000 368.000000 0.000000
1.22597694 1.77826798 -1.16310799 1074.000000 7.000000 410.000000 0.000000
1.24385595 1.78070700 -1.16997898 1214.000000 8.000000 466.000000 0.000000
1.22856295 1.73607504 -1.14445996 1094.000000 7.000000 439.000000 0.000000
1.21378505 1.69311500 -1.11992204 1046.000000 7.000000 503.000000 0.000000
1.21185195 1.66872299 -1.10814404 949.000000 6.000000 515.000000 0.000000
1.22413504 1.66406202 -1.11010695 894.000000 6.000000 544.000000 0.000000
1.24474394 1.67048597 -1.11992204 710.000000 4.000000 612.000000 0.000000
1.26127505 1.67115796 -1.12581098 772.000000 5.000000 590.000000 0.000000
1.26356101 1.65301001 -1.11845005 696.000000 4.000000 665.000000 0.000000
1.26940894 1.63971698 -1.11452401 640.000000 4.000000 629.000000 0.000000
1.16080701 1.69555700 -1.16647100 864.000000 9.000000 439.000000 0.000000
1.18584394 1.70962703 -1.18179095 777.000000 8.000000 353.000000 0.000000
1.23376906 1.75585902 -1.22060394 673.000000 7.000000 387.000000 0.000000
1.21817005 1.71107900 -1.19353700 830.000000 8.000000 327.000000 0.000000
1.22814405 1.70287395 -1.19302702 910.000000 9.000000 318.000000 0.000000
1.21480000 1.66262805 -1.16902399 1044.000000 11.000000 277.000000 0.000000
1.26424801 1.70843995 -1.20834696 650.000000 6.000000 282.000000 0.000000
1.22842598 1.63863802 -1.16238499 994.000000 10.000000 218.000000 0.000000
1.21253502 1.59677696 -1.13685000 1185.000000 13.000000 195.000000 0.000000
1.23380804 1.60432506 -1.14808595 1298.000000 14.000000 208.000000 0.000000
1.24310195 1.59604502 -1.14757502 1346.000000 15.000000 199.000000 0.000000
1.25021696 1.58500600 -1.14502096 1438.000000 16.000000 219.000000 0.000000
1.25991905 1.57730496 -1.14502096 1426.000000 16.000000 192.000000 0.000000
1.30138898 1.60905302 -1.17515194 1191.000000 13.000000 176.000000 0.000000
1.13752604 1.56369495 -1.16570902 728.000000 4.000000 498.000000 0.000000
2.26250505 1.88042498 -0.83083600 791.000000 12.000000 221.000000 0.000000
2.26660109 1.86041701 -0.82797903 1590.000000 26.000000 210.000000 0.000000
2.24391007 1.91162896 -0.91361898 470.000000 4.000000 150.000000 0.000000
2.25850892 1.90027201 -0.91485798 2258.000000 29.000000 165.000000 0.000000
2.26793098 1.88455606 -0.91392797 2581.000000 35.000000 162.000000 0.000000
2.27136397 1.86397398 -0.91052002 1792.000000 21.000000 141.000000 0.000000
2.29857302 1.81654704 -0.90773100 620.000000 6.000000 137.000000 0.000000
2.30142808 1.79597902 -0.90432298 1632.000000 18.000000 125.000000 0.000000
2.25816703 1.93164003 -0.99826002 572.000000 8.000000 175.000000 0.000000
2.25414300 1.90433395 -0.99095601 1342.000000 23.000000 203.000000 0.000000
2.26723194 1.89167702 -0.99162000 779.000000 12.000000 179.000000 0.000000
2.27952409 1.87833095 -0.99195200 720.000000 11.000000 163.000000 0.000000
2.26981211 1.84701300 -0.98232400 527.000000 8.000000 199.000000 0.000000
2.32715893 1.82357097 -0.99294800 701.000000 10.000000 192.000000 0.000000
2.32041788 1.79538000 -0.98497999 238.000000 3.000000 171.000000 0.000000
2.24472404 1.93553102 -1.08094096 1858.000000 22.000000 197.000000 0.000000
2.26011610 1.92474902 -1.08272195 2250.000000 29.000000 179.000000 0.000000
2.27045298 1.90964198 -1.08200896 2081.000000 26.000000 167.000000 0.000000
2.27206111 1.88732004 -1.07702398 1229.000000 13.000000 250.000000 0.000000
2.31006503 1.84809697 -1.07880497 777.000000 7.000000 89.000000 0.000000
2.31109190 1.82578301 -1.07381904 1398.000000 15.000000 265.000000 0.000000
2.29163790 2.04462790 -1.20357001 754.000000 12.000000 132.000000 0.000000
2.26389599 1.99496698 -1.18166494 880.000000 14.000000 164.000000 0.000000
2.25935197 1.96642601 -1.17260098 1293.000000 22.000000 158.000000 0.000000
2.26856995 1.95010805 -1.17109001 1455.000000 25.000000 183.000000 0.000000
2.27978802 1.93555105 -1.17071199 1328.000000 22.000000 212.000000 0.000000
2.28524303 1.91616297 -1.16731298 1017.000000 16.000000 195.000000 0.000000
2.35608196 1.95120394 -1.19866002 805.000000 13.000000 199.000000 0.000000
2.32651806 1.85545504 -1.16466904 814.000000 12.000000 218.000000 0.000000
2.25849795 1.96961403 -1.26475704 1767.000000 22.000000 179.000000 0.000000
2.26845908 1.95392704 -1.26355100 1666.000000 21.000000 216.000000 0.000000
