1.63979697 3.21730804 -0.57378697 846.000000 11.000000 5609.000000 0.000000
1.65950704 3.20718598 -0.57378697 1590.000000 24.000000 4781.000000 0.000000
1.68465900 3.20741296 -0.57580698 1586.000000 24.000000 5150.000000 0.000000
1.74746203 3.27789688 -0.59146100 1565.000000 24.000000 5661.000000 0.000000
1.70840299 3.15789294 -0.57025301 904.000000 12.000000 5089.000000 0.000000
1.71303296 3.12056994 -0.56503499 857.000000 11.000000 5441.000000 0.000000
1.65941203 3.13083100 -0.64790702 1095.000000 21.000000 8512.000000 0.000000
1.75561404 3.26416206 -0.67969501 1367.000000 27.000000 7429.000000 0.000000
1.63060498 3.15004301 -0.73958701 1462.000000 21.000000 5371.000000 0.000000
1.65353894 3.14689302 -0.74131399 1407.000000 20.000000 6492.000000 0.000000
1.67833495 3.14702511 -0.74390298 1446.000000 22.000000 7379.000000 0.000000
1.76458502 3.26030207 -0.77497202 1049.000000 15.000000 8431.000000 0.000000
2.66202903 3.37431002 -0.90550500 647.000000 9.000000 3558.000000 0.000000
2.68878102 3.36554003 -0.90766299 501.000000 7.000000 7936.000000 0.000000
2.68971992 3.32469296 -0.90075898 1382.000000 21.000000 6700.000000 0.000000
1.64992499 3.21858501 -0.84426200 916.000000 17.000000 7310.000000 0.000000
1.66427505 3.19805789 -0.84139800 1499.000000 30.000000 7258.000000 0.000000
1.70423496 3.22644806 -0.85213900 1099.000000 21.000000 8385.000000 0.000000
1.73681998 3.23990893 -0.85882300 1233.000000 24.000000 6976.000000 0.000000
1.75852001 3.23260498 -0.85977799 1906.000000 41.000000 7579.000000 0.000000
1.77504301 3.21579909 -0.85810697 1454.000000 29.000000 8300.000000 0.000000
1.84257197 3.29047489 -0.88221598 1120.000000 21.000000 8657.000000 0.000000
1.86655700 3.28586602 -0.88412601 790.000000 15.000000 10604.000000 0.000000
2.66890502 3.36963892 -1.01183200 1314.000000 24.000000 5404.000000 0.000000
2.69074392 3.35471606 -1.01230896 629.000000 11.000000 9811.000000 0.000000
2.78894305 3.43394494 -1.04262400 749.000000 13.000000 7420.000000 0.000000
2.80194998 3.40701008 -1.03952098 1788.000000 35.000000 6709.000000 0.000000
2.83645892 3.40618300 -1.04477298 1656.000000 32.000000 6621.000000 0.000000
1.64050102 3.21593595 -0.93867201 1207.000000 17.000000 6180.000000 0.000000
1.66064703 3.20666599 -0.93893498 1449.000000 22.000000 5259.000000 0.000000
1.68433404 3.20410109 -0.94130301 1026.000000 14.000000 7636.000000 0.000000
1.74926901 3.23069096 -0.95603198 1101.000000 16.000000 6543.000000 0.000000
1.76627004 3.21482491 -0.95445400 2117.000000 36.000000 6171.000000 0.000000
1.79442298 3.21909189 -0.95918900 1726.000000 27.000000 7026.000000 0.000000
1.87639403 3.31801391 -0.99364603 904.000000 13.000000 7789.000000 0.000000
2.63897991 3.38642597 -1.12489903 589.000000 8.000000 5798.000000 0.000000
2.65791512 3.36789799 -1.12410998 1204.000000 18.000000 4265.000000 0.000000
2.79837394 3.41464210 -1.15804100 932.000000 13.000000 4277.000000 0.000000
2.83159995 3.41225290 -1.16330099 1479.000000 23.000000 5153.000000 0.000000
2.86055493 3.40441394 -1.16672099 839.000000 12.000000 5761.000000 0.000000
2.96587110 3.40061402 -1.18460703 165.000000 2.000000 3884.000000 0.000000
1.64348400 3.21836209 -1.03110301 709.000000 13.000000 7294.000000 0.000000
1.66100001 3.20396090 -1.02967501 1158.000000 22.000000 6902.000000 0.000000
1.68463504 3.20134592 -1.03224599 944.000000 18.000000 8354.000000 0.000000
1.76954603 3.21768808 -1.04852998 1526.000000 31.000000 7394.000000 0.000000
1.78646004 3.20174503 -1.04681599 1935.000000 42.000000 8049.000000 0.000000
1.81078398 3.19906807 -1.04967296 1037.000000 20.000000 8330.000000 0.000000
2.72034597 3.53418899 -1.28336596 939.000000 16.000000 6847.000000 0.000000
2.68724895 3.44709206 -1.25679696 961.000000 17.000000 5502.000000 0.000000
2.64903688 3.35526705 -1.22822797 1134.000000 20.000000 5255.000000 0.000000
2.72217488 3.40486598 -1.25336897 884.000000 15.000000 5576.000000 0.000000
2.78397393 3.43878508 -1.27279603 892.000000 15.000000 5324.000000 0.000000
2.81291103 3.43127990 -1.27651000 1138.000000 20.000000 5341.000000 0.000000
2.82412910 3.40214896 -1.27193904 1084.000000 19.000000 4895.000000 0.000000
2.84433603 3.38402200 -1.27165306 907.000000 15.000000 5576.000000 0.000000
1.64991701 3.22747302 -1.13423002 1140.000000 16.000000 5212.000000 0.000000
1.66749704 3.21306896 -1.13268006 1366.000000 20.000000 5301.000000 0.000000
1.68984199 3.20782399 -1.13453901 1265.000000 18.000000 5167.000000 0.000000
1.73102605 3.23763299 -1.14941204 530.000000 7.000000 5187.000000 0.000000
1.73996902 3.20689797 -1.14197600 1306.000000 20.000000 4560.000000 0.000000
1.75273097 3.18367004 -1.13732803 1824.000000 29.000000 5109.000000 0.000000
1.77687204 3.18115497 -1.14042604 1671.000000 26.000000 5634.000000 0.000000
1.81840205 3.20906305 -1.15498900 854.000000 12.000000 5406.000000 0.000000
1.84754097 3.21432900 -1.16118598 618.000000 8.000000 4854.000000 0.000000
1.86387503 3.19718289 -1.15901697 461.000000 6.000000 4959.000000 0.000000
1.70442998 3.35384202 -1.27647305 824.000000 15.000000 6835.000000 0.000000
1.65635204 3.20995998 -1.22368503 1054.000000 20.000000 5851.000000 0.000000
1.67820096 3.20391703 -1.22534502 1103.000000 21.000000 6188.000000 0.000000
1.70799100 3.21272802 -1.23298097 951.000000 17.000000 5866.000000 0.000000
1.72856605 3.20384789 -1.23364496 1085.000000 20.000000 5411.000000 0.000000
1.74638295 3.18987012 -1.23231697 1298.000000 25.000000 5764.000000 0.000000
1.76775205 3.18239498 -1.23364496 1251.000000 24.000000 6358.000000 0.000000
1.81312799 3.21753693 -1.25223696 866.000000 16.000000 6437.000000 0.000000
1.87582004 3.28173995 -1.28278100 940.000000 17.000000 6776.000000 0.000000
1.90819895 3.29139900 -1.29141200 769.000000 14.000000 6178.000000 0.000000
1.92788100 3.27881503 -1.29108000 1214.000000 23.000000 7569.000000 0.000000
1.95230401 3.27421999 -1.29406798 1168.000000 22.000000 7772.000000 0.000000
2.20041299 -0.25780100 -0.79571599 1659.000000 13.000000 5528.000000 0.000000
2.30673909 -0.23212300 -0.89651698 1793.000000 25.000000 7568.000000 0.000000
2.29421997 -0.24511200 -0.89198500 1922.000000 23.000000 7235.000000 0.000000
2.20432806 -0.24935800 -0.85572797 1342.000000 15.000000 6189.000000 0.000000
2.21011400 -0.26374301 -0.85874897 1413.000000 16.000000 5807.000000 0.000000
2.18180490 -0.27400300 -0.84779698 1367.000000 15.000000 5716.000000 0.000000
2.17090011 -0.28619200 -0.84402001 1263.000000 14.000000 5177.000000 0.000000
2.13882589 -0.29538500 -0.83155602 986.000000 10.000000 5318.000000 0.000000
2.17547488 -0.31398600 -0.84741902 247.000000 2.000000 6375.000000 0.000000
2.30319691 -0.22821601 -0.96542501 1697.000000 16.000000 7311.000000 0.000000
2.33089399 -0.24542899 -0.97828197 2244.000000 23.000000 7108.000000 0.000000
2.30022311 -0.25646299 -0.96542501 1650.000000 15.000000 6798.000000 0.000000
2.18038607 -0.25658500 -0.91319197 1507.000000 11.000000 6188.000000 0.000000
2.15514398 -0.26701701 -0.90274602 1208.000000 9.000000 5663.000000 0.000000
2.17071700 -0.28249100 -0.91038001 1420.000000 11.000000 6288.000000 0.000000
2.16531396 -0.29530799 -0.90877301 810.000000 5.000000 5762.000000 0.000000
2.15601492 -0.25173700 -0.96241897 1149.000000 12.000000 5529.000000 0.000000
2.15352988 -0.26485300 -0.96199602 1205.000000 13.000000 4854.000000 0.000000
2.14737010 -0.27748999 -0.95988202 751.000000 7.000000 4712.000000 0.000000
2.18155503 -0.29545701 -0.97679901 462.000000 4.000000 5741.000000 0.000000
2.33919811 -0.19042499 -1.11995900 1738.000000 17.000000 7436.000000 0.000000
2.33531094 -0.20453900 -1.11861897 1742.000000 17.000000 8546.000000 0.000000
2.30506396 -0.21831100 -1.17202306 1055.000000 13.000000 4246.000000 0.000000
2.29752302 -0.23184100 -1.16875100 982.000000 12.000000 4129.000000 0.000000
2.21605396 -0.23751500 -1.12621105 953.000000 12.000000 5126.000000 0.000000
2.17326188 -0.24650601 -1.10423994 1088.000000 12.000000 5626.000000 0.000000
2.16468501 -0.25900999 -1.10049999 989.000000 10.000000 5171.000000 0.000000
2.32248807 -0.13378499 -1.25684202 1486.000000 14.000000 6162.000000 0.000000
2.31814504 -0.14781000 -1.25487900 1437.000000 13.000000 7082.000000 0.000000
2.31980205 -0.16221499 -1.25635099 1756.000000 17.000000 6294.000000 0.000000
2.32136893 -0.17664500 -1.25782299 1652.000000 16.000000 7225.000000 0.000000
2.32371497 -0.19117400 -1.25978601 1625.000000 15.000000 6166.000000 0.000000
2.32423401 -0.20558301 -1.26076806 1691.000000 16.000000 5367.000000 0.000000
2.32639790 -0.22017001 -1.26273096 1137.000000 10.000000 5660.000000 0.000000
2.23485088 -0.22529501 -1.21169305 833.000000 7.000000 5434.000000 0.000000
2.17711711 -0.23294200 -1.17979395 1095.000000 9.000000 5673.000000 0.000000
2.16266203 -0.24481800 -1.17243302 1282.000000 11.000000 5948.000000 0.000000
2.15333295 -0.25714800 -1.16801596 1152.000000 8.000000 5806.000000 0.000000
2.20213008 -0.22798900 -1.26094902 797.000000 10.000000 4430.000000 0.000000
2.15281892 -0.23634000 -1.23234999 520.000000 6.000000 3672.000000 0.000000
2.14705801 -0.24905799 -1.22979701 372.000000 4.000000 3508.000000 0.000000
