-0.04886700 2.50569296 -0.50958902 815.000000 6.000000 3878.000000 0.000000
-0.03278900 2.45127010 -0.49750701 2485.000000 25.000000 2692.000000 0.000000
-0.01760400 2.42994308 -0.49276000 2685.000000 24.000000 2414.000000 0.000000
-0.00269000 2.42317009 -0.49125001 2624.000000 23.000000 2419.000000 0.000000
0.01211300 2.41142392 -0.48866099 2707.000000 25.000000 3954.000000 0.000000
0.02646400 2.37322497 -0.48024601 3514.000000 41.000000 4121.000000 0.000000
0.04104200 2.37399507 -0.48046201 3609.000000 43.000000 4059.000000 0.000000
0.05558500 2.37272191 -0.48024601 2982.000000 29.000000 3809.000000 0.000000
0.07005400 2.36940789 -0.47959900 1159.000000 8.000000 3429.000000 0.000000
-0.04070500 2.44439507 -0.55614799 1462.000000 19.000000 3139.000000 0.000000
-0.02544600 2.42323709 -0.55089599 2003.000000 28.000000 3186.000000 0.000000
-0.01064700 2.43499994 -0.55376101 1847.000000 25.000000 3184.000000 0.000000
0.00428800 2.39131999 -0.54301900 1985.000000 24.000000 5195.000000 0.000000
0.01874800 2.35726094 -0.53466398 2691.000000 38.000000 4879.000000 0.000000
0.03320000 2.35613108 -0.53442597 2781.000000 40.000000 4615.000000 0.000000
0.04787200 2.36753392 -0.53728998 2174.000000 27.000000 3962.000000 0.000000
0.06199100 2.35069203 -0.53323197 703.000000 7.000000 3468.000000 0.000000
-0.04680700 2.41919208 -0.61409199 900.000000 7.000000 3848.000000 0.000000
-0.03187700 2.41268110 -0.61225098 2010.000000 18.000000 2387.000000 0.000000
-0.01714200 2.42344403 -0.61514401 2201.000000 20.000000 2303.000000 0.000000
-0.00226000 2.39359498 -0.60698998 1957.000000 15.000000 3766.000000 0.000000
0.01215600 2.34629011 -0.59410203 3060.000000 31.000000 3900.000000 0.000000
0.02659800 2.35002995 -0.59515399 2821.000000 27.000000 3238.000000 0.000000
0.04087800 2.34210491 -0.59304899 2482.000000 22.000000 3395.000000 0.000000
0.05569000 2.36013603 -0.59804702 1061.000000 7.000000 4256.000000 0.000000
-0.07082700 2.32944012 -0.64856702 296.000000 3.000000 5405.000000 0.000000
-0.04411900 2.42498899 -0.67685002 990.000000 12.000000 4514.000000 0.000000
-0.02918600 2.42138100 -0.67570698 1683.000000 22.000000 2950.000000 0.000000
-0.01432100 2.42055702 -0.67542100 1789.000000 24.000000 3140.000000 0.000000
0.00059100 2.37939095 -0.66313702 1929.000000 23.000000 5085.000000 0.000000
0.01506000 2.35155201 -0.65485197 2848.000000 42.000000 4647.000000 0.000000
0.02948900 2.35141492 -0.65485197 2524.000000 35.000000 4151.000000 0.000000
0.04412800 2.36364603 -0.65856600 2076.000000 26.000000 4002.000000 0.000000
0.05851900 2.35854006 -0.65713698 825.000000 8.000000 5281.000000 0.000000
-0.04438700 2.40067601 -0.73545700 1213.000000 9.000000 3379.000000 0.000000
-0.02970100 2.40470600 -0.73669600 2194.000000 20.000000 2461.000000 0.000000
-0.01482700 2.38392591 -0.72987902 1976.000000 18.000000 2742.000000 0.000000
-0.00021100 2.35925198 -0.72182298 2238.000000 19.000000 4710.000000 0.000000
0.01418900 2.34780002 -0.71810502 3245.000000 35.000000 3999.000000 0.000000
0.02852200 2.34196401 -0.71624601 2937.000000 29.000000 3708.000000 0.000000
0.04289200 2.34174490 -0.71624601 2518.000000 22.000000 3445.000000 0.000000
0.05745000 2.34904194 -0.71872503 906.000000 6.000000 4538.000000 0.000000
-0.07356700 2.27995706 -0.75523800 394.000000 3.000000 4055.000000 0.000000
-0.04837500 2.40894389 -0.80039001 705.000000 8.000000 3952.000000 0.000000
-0.03349000 2.40259290 -0.79806602 1496.000000 19.000000 2872.000000 0.000000
-0.01869400 2.39709401 -0.79607397 1440.000000 18.000000 3004.000000 0.000000
-0.00392800 2.38018489 -0.79009801 1692.000000 23.000000 4832.000000 0.000000
0.01054600 2.33299994 -0.77349800 2435.000000 33.000000 4230.000000 0.000000
0.02486900 2.33383489 -0.77383000 2498.000000 34.000000 4211.000000 0.000000
0.03920300 2.33458209 -0.77416199 2003.000000 25.000000 3940.000000 0.000000
0.05336700 2.32675290 -0.77150601 1229.000000 13.000000 4337.000000 0.000000
-0.04381300 2.39167500 -0.86301702 1303.000000 10.000000 3047.000000 0.000000
-0.02897400 2.37788200 -0.85767502 1888.000000 17.000000 2448.000000 0.000000
-0.01430100 2.36306405 -0.85197800 1946.000000 18.000000 4242.000000 0.000000
0.00016400 2.30984402 -0.83168101 2499.000000 22.000000 4062.000000 0.000000
0.01441300 2.32101202 -0.83595401 3297.000000 36.000000 4083.000000 0.000000
0.02852100 2.31060195 -0.83203697 2808.000000 27.000000 3362.000000 0.000000
0.04275100 2.31318688 -0.83310503 1870.000000 14.000000 2418.000000 0.000000
0.05680300 2.30727601 -0.83096898 697.000000 4.000000 4332.000000 0.000000
-0.03879000 2.37455297 -0.91955602 1353.000000 17.000000 3054.000000 0.000000
-0.02410900 2.36548805 -0.91577899 1431.000000 18.000000 4162.000000 0.000000
-0.00925000 2.30633211 -0.89160699 1924.000000 24.000000 4140.000000 0.000000
0.00490200 2.30819702 -0.89236301 2627.000000 37.000000 4230.000000 0.000000
0.01904100 2.30441999 -0.89085197 2491.000000 34.000000 3703.000000 0.000000
0.03326200 2.31074095 -0.89349598 1777.000000 24.000000 3538.000000 0.000000
0.04742300 2.30956793 -0.89311802 698.000000 8.000000 2781.000000 0.000000
-0.04142700 2.32509589 -0.97024602 1217.000000 10.000000 4298.000000 0.000000
-0.02692600 2.30424595 -0.96100497 2091.000000 20.000000 4021.000000 0.000000
-0.01279600 2.30619907 -0.96180898 2021.000000 19.000000 3435.000000 0.000000
0.00133600 2.29066706 -0.95497799 2494.000000 25.000000 3370.000000 0.000000
0.01544500 2.29794097 -0.95819199 2187.000000 21.000000 3191.000000 0.000000
0.02948300 2.29322505 -0.95618403 1596.000000 13.000000 2940.000000 0.000000
0.04398400 2.31497407 -0.96582699 1202.000000 9.000000 2595.000000 0.000000
-0.08805500 2.35840607 -1.05081201 785.000000 9.000000 3114.000000 0.000000
-0.07137200 2.29188204 -1.01951504 1278.000000 16.000000 3323.000000 0.000000
-0.05723500 2.28956008 -1.01824701 1123.000000 14.000000 2514.000000 0.000000
-0.04313000 2.28714991 -1.01697803 1197.000000 15.000000 2497.000000 0.000000
-0.02905500 2.28465295 -1.01570904 1354.000000 17.000000 2561.000000 0.000000
-0.01502100 2.28297591 -1.01486301 1269.000000 16.000000 2465.000000 0.000000
-0.00104200 2.29571199 -1.02078402 1847.000000 26.000000 3430.000000 0.000000
0.01302300 2.29023790 -1.01824701 1290.000000 16.000000 2974.000000 0.000000
0.05745600 2.39198089 -1.06603801 627.000000 7.000000 2548.000000 0.000000
-0.09500800 2.28770304 -1.09137201 1261.000000 10.000000 2362.000000 0.000000
-0.08031600 2.26946592 -1.08199203 1932.000000 18.000000 2731.000000 0.000000
-0.06638900 2.26991606 -1.08199203 1961.000000 18.000000 2231.000000 0.000000
-0.05240000 2.26759696 -1.08065200 1740.000000 15.000000 2087.000000 0.000000
-0.03850000 2.26876998 -1.08109903 1721.000000 15.000000 2193.000000 0.000000
-0.02466100 2.27701592 -1.08511901 1575.000000 13.000000 1926.000000 0.000000
-0.01070300 2.28070307 -1.08690596 1898.000000 17.000000 2178.000000 0.000000
0.00328000 2.27535701 -1.08422601 1606.000000 14.000000 2032.000000 0.000000
0.01742500 2.29766107 -1.09539199 1332.000000 11.000000 1976.000000 0.000000
1.86454594 2.65390611 -0.51100498 1914.000000 24.000000 3532.000000 0.000000
1.86706901 2.62314701 -0.50696498 2502.000000 36.000000 2987.000000 0.000000
1.86582398 2.58766198 -0.50191599 2098.000000 26.000000 4009.000000 0.000000
1.86654103 2.55547500 -0.49754000 2432.000000 32.000000 3745.000000 0.000000
1.87690604 2.53684402 -0.49602500 2030.000000 25.000000 3050.000000 0.000000
1.89539397 2.52922297 -0.49686599 429.000000 4.000000 2653.000000 0.000000
1.85332298 2.65056491 -0.58758599 615.000000 10.000000 3867.000000 0.000000
1.85595906 2.61990499 -0.58298999 1667.000000 32.000000 3789.000000 0.000000
1.86400104 2.59729409 -0.58030897 1637.000000 29.000000 5242.000000 0.000000
1.85916102 2.55720305 -0.57341498 2042.000000 39.000000 4566.000000 0.000000
1.87133002 2.54100108 -0.57226700 1492.000000 26.000000 4099.000000 0.000000
1.85094404 2.63359308 -0.66709298 1491.000000 18.000000 3178.000000 0.000000
1.85743499 2.60866809 -0.66342503 1917.000000 25.000000 3077.000000 0.000000
1.85397303 2.57030511 -0.65608901 2529.000000 34.000000 4011.000000 0.000000
1.86970901 2.55888009 -0.65608901 2635.000000 37.000000 3711.000000 0.000000
1.89409399 2.55912900 -0.65932500 1567.000000 18.000000 3714.000000 0.000000
1.85862100 2.63140297 -0.74711001 1129.000000 20.000000 3470.000000 0.000000
1.86288595 2.60334992 -0.74209702 1477.000000 27.000000 3163.000000 0.000000
1.87142801 2.58164001 -0.73899400 1479.000000 27.000000 4615.000000 0.000000
1.87460995 2.55287290 -0.73374301 1878.000000 37.000000 4336.000000 0.000000
1.88850296 2.53898311 -0.73302698 1576.000000 28.000000 4052.000000 0.000000
1.92446399 2.55451989 -0.74138099 430.000000 7.000000 5215.000000 0.000000
1.99463499 2.48518801 -0.73851699 242.000000 4.000000 4484.000000 0.000000
1.84056997 2.61788297 -0.82688397 1129.000000 13.000000 3451.000000 0.000000
1.86331904 2.61596799 -0.83004099 2124.000000 28.000000 2793.000000 0.000000
1.87764096 2.60213900 -0.82925099 2011.000000 26.000000 3302.000000 0.000000
1.87591195 2.56643009 -0.82109702 2405.000000 34.000000 3806.000000 0.000000
1.89392197 2.55797195 -0.82214999 1981.000000 26.000000 2601.000000 0.000000
1.90436900 2.53935909 -0.81978202 1073.000000 12.000000 3565.000000 0.000000
1.85295296 2.63206291 -0.91339999 756.000000 12.000000 4308.000000 0.000000
1.86184704 2.61049199 -0.90968603 1476.000000 27.000000 3408.000000 0.000000
1.87670898 2.59746408 -0.90911502 1541.000000 29.000000 2934.000000 0.000000
1.89148104 2.58435202 -0.90854299 1254.000000 22.000000 3170.000000 0.000000
1.89704704 2.55882812 -0.90340102 1451.000000 27.000000 3612.000000 0.000000
1.91443598 2.54943991 -0.90425801 1828.000000 36.000000 4060.000000 0.000000
1.92656696 2.53306508 -0.90254402 1332.000000 24.000000 3791.000000 0.000000
1.84752798 2.62294793 -0.99851602 1087.000000 12.000000 2993.000000 0.000000
1.86137700 2.60846710 -0.99727702 1972.000000 26.000000 2726.000000 0.000000
1.87567496 2.59468603 -0.99634802 1928.000000 25.000000 3213.000000 0.000000
1.86570597 2.54785299 -0.98209500 2322.000000 33.000000 4308.000000 0.000000
1.88640499 2.54322696 -0.98488301 2624.000000 40.000000 3762.000000 0.000000
1.89797497 2.52628493 -0.98271400 2156.000000 29.000000 2855.000000 0.000000
1.91862500 2.52139902 -0.98550302 2118.000000 29.000000 3375.000000 0.000000
1.94102800 2.51861405 -0.98922098 2007.000000 26.000000 3495.000000 0.000000
1.96464002 2.51714611 -0.99355900 845.000000 9.000000 2648.000000 0.000000
2.01782799 2.48941708 -0.99727702 340.000000 3.000000 1677.000000 0.000000
1.86837006 2.63025999 -1.08789897 1264.000000 23.000000 3180.000000 0.000000
1.87732399 2.60878396 -1.08358300 1288.000000 23.000000 2667.000000 0.000000
1.87443602 2.57127595 -1.07229495 1144.000000 20.000000 3142.000000 0.000000
1.86836302 2.53010392 -1.05934703 1432.000000 27.000000 3670.000000 0.000000
1.87990403 2.51329994 -1.05702305 1322.000000 24.000000 2800.000000 0.000000
1.89017200 2.49494410 -1.05403495 1007.000000 17.000000 2655.000000 0.000000
1.90888500 2.48779392 -1.05602705 1051.000000 18.000000 2681.000000 0.000000
1.93046999 2.48423600 -1.05967903 988.000000 17.000000 2906.000000 0.000000
-1.61456597 -1.85408294 -0.13865399 1240.000000 8.000000 3183.000000 0.000000
-1.64571202 -1.86657500 -0.14083000 1435.000000 11.000000 2826.000000 0.000000
-1.64118397 -1.83859301 -0.13908900 1872.000000 14.000000 2773.000000 0.000000
-1.65310395 -1.82922697 -0.13916200 2025.000000 16.000000 2402.000000 0.000000
-1.67440104 -1.83008206 -0.14025000 2265.000000 18.000000 2605.000000 0.000000
-1.71475899 -1.85122204 -0.14336900 1783.000000 15.000000 2426.000000 0.000000
-1.79776001 -1.91701806 -0.15098600 1858.000000 16.000000 3285.000000 0.000000
-1.68740797 -1.71323705 -0.13473700 1637.000000 12.000000 3074.000000 0.000000
-1.73100400 -1.73602796 -0.13814600 1388.000000 9.000000 2907.000000 0.000000
-1.75154901 -1.73519599 -0.13916200 302.000000 1.000000 2644.000000 0.000000
-1.65526402 -1.90032804 -0.20232300 878.000000 10.000000 4122.000000 0.000000
-1.66163599 -1.88415599 -0.20155500 1908.000000 26.000000 3381.000000 0.000000
-1.66720903 -1.86723304 -0.20069000 2101.000000 30.000000 3793.000000 0.000000
-1.68330002 -1.86214399 -0.20136200 1638.000000 21.000000 3071.000000 0.000000
-1.68395996 -1.84001505 -0.19982600 1500.000000 19.000000 3081.000000 0.000000
-1.70062101 -1.83549702 -0.20059399 1008.000000 12.000000 4078.000000 0.000000
-1.69222498 -1.78196096 -0.19627300 1272.000000 13.000000 4078.000000 0.000000
-1.69210696 -1.76004601 -0.19473700 1969.000000 24.000000 3304.000000 0.000000
-1.70287502 -1.74962997 -0.19473700 1999.000000 24.000000 3497.000000 0.000000
-1.71148598 -1.73701799 -0.19444899 1755.000000 20.000000 3718.000000 0.000000
-1.72562099 -1.73001301 -0.19492900 533.000000 5.000000 5643.000000 0.000000
-1.67782605 -1.90229797 -0.26681101 2599.000000 26.000000 3186.000000 0.000000
-1.69078898 -1.89344704 -0.26705199 3211.000000 38.000000 3198.000000 0.000000
-1.70237601 -1.88303697 -0.26705199 3219.000000 38.000000 2976.000000 0.000000
-1.71792102 -1.87694800 -0.26777601 2163.000000 20.000000 3143.000000 0.000000
-1.74088204 -1.87874401 -0.26982701 474.000000 3.000000 4112.000000 0.000000
-1.67219102 -1.78263700 -0.25558999 1091.000000 7.000000 3515.000000 0.000000
-1.68515003 -1.77450097 -0.25595200 2500.000000 22.000000 2493.000000 0.000000
-1.69944799 -1.76770401 -0.25655499 2759.000000 25.000000 2512.000000 0.000000
-1.70472002 -1.75155497 -0.25558999 2564.000000 22.000000 2826.000000 0.000000
-1.71752703 -1.74318194 -0.25595200 1263.000000 8.000000 3716.000000 0.000000
-1.67370701 -1.90053499 -0.32554901 1029.000000 12.000000 4872.000000 0.000000
-1.68796599 -1.89318800 -0.32612401 2067.000000 29.000000 4043.000000 0.000000
-1.70153701 -1.88500202 -0.32655501 2488.000000 39.000000 3637.000000 0.000000
-1.70374000 -1.86428499 -0.32454300 2202.000000 32.000000 3734.000000 0.000000
-1.73259199 -1.87270904 -0.32827899 941.000000 11.000000 4818.000000 0.000000
-1.71163094 -1.82732403 -0.32138300 794.000000 9.000000 4889.000000 0.000000
-1.69085896 -1.78298700 -0.31463000 1762.000000 20.000000 3370.000000 0.000000
-1.69971502 -1.77043295 -0.31419900 2032.000000 25.000000 3191.000000 0.000000
-1.71054602 -1.75997102 -0.31419900 1817.000000 21.000000 3289.000000 0.000000
-1.71576905 -1.74379003 -0.31305000 851.000000 8.000000 4500.000000 0.000000
-1.68379402 -1.90905702 -0.39183599 1878.000000 16.000000 3177.000000 0.000000
-1.70204496 -1.90603900 -0.39351901 3153.000000 37.000000 2979.000000 0.000000
-1.71238506 -1.89409804 -0.39318299 3193.000000 38.000000 2802.000000 0.000000
-1.71931398 -1.87846804 -0.39200500 2418.000000 23.000000 3085.000000 0.000000
-1.72678494 -1.86354601 -0.39099500 821.000000 6.000000 4126.000000 0.000000
-1.68757904 -1.79902303 -0.37837100 2133.000000 19.000000 2681.000000 0.000000
-1.68839800 -1.77791798 -0.37584600 2597.000000 23.000000 2453.000000 0.000000
-1.69790900 -1.76610506 -0.37550899 2655.000000 24.000000 2558.000000 0.000000
-1.71077704 -1.75777102 -0.37601399 1971.000000 15.000000 2923.000000 0.000000
-1.70357800 -1.91474998 -0.45660400 1579.000000 20.000000 3649.000000 0.000000
-1.70939195 -1.89768803 -0.45488000 2296.000000 34.000000 3539.000000 0.000000
-1.72166502 -1.88788998 -0.45507199 2371.000000 36.000000 3785.000000 0.000000
-1.72723401 -1.87079096 -0.45334899 1422.000000 18.000000 4116.000000 0.000000
-1.72797501 -1.84866905 -0.45028499 1306.000000 16.000000 3486.000000 0.000000
-1.68136501 -1.77663100 -0.43381599 1756.000000 20.000000 3068.000000 0.000000
-1.69155598 -1.76557100 -0.43362501 1755.000000 20.000000 2864.000000 0.000000
-1.70508695 -1.75798094 -0.43439099 1605.000000 21.000000 3268.000000 0.000000
-1.71309495 -1.74468005 -0.43362501 563.000000 5.000000 4329.000000 0.000000
-1.69104195 -1.91659999 -0.52059299 1797.000000 15.000000 3209.000000 0.000000
-1.70667505 -1.91055501 -0.52188802 2886.000000 32.000000 2893.000000 0.000000
-1.71246803 -1.89353204 -0.51994598 3139.000000 37.000000 2821.000000 0.000000
-1.73197103 -1.89162695 -0.52253503 2775.000000 29.000000 3194.000000 0.000000
-1.69041204 -1.82370198 -0.50527400 1883.000000 16.000000 2736.000000 0.000000
-1.67817104 -1.78838599 -0.49772301 2131.000000 19.000000 2138.000000 0.000000
-1.68440294 -1.77310300 -0.49621201 2335.000000 22.000000 2091.000000 0.000000
-1.69525099 -1.76273406 -0.49621201 2219.000000 21.000000 2405.000000 0.000000
-1.71489501 -1.76138902 -0.49901700 792.000000 6.000000 3531.000000 0.000000
-1.71142995 -1.92897201 -0.58908898 1146.000000 14.000000 3707.000000 0.000000
-1.70833397 -1.90179598 -0.58359802 2069.000000 29.000000 3596.000000 0.000000
-1.71997094 -1.89127803 -0.58359802 2442.000000 38.000000 3524.000000 0.000000
-1.71643996 -1.86423397 -0.57810801 2034.000000 29.000000 3693.000000 0.000000
-1.69942296 -1.82307696 -0.56784397 1641.000000 21.000000 2973.000000 0.000000
-1.69460797 -1.79563999 -0.56211501 1804.000000 24.000000 2793.000000 0.000000
-1.70425498 -1.78380096 -0.56163800 1786.000000 24.000000 2920.000000 0.000000
-1.71516800 -1.77331102 -0.56163800 1339.000000 17.000000 3311.000000 0.000000
-1.76400006 -1.80166996 -0.57500499 406.000000 4.000000 3768.000000 0.000000
-1.71353996 -1.94139600 -0.66038501 675.000000 5.000000 2971.000000 0.000000
-1.68875504 -1.88985896 -0.64539301 2058.000000 19.000000 2604.000000 0.000000
-1.70550001 -1.88518202 -0.64749700 3164.000000 37.000000 2552.000000 0.000000
-1.71377599 -1.87112606 -0.64618200 2943.000000 33.000000 2700.000000 0.000000
-1.68256104 -1.81461298 -0.62908500 2078.000000 19.000000 2001.000000 0.000000
-1.67780697 -1.78738105 -0.62277198 2238.000000 21.000000 1971.000000 0.000000
-1.68874300 -1.77705300 -0.62277198 2355.000000 23.000000 2172.000000 0.000000
-1.70630801 -1.77360594 -0.62540197 1612.000000 13.000000 2659.000000 0.000000
-1.72362494 -1.94886506 -0.72941703 848.000000 12.000000 2815.000000 0.000000
-1.68258202 -1.87891304 -0.70570397 1056.000000 12.000000 2521.000000 0.000000
-1.71014297 -1.88632798 -0.71284699 1279.000000 16.000000 2447.000000 0.000000
-1.71780300 -1.87155795 -0.71113300 1500.000000 19.000000 2502.000000 0.000000
-1.69539106 -1.82442296 -0.69627702 1805.000000 24.000000 2838.000000 0.000000
-1.69147599 -1.79790795 -0.68970603 1948.000000 27.000000 2730.000000 0.000000
-1.69983697 -1.78471506 -0.68856299 1942.000000 27.000000 2800.000000 0.000000
-1.71540403 -1.77908802 -0.69056302 1300.000000 16.000000 2779.000000 0.000000
-1.77533495 -1.73166394 -0.69313401 72.000000 1.000000 2291.000000 0.000000
-1.81486595 -1.74871194 -0.70513302 92.000000 1.000000 2234.000000 0.000000
-1.67733598 -1.89711905 -0.77821499 2015.000000 18.000000 1861.000000 0.000000
-1.68704200 -1.88466704 -0.77728599 2081.000000 19.000000 1902.000000 0.000000
-1.69282401 -1.86794305 -0.77449697 2119.000000 19.000000 1671.000000 0.000000
-1.67145300 -1.82180798 -0.75869501 2265.000000 21.000000 2108.000000 0.000000
-1.68065798 -1.80942905 -0.75776601 2368.000000 23.000000 2109.000000 0.000000
-1.68977296 -1.79700601 -0.75683600 2329.000000 22.000000 1931.000000 0.000000
-1.70142400 -1.78729200 -0.75714600 2192.000000 20.000000 2193.000000 0.000000
0.38282901 -1.64579403 -0.16389100 2310.000000 14.000000 3617.000000 0.000000
0.37512401 -1.65876400 -0.16521800 3608.000000 32.000000 3520.000000 0.000000
0.36515099 -1.66200495 -0.16533899 4066.000000 43.000000 3209.000000 0.000000
0.35473999 -1.66324306 -0.16521800 4178.000000 47.000000 2901.000000 0.000000
0.35536999 -1.53082204 -0.18605000 2803.000000 22.000000 4370.000000 0.000000
0.37350401 -1.65357399 -0.20400800 3413.000000 33.000000 3835.000000 0.000000
0.36570799 -1.66646302 -0.20558800 3731.000000 40.000000 3769.000000 0.000000
0.35339200 -1.65900099 -0.20415200 3399.000000 32.000000 3124.000000 0.000000
0.33611900 -1.62723398 -0.19912300 3261.000000 30.000000 3201.000000 0.000000
0.31905401 -1.59434795 -0.19395199 2903.000000 24.000000 3059.000000 0.000000
0.30850300 -1.59239101 -0.19337700 2919.000000 24.000000 3038.000000 0.000000
0.29540300 -1.57675397 -0.19079100 3074.000000 26.000000 3071.000000 0.000000
0.28088301 -1.73097897 -0.21248400 291.000000 1.000000 5909.000000 0.000000
0.41226599 -1.55434096 -0.23176600 845.000000 4.000000 3784.000000 0.000000
0.37507701 -1.61234903 -0.23984601 2990.000000 21.000000 3572.000000 0.000000
0.37731099 -1.66847098 -0.24927101 3813.000000 38.000000 2796.000000 0.000000
0.36854199 -1.67749500 -0.25044999 3881.000000 40.000000 2843.000000 0.000000
0.35865200 -1.68165398 -0.25078601 3960.000000 42.000000 2719.000000 0.000000
0.32843199 -1.58727801 -0.23395500 2908.000000 20.000000 2360.000000 0.000000
0.31752801 -1.58346295 -0.23294500 2979.000000 21.000000 2336.000000 0.000000
0.30668300 -1.57957494 -0.23193499 3073.000000 22.000000 2193.000000 0.000000
0.29644200 -1.57852006 -0.23142999 2966.000000 21.000000 2375.000000 0.000000
0.28622499 -1.57739902 -0.23092499 3016.000000 22.000000 2654.000000 0.000000
0.27755699 -1.58495200 -0.23193499 2717.000000 18.000000 3143.000000 0.000000
0.27141899 -1.60801196 -0.23563799 756.000000 3.000000 4381.000000 0.000000
0.39870900 -1.66183901 -0.29000399 1233.000000 8.000000 3760.000000 0.000000
0.33420199 -1.43403196 -0.24385400 2411.000000 17.000000 4625.000000 0.000000
0.37521300 -1.65321398 -0.28732300 2895.000000 27.000000 3611.000000 0.000000
0.36848000 -1.67081296 -0.29038700 3270.000000 34.000000 3116.000000 0.000000
0.35946700 -1.67879796 -0.29153600 3568.000000 41.000000 3325.000000 0.000000
0.34169200 -1.64543295 -0.28445101 2914.000000 24.000000 3400.000000 0.000000
0.31572101 -1.56959701 -0.26894000 2463.000000 18.000000 2650.000000 0.000000
0.30665401 -1.57439399 -0.26951399 2568.000000 19.000000 2657.000000 0.000000
0.29754001 -1.57913804 -0.27008900 2774.000000 22.000000 2919.000000 0.000000
0.28784499 -1.58093405 -0.27008900 2754.000000 22.000000 3099.000000 0.000000
0.27779499 -1.58073795 -0.26970601 2598.000000 20.000000 3235.000000 0.000000
0.26991999 -1.59305298 -0.27181199 1667.000000 10.000000 4304.000000 0.000000
0.39967901 -1.67305303 -0.33590400 2269.000000 14.000000 3105.000000 0.000000
0.38852400 -1.67166805 -0.33504099 2915.000000 22.000000 2904.000000 0.000000
0.37890300 -1.67687905 -0.33568901 3807.000000 38.000000 2889.000000 0.000000
0.37069300 -1.68871105 -0.33784601 4018.000000 44.000000 3075.000000 0.000000
0.35606599 -1.67089498 -0.33331501 3074.000000 24.000000 2760.000000 0.000000
0.32591900 -1.57645404 -0.31152400 2664.000000 18.000000 2546.000000 0.000000
0.31624001 -1.57842398 -0.31152400 2679.000000 18.000000 2330.000000 0.000000
0.30617899 -1.57841694 -0.31109199 2771.000000 19.000000 2595.000000 0.000000
0.29595000 -1.57738602 -0.31044501 2952.000000 21.000000 2739.000000 0.000000
0.28678599 -1.58205497 -0.31109199 2872.000000 20.000000 2795.000000 0.000000
0.27506301 -1.57224202 -0.30850300 2334.000000 14.000000 3471.000000 0.000000
0.27995300 -1.66056895 -0.32792100 649.000000 3.000000 4570.000000 0.000000
0.39452299 -1.67943895 -0.37926900 1597.000000 11.000000 4187.000000 0.000000
0.38333699 -1.67804301 -0.37831399 2575.000000 22.000000 3624.000000 0.000000
0.37430900 -1.68604898 -0.37974599 2931.000000 28.000000 3319.000000 0.000000
0.36416301 -1.68926299 -0.37998500 3718.000000 46.000000 3608.000000 0.000000
0.34936899 -1.67056406 -0.37473300 3119.000000 31.000000 3576.000000 0.000000
0.32349899 -1.59657395 -0.35563701 2517.000000 19.000000 2933.000000 0.000000
0.31293899 -1.59471905 -0.35468200 2564.000000 19.000000 2713.000000 0.000000
0.29984599 -1.57944405 -0.35038599 2821.000000 23.000000 3256.000000 0.000000
0.29014900 -1.58125401 -0.35038599 2812.000000 23.000000 3386.000000 0.000000
0.28095600 -1.58587205 -0.35110199 2682.000000 21.000000 3503.000000 0.000000
0.27221599 -1.59330702 -0.35253400 1967.000000 13.000000 4349.000000 0.000000
0.38847500 -1.67276299 -0.42260501 2243.000000 14.000000 2865.000000 0.000000
0.37799200 -1.67417395 -0.42234200 2972.000000 23.000000 2860.000000 0.000000
0.36977199 -1.68588805 -0.42497200 3445.000000 30.000000 3024.000000 0.000000
0.35721901 -1.67774296 -0.42207900 3248.000000 27.000000 2637.000000 0.000000
0.32514501 -1.57406294 -0.39262000 2302.000000 14.000000 2158.000000 0.000000
0.31698999 -1.58359802 -0.39472401 2714.000000 18.000000 2357.000000 0.000000
0.30562201 -1.57698703 -0.39235699 2779.000000 19.000000 2393.000000 0.000000
0.29664800 -1.58262706 -0.39340901 2645.000000 17.000000 2423.000000 0.000000
0.28744501 -1.58726501 -0.39419800 2544.000000 16.000000 2902.000000 0.000000
0.27786499 -1.58994997 -0.39446101 1841.000000 10.000000 3764.000000 0.000000
0.39043301 -1.69681001 -0.47286800 1985.000000 15.000000 3342.000000 0.000000
0.37747800 -1.68795598 -0.46944001 2838.000000 27.000000 3719.000000 0.000000
0.36546999 -1.68275297 -0.46715501 3191.000000 33.000000 3562.000000 0.000000
0.35613701 -1.68965006 -0.46858299 2916.000000 28.000000 3260.000000 0.000000
0.32616100 -1.59701800 -0.43972799 2213.000000 16.000000 2867.000000 0.000000
0.31258899 -1.58019698 -0.43401501 2510.000000 19.000000 2731.000000 0.000000
0.30270499 -1.58114398 -0.43372899 2609.000000 20.000000 3017.000000 0.000000
0.29246700 -1.58014596 -0.43287200 2711.000000 21.000000 3193.000000 0.000000
0.28293699 -1.58285403 -0.43315801 2657.000000 21.000000 3504.000000 0.000000
0.27421099 -1.59022403 -0.43487200 2077.000000 14.000000 4370.000000 0.000000
0.39412901 -1.70385695 -0.52290201 1634.000000 9.000000 3647.000000 0.000000
0.37950900 -1.68768799 -0.51670498 2545.000000 18.000000 3030.000000 0.000000
0.36752900 -1.68255198 -0.51422602 3277.000000 28.000000 3116.000000 0.000000
0.35425100 -1.67082202 -0.50957799 2708.000000 19.000000 2542.000000 0.000000
0.32587001 -1.58447599 -0.48014301 2140.000000 13.000000 2171.000000 0.000000
0.31484699 -1.57991695 -0.47797400 2382.000000 15.000000 2365.000000 0.000000
0.30586401 -1.58555400 -0.47921300 2528.000000 16.000000 2581.000000 0.000000
0.29456699 -1.57898796 -0.47642499 2618.000000 17.000000 2738.000000 0.000000
0.28621599 -1.58825302 -0.47890300 2437.000000 15.000000 2901.000000 0.000000
0.27630299 -1.58904195 -0.47859401 1115.000000 5.000000 3422.000000 0.000000
0.42109600 -1.81312799 -0.60750002 1090.000000 8.000000 3463.000000 0.000000
0.38332301 -1.69887996 -0.56533599 2194.000000 18.000000 3582.000000 0.000000
0.36962599 -1.68646502 -0.56002402 2529.000000 22.000000 3234.000000 0.000000
0.35887399 -1.68685699 -0.55936003 2744.000000 25.000000 3108.000000 0.000000
0.32576600 -1.58007002 -0.52018499 1838.000000 12.000000 2425.000000 0.000000
0.31550401 -1.57926595 -0.51918900 2105.000000 15.000000 2620.000000 0.000000
0.30526301 -1.57839501 -0.51819301 2297.000000 17.000000 2820.000000 0.000000
0.29574800 -1.58116496 -0.51852500 2351.000000 17.000000 3116.000000 0.000000
0.28621101 -1.58387804 -0.51885700 2382.000000 18.000000 3438.000000 0.000000
0.27698001 -1.58839095 -0.51985300 1935.000000 13.000000 3754.000000 0.000000
0.29563299 -1.75650096 -0.57928002 1102.000000 7.000000 3608.000000 0.000000
0.23339300 -1.78582799 -0.58625197 1581.000000 11.000000 3390.000000 0.000000
0.40069801 -1.68633401 -0.61197603 2069.000000 13.000000 2937.000000 0.000000
0.38887501 -1.68238699 -0.60948402 2746.000000 20.000000 3193.000000 0.000000
0.37609500 -1.67379797 -0.60521102 3324.000000 29.000000 3050.000000 0.000000
0.36621499 -1.67790103 -0.60592300 3005.000000 23.000000 2670.000000 0.000000
0.34742299 -1.63988602 -0.59025502 2353.000000 16.000000 2272.000000 0.000000
0.32274300 -1.57057905 -0.56247997 1975.000000 11.000000 2041.000000 0.000000
0.31382701 -1.57619703 -0.56390500 2100.000000 12.000000 2212.000000 0.000000
0.30379799 -1.57625699 -0.56319201 2147.000000 13.000000 2329.000000 0.000000
0.29429099 -1.57901001 -0.56354898 2208.000000 13.000000 2542.000000 0.000000
0.28492600 -1.58262599 -0.56426102 2126.000000 13.000000 3133.000000 0.000000
0.30178899 -1.73811805 -0.62372702 1097.000000 6.000000 2959.000000 0.000000
0.30217001 -1.80630398 -0.64936501 1609.000000 10.000000 3316.000000 0.000000
0.27599999 -1.78401601 -0.63939500 1259.000000 7.000000 2844.000000 0.000000
0.41938099 -1.73889601 -0.68048501 1498.000000 12.000000 3132.000000 0.000000
0.39332101 -1.67656803 -0.65329200 2384.000000 20.000000 3046.000000 0.000000
0.38177699 -1.67353594 -0.65102601 2487.000000 22.000000 2733.000000 0.000000
0.37291899 -1.68217194 -0.65366900 2612.000000 23.000000 2943.000000 0.000000
0.36337900 -1.68804705 -0.65517998 2635.000000 24.000000 2915.000000 0.000000
0.33616501 -1.61052406 -0.62194401 1996.000000 16.000000 2581.000000 0.000000
0.31958401 -1.57990098 -0.60834801 1774.000000 13.000000 2333.000000 0.000000
0.30988401 -1.58183205 -0.60834801 1828.000000 14.000000 2222.000000 0.000000
0.30017200 -1.58370399 -0.60834801 1746.000000 13.000000 2267.000000 0.000000
0.29061800 -1.58642602 -0.60872602 1735.000000 13.000000 2470.000000 0.000000
0.28087899 -1.58817995 -0.60872602 1798.000000 14.000000 3086.000000 0.000000
0.29324800 -1.71760297 -0.66160101 1037.000000 7.000000 3050.000000 0.000000
0.28330401 -1.79055405 -0.69030398 1320.000000 11.000000 3290.000000 0.000000
0.43260300 -1.73008597 -0.73238802 1301.000000 7.000000 2102.000000 0.000000
0.41377100 -1.69889200 -0.71711999 1481.000000 8.000000 2076.000000 0.000000
0.39554900 -1.66842401 -0.70225400 1622.000000 9.000000 2065.000000 0.000000
0.38961101 -1.68956196 -0.71069098 1391.000000 8.000000 1962.000000 0.000000
0.37704101 -1.68209004 -0.70627099 1334.000000 7.000000 2070.000000 0.000000
0.35836601 -1.64589000 -0.68899500 991.000000 5.000000 1804.000000 0.000000
0.33355001 -1.57816195 -0.65765500 534.000000 2.000000 1557.000000 0.000000
0.31891599 -1.55595303 -0.64680701 445.000000 2.000000 1436.000000 0.000000
0.30261499 -1.52374399 -0.63153899 335.000000 1.000000 1452.000000 0.000000
0.29222700 -1.52017498 -0.62912798 312.000000 1.000000 1398.000000 0.000000
0.28222799 -1.51833797 -0.62752098 297.000000 1.000000 1336.000000 0.000000
0.27242300 -1.51733696 -0.62631601 363.000000 1.000000 1282.000000 0.000000
0.26201901 -1.51266301 -0.62350303 363.000000 1.000000 1367.000000 0.000000
0.42528901 -1.69868100 -0.76660001 1450.000000 12.000000 2448.000000 0.000000
0.40965500 -1.68014300 -0.75645000 1471.000000 10.000000 1761.000000 0.000000
0.39553300 -1.66676402 -0.74883699 1278.000000 9.000000 1707.000000 0.000000
0.38529801 -1.66915905 -0.74883699 1407.000000 10.000000 1751.000000 0.000000
0.37284300 -1.66177201 -0.74418497 1343.000000 9.000000 1717.000000 0.000000
0.36224899 -1.66225803 -0.74333900 1341.000000 9.000000 1621.000000 0.000000
0.33686700 -1.59356296 -0.70950401 1614.000000 12.000000 2200.000000 0.000000
0.32653001 -1.59293902 -0.70823598 1701.000000 13.000000 2260.000000 0.000000
0.31639200 -1.59313500 -0.70739001 1733.000000 13.000000 2339.000000 0.000000
0.30505100 -1.58704197 -0.70358300 1782.000000 13.000000 2291.000000 0.000000
0.29329199 -1.57819796 -0.69850802 1865.000000 14.000000 2644.000000 0.000000
0.28522700 -1.58888304 -0.70273697 1781.000000 13.000000 2846.000000 0.000000
0.28096601 -1.62183905 -0.71754003 1390.000000 10.000000 3183.000000 0.000000
0.37282699 -1.62290001 -0.77959901 2133.000000 14.000000 2290.000000 0.000000
0.36130801 -1.61817002 -0.77602601 2492.000000 17.000000 2245.000000 0.000000
0.35080600 -1.61773300 -0.77468598 2255.000000 15.000000 1924.000000 0.000000
0.33665201 -1.59971499 -0.76441300 1900.000000 12.000000 2090.000000 0.000000
0.32504901 -1.59298205 -0.75994599 1997.000000 12.000000 2183.000000 0.000000
0.31319499 -1.58441198 -0.75458598 2059.000000 13.000000 2312.000000 0.000000
0.30329999 -1.58542502 -0.75413901 1987.000000 12.000000 2374.000000 0.000000
0.29356700 -1.58725703 -0.75413901 1983.000000 12.000000 2627.000000 0.000000
0.28757900 -1.61017001 -0.76485902 1693.000000 10.000000 2727.000000 0.000000
2.31991100 -1.29119301 -0.15294500 1935.000000 17.000000 3690.000000 0.000000
2.30934000 -1.30393100 -0.15272699 2680.000000 28.000000 3201.000000 0.000000
2.26236105 -1.29575098 -0.14946300 2238.000000 21.000000 3482.000000 0.000000
2.30264902 -1.33768797 -0.15352499 1867.000000 16.000000 3622.000000 0.000000
2.29525709 -1.35229802 -0.15359700 1836.000000 16.000000 3449.000000 0.000000
2.29119492 -1.36891603 -0.15396000 2446.000000 24.000000 2937.000000 0.000000
2.28616405 -1.38501799 -0.15425000 2624.000000 27.000000 3678.000000 0.000000
2.25723195 -1.38648105 -0.15250900 1855.000000 16.000000 3803.000000 0.000000
2.23260188 -1.39028001 -0.15113100 766.000000 5.000000 3800.000000 0.000000
2.30542111 -1.30176401 -0.21461301 1313.000000 16.000000 3778.000000 0.000000
2.29911900 -1.31687200 -0.21480501 1930.000000 26.000000 3216.000000 0.000000
2.29444194 -1.33295000 -0.21518900 1847.000000 25.000000 3210.000000 0.000000
2.28793597 -1.34801102 -0.21538100 1189.000000 14.000000 4114.000000 0.000000
2.30185795 -1.37526500 -0.21787800 1484.000000 22.000000 3837.000000 0.000000
2.30019307 -1.39347994 -0.21864600 2269.000000 40.000000 4003.000000 0.000000
2.28480792 -1.40340900 -0.21787800 1838.000000 30.000000 4292.000000 0.000000
2.29306793 -1.42790103 -0.21979800 604.000000 8.000000 5336.000000 0.000000
2.31396699 -1.30707395 -0.28153101 1726.000000 14.000000 3621.000000 0.000000
2.30073690 -1.31828403 -0.28080699 2260.000000 21.000000 2749.000000 0.000000
2.29517889 -1.33387399 -0.28116900 2392.000000 23.000000 2821.000000 0.000000
2.31772900 -1.36609304 -0.28551301 1899.000000 19.000000 3245.000000 0.000000
2.31271100 -1.38232803 -0.28599501 2007.000000 21.000000 2952.000000 0.000000
2.31776500 -1.40473104 -0.28792599 2931.000000 38.000000 3378.000000 0.000000
2.30994701 -1.41944695 -0.28804699 2405.000000 27.000000 3719.000000 0.000000
2.31130195 -1.43989694 -0.28949401 509.000000 4.000000 4782.000000 0.000000
2.31264997 -1.32247603 -0.34465599 1158.000000 16.000000 3575.000000 0.000000
2.30192208 -1.33515501 -0.34422499 1637.000000 25.000000 3151.000000 0.000000
2.29710102 -1.35125697 -0.34480000 1628.000000 25.000000 3235.000000 0.000000
2.28026009 -1.36026895 -0.34336299 1290.000000 16.000000 3428.000000 0.000000
2.31255198 -1.39875996 -0.35025901 1558.000000 24.000000 3347.000000 0.000000
2.32503510 -1.42582703 -0.35385099 2315.000000 41.000000 4020.000000 0.000000
2.30026007 -1.43016100 -0.35112101 1746.000000 28.000000 4757.000000 0.000000
2.29898310 -1.44898701 -0.35241401 478.000000 6.000000 5117.000000 0.000000
2.31555295 -1.32678401 -0.41287601 1630.000000 16.000000 3337.000000 0.000000
2.29799700 -1.33551395 -0.41102400 2284.000000 25.000000 2708.000000 0.000000
2.28806090 -1.34858704 -0.41068801 2263.000000 25.000000 2689.000000 0.000000
2.29327703 -1.37069905 -0.41338101 1757.000000 17.000000 3174.000000 0.000000
2.32106209 -1.40673101 -0.42061901 2063.000000 22.000000 2925.000000 0.000000
2.33085704 -1.43230903 -0.42432201 2936.000000 38.000000 3301.000000 0.000000
2.32537103 -1.44867098 -0.42499501 2228.000000 24.000000 3943.000000 0.000000
2.29644108 -1.45027006 -0.42095500 638.000000 5.000000 4171.000000 0.000000
2.30495405 -1.33371902 -0.47613600 911.000000 12.000000 3609.000000 0.000000
2.29164410 -1.34486401 -0.47498700 1706.000000 27.000000 3062.000000 0.000000
2.28841400 -1.36190403 -0.47613600 1637.000000 25.000000 3063.000000 0.000000
2.29262996 -1.38350797 -0.47900900 1349.000000 20.000000 3373.000000 0.000000
2.29666805 -1.40521502 -0.48188099 1222.000000 18.000000 3429.000000 0.000000
2.32389903 -1.44147503 -0.49011499 1952.000000 32.000000 3551.000000 0.000000
2.30752611 -1.45101595 -0.48839200 1763.000000 28.000000 4493.000000 0.000000
2.29443693 -1.46251595 -0.48743501 607.000000 8.000000 4750.000000 0.000000
2.60891891 -1.27004099 -0.59697098 130.000000 1.000000 1582.000000 0.000000
2.31010294 -1.34309196 -0.54626799 1655.000000 16.000000 2664.000000 0.000000
2.28500104 -1.34731305 -0.54195303 2217.000000 24.000000 2704.000000 0.000000
2.28087997 -1.36381602 -0.54303199 2351.000000 26.000000 2989.000000 0.000000
2.30585790 -1.39805198 -0.55166203 1758.000000 17.000000 3000.000000 0.000000
2.33715200 -1.43673801 -0.56201899 2015.000000 21.000000 2698.000000 0.000000
2.32415009 -1.44846702 -0.56094003 2824.000000 35.000000 2906.000000 0.000000
2.32594705 -1.46948600 -0.56374502 2360.000000 27.000000 3233.000000 0.000000
2.32181907 -1.48689198 -0.56503898 1206.000000 11.000000 3615.000000 0.000000
2.32229400 -1.30175805 -0.60961699 49.000000 1.000000 1878.000000 0.000000
2.30129504 -1.34624004 -0.61057198 772.000000 10.000000 2631.000000 0.000000
2.28797603 -1.35737002 -0.60913998 1625.000000 25.000000 3138.000000 0.000000
2.28793311 -1.37637603 -0.61152703 1778.000000 28.000000 3352.000000 0.000000
2.28442311 -1.39341497 -0.61295903 1611.000000 25.000000 3491.000000 0.000000
2.30558991 -1.42574894 -0.62155199 920.000000 13.000000 3224.000000 0.000000
2.32644606 -1.45839500 -0.63014603 1374.000000 20.000000 2635.000000 0.000000
2.30596900 -1.46536696 -0.62680399 1692.000000 27.000000 3030.000000 0.000000
2.30919099 -1.48735905 -0.63038403 1442.000000 22.000000 3513.000000 0.000000
2.30816102 -1.50679600 -0.63277102 1234.000000 18.000000 3096.000000 0.000000
2.32238102 -1.53643501 -0.63969398 876.000000 12.000000 3409.000000 0.000000
2.31758595 -1.36708796 -0.68800402 2065.000000 22.000000 2651.000000 0.000000
2.29259992 -1.37136900 -0.68274301 2352.000000 26.000000 2464.000000 0.000000
2.28826499 -1.38791502 -0.68405801 2234.000000 24.000000 2581.000000 0.000000
2.28217101 -1.40344596 -0.68484700 1268.000000 11.000000 1798.000000 0.000000
2.23995996 -1.39647901 -0.67406303 205.000000 1.000000 1202.000000 0.000000
2.27619100 -1.43856800 -0.68853003 616.000000 5.000000 1373.000000 0.000000
2.29006100 -1.46709096 -0.69589502 1765.000000 17.000000 2012.000000 0.000000
2.28505993 -1.48374403 -0.69721001 1701.000000 17.000000 1893.000000 0.000000
2.30733395 -1.51843596 -0.70746797 1391.000000 13.000000 2388.000000 0.000000
2.29560089 -1.37612104 -0.75169998 1905.000000 31.000000 3276.000000 0.000000
2.28793406 -1.39067698 -0.75198603 1859.000000 30.000000 3257.000000 0.000000
2.30303907 -1.41923499 -0.76027101 1672.000000 26.000000 3252.000000 0.000000
2.30486298 -1.43992400 -0.76398498 1634.000000 25.000000 3058.000000 0.000000
2.32758904 -1.47398901 -0.77512699 2163.000000 37.000000 3395.000000 0.000000
2.30881500 -1.48204505 -0.77169800 1663.000000 26.000000 2863.000000 0.000000
2.32219100 -1.51078498 -0.77969801 1365.000000 22.000000 3003.000000 0.000000
