-0.00494600 3.97254395 -0.24877200 1398.000000 21.000000 7442.000000 3.000000
0.15649600 3.75185800 -0.23295800 1203.000000 17.000000 7432.000000 3.000000
0.17941800 3.74883509 -0.23281300 1107.000000 16.000000 7148.000000 3.000000
0.20268799 3.75264311 -0.23317599 1131.000000 16.000000 6981.000000 3.000000
0.22625200 3.76028800 -0.23382901 1117.000000 16.000000 6108.000000 3.000000
0.24792700 3.73793101 -0.23230501 776.000000 10.000000 5485.000000 3.000000
-0.10480500 3.96504903 -0.34183899 840.000000 15.000000 7940.000000 3.000000
0.04048700 3.88957906 -0.33444500 1139.000000 21.000000 7757.000000 3.000000
0.06378000 3.85243201 -0.33089301 1110.000000 21.000000 7463.000000 3.000000
0.08715800 3.84002709 -0.32974100 986.000000 18.000000 6908.000000 3.000000
0.11121600 3.85733008 -0.33146900 696.000000 12.000000 6503.000000 3.000000
0.01416400 3.98322105 -0.53616202 874.000000 16.000000 7070.000000 3.000000
0.03775100 3.88509011 -0.52193898 1449.000000 28.000000 7437.000000 3.000000
0.06230900 3.93327093 -0.52897900 1052.000000 19.000000 6698.000000 3.000000
0.08694000 3.95655990 -0.53242701 973.000000 18.000000 6858.000000 3.000000
0.13140599 3.83255005 -0.51461297 994.000000 18.000000 7341.000000 3.000000
0.15725800 3.89100289 -0.52323198 970.000000 18.000000 7112.000000 3.000000
0.17950900 3.85437489 -0.51806098 1204.000000 23.000000 7150.000000 3.000000
0.20601700 3.90854597 -0.52610600 1033.000000 19.000000 6527.000000 3.000000
-0.02807200 3.89094210 -0.62158900 1270.000000 19.000000 6178.000000 3.000000
0.42859301 3.90306807 -0.62764901 1566.000000 24.000000 6739.000000 3.000000
0.45242000 3.89938593 -0.62748098 1438.000000 22.000000 6656.000000 3.000000
0.47453901 3.88186002 -0.62495601 1129.000000 16.000000 6138.000000 3.000000
0.54811698 3.88808393 -0.62764901 713.000000 10.000000 5817.000000 3.000000
0.36634099 3.86174202 -0.71339798 1096.000000 20.000000 6935.000000 3.000000
0.38954100 3.85453892 -0.71244001 1054.000000 19.000000 6616.000000 3.000000
0.41567299 3.87549996 -0.71703601 603.000000 10.000000 5803.000000 3.000000
0.47106501 3.93638396 -0.73005801 1134.000000 21.000000 5718.000000 3.000000
0.48158601 3.82433891 -0.70861000 780.000000 14.000000 5976.000000 3.000000
