1.58189595 1.70839703 -0.77183801 1120.000000 12.000000 4165.000000 0.000000
1.61553001 1.72347403 -0.78378999 1753.000000 24.000000 4630.000000 0.000000
1.63089204 1.71269000 -0.85268998 2272.000000 23.000000 4250.000000 0.000000
1.63877404 1.69996095 -0.85126603 2271.000000 23.000000 3706.000000 0.000000
1.49244499 1.52945995 -0.76580501 1928.000000 13.000000 3586.000000 0.000000
1.57934296 1.59867001 -0.80782300 1894.000000 15.000000 3487.000000 0.000000
1.59837902 1.59819305 -0.81280899 1801.000000 14.000000 3838.000000 0.000000
1.55826294 1.53913701 -0.78610200 968.000000 6.000000 3769.000000 0.000000
1.52250099 1.46740699 -0.75725901 1905.000000 13.000000 4308.000000 0.000000
1.59892499 1.65184200 -0.88858598 1109.000000 12.000000 4106.000000 0.000000
1.59932697 1.63206196 -0.88292098 1597.000000 18.000000 3671.000000 0.000000
1.62232995 1.63538802 -0.89047402 1402.000000 15.000000 3816.000000 0.000000
1.64019299 1.63325703 -0.89500600 1283.000000 16.000000 4467.000000 0.000000
1.66468096 1.63747299 -0.90331501 1323.000000 17.000000 4562.000000 0.000000
1.59761798 1.65560305 -0.95939797 832.000000 6.000000 3548.000000 0.000000
1.59878302 1.63660395 -0.95377302 1840.000000 17.000000 4006.000000 0.000000
1.60492897 1.62285900 -0.95136201 1658.000000 13.000000 3858.000000 0.000000
1.62393200 1.62203503 -0.95698702 1414.000000 12.000000 3991.000000 0.000000
1.68733799 1.66474700 -0.98993403 1905.000000 18.000000 4316.000000 0.000000
1.70211399 1.65883398 -0.99274600 2327.000000 24.000000 4746.000000 0.000000
1.73272300 1.66803503 -1.00520205 1690.000000 16.000000 5062.000000 0.000000
1.78409100 1.69647205 -1.03011298 584.000000 5.000000 4099.000000 0.000000
1.59810495 1.63928902 -1.01782405 1383.000000 18.000000 3651.000000 0.000000
1.60876906 1.63009906 -1.01824701 1483.000000 19.000000 3760.000000 0.000000
1.62129796 1.62276602 -1.01993799 1308.000000 17.000000 3882.000000 0.000000
1.64987803 1.63129699 -1.03220296 1080.000000 13.000000 3929.000000 0.000000
1.71162605 1.67188895 -1.06603801 1833.000000 26.000000 3814.000000 0.000000
1.72250295 1.66198504 -1.06646097 1938.000000 28.000000 4361.000000 0.000000
1.73135900 1.65013194 -1.06561506 1659.000000 23.000000 4852.000000 0.000000
1.77636099 1.67245996 -1.08803105 773.000000 11.000000 4345.000000 0.000000
1.60130596 1.65655994 -1.09851897 987.000000 8.000000 3706.000000 0.000000
1.59578598 1.63072598 -1.08735204 1616.000000 15.000000 3463.000000 0.000000
1.60702205 1.62217402 -1.08824599 1595.000000 15.000000 3538.000000 0.000000
1.64040196 1.63564301 -1.10477197 1316.000000 11.000000 3912.000000 0.000000
1.67400599 1.64876294 -1.12129903 1359.000000 12.000000 4377.000000 0.000000
1.71104002 1.66464806 -1.14005899 2331.000000 25.000000 4169.000000 0.000000
1.72509396 1.65783596 -1.14273906 2957.000000 37.000000 4651.000000 0.000000
1.73458505 1.64660394 -1.14229202 2469.000000 27.000000 4722.000000 0.000000
1.73877895 1.63042498 -1.13827205 1263.000000 11.000000 4528.000000 0.000000
1.64690101 1.72172105 -1.20755005 506.000000 7.000000 3456.000000 0.000000
1.60096300 1.65305698 -1.16454303 709.000000 8.000000 3461.000000 0.000000
1.60489905 1.63687897 -1.15986896 864.000000 10.000000 3114.000000 0.000000
1.61304796 1.62511396 -1.15846598 895.000000 11.000000 3174.000000 0.000000
1.62736702 1.61956000 -1.16173899 772.000000 9.000000 3529.000000 0.000000
1.64293694 1.61513197 -1.16594601 785.000000 9.000000 3799.000000 0.000000
1.68256903 1.63402104 -1.18791699 1080.000000 13.000000 3436.000000 0.000000
1.70593703 1.63654196 -1.19773400 1649.000000 23.000000 3346.000000 0.000000
1.70889997 1.61934304 -1.19259095 1358.000000 18.000000 3964.000000 0.000000
1.72009301 1.61003697 -1.19352603 1120.000000 14.000000 4233.000000 0.000000
1.79344296 1.65838099 -1.23933804 703.000000 10.000000 4386.000000 0.000000
1.84072995 1.68139303 -1.26598406 773.000000 11.000000 4040.000000 0.000000
1.60130799 1.65370798 -1.24310100 1210.000000 10.000000 3946.000000 0.000000
1.60227001 1.63452399 -1.23573899 1427.000000 13.000000 3605.000000 0.000000
1.61472499 1.62713397 -1.23770201 1368.000000 12.000000 3741.000000 0.000000
1.62220800 1.61473799 -1.23573899 1301.000000 11.000000 4081.000000 0.000000
1.65259898 1.62489998 -1.25193405 1447.000000 13.000000 3929.000000 0.000000
1.68130004 1.63293004 -1.26665699 1643.000000 19.000000 3383.000000 0.000000
1.69191694 1.62318599 -1.26714802 1697.000000 20.000000 3381.000000 0.000000
1.70754004 1.61816394 -1.27156401 1988.000000 24.000000 3467.000000 0.000000
1.71298206 1.60349095 -1.26812899 1781.000000 21.000000 3603.000000 0.000000
1.71894801 1.58940303 -1.26518500 1492.000000 14.000000 4152.000000 0.000000
1.77952099 1.62521505 -1.30395401 1125.000000 12.000000 4309.000000 0.000000
1.59997797 1.64373195 -1.30844295 735.000000 9.000000 3277.000000 0.000000
1.61424899 1.63817894 -1.31201804 926.000000 11.000000 3171.000000 0.000000
1.62063396 1.62458396 -1.30895400 788.000000 9.000000 3251.000000 0.000000
1.62935305 1.61339700 -1.30793202 845.000000 10.000000 3325.000000 0.000000
1.65639901 1.62023497 -1.32223201 1100.000000 17.000000 3054.000000 0.000000
2.96602297 -1.58567905 -1.04902196 1197.000000 17.000000 3017.000000 0.000000
2.95038891 -1.60067201 -1.04685295 1594.000000 24.000000 3428.000000 0.000000
2.96216202 -1.63067603 -1.05490899 894.000000 12.000000 4416.000000 0.000000
2.94634295 -1.59000599 -1.13072598 893.000000 16.000000 2948.000000 0.000000
2.94315505 -1.61167097 -1.13338196 636.000000 11.000000 2959.000000 0.000000
2.96300292 -1.58472300 -1.23192096 1237.000000 17.000000 2884.000000 0.000000
2.96061397 -1.60688901 -1.23512602 1110.000000 15.000000 2726.000000 0.000000
