2.13419890 -3.93134499 0.79340702 530.000000 6.000000 223.000000 3.000000
2.11700797 -3.95740795 0.79591900 523.000000 6.000000 309.000000 3.000000
2.09360504 -3.97206807 0.79625398 492.000000 5.000000 243.000000 3.000000
2.06646895 -3.97958899 0.79524899 1123.000000 14.000000 217.000000 3.000000
1.44846702 -3.88007498 0.43512800 941.000000 16.000000 376.000000 3.000000
1.43012404 -3.90383792 0.43666500 949.000000 16.000000 324.000000 3.000000
1.39339006 -3.95300198 0.43992901 726.000000 12.000000 315.000000 3.000000
1.36487103 -3.94925094 0.43868101 785.000000 13.000000 322.000000 3.000000
1.31563497 -3.88403893 0.43119201 1206.000000 22.000000 305.000000 3.000000
1.29743803 -3.90903807 0.43292001 906.000000 15.000000 367.000000 3.000000
1.40915596 -3.85072708 0.33089301 797.000000 9.000000 602.000000 3.000000
1.37674701 -3.83488989 0.32903001 672.000000 7.000000 142.000000 3.000000
2.08459306 -3.94580197 -0.17487000 535.000000 8.000000 487.000000 3.000000
2.02916789 -3.95776010 -0.17415100 1345.000000 25.000000 274.000000 3.000000
1.98905897 -3.93894291 -0.17247100 1430.000000 26.000000 237.000000 3.000000
1.68885100 -3.99331498 -0.16877700 815.000000 14.000000 149.000000 3.000000
2.12185907 -3.90052199 -0.28279501 1072.000000 13.000000 396.000000 3.000000
2.08281493 -3.88533497 -0.28047299 1366.000000 18.000000 133.000000 3.000000
2.03612399 -3.85482192 -0.27691901 509.000000 5.000000 136.000000 3.000000
2.00875211 -3.86016297 -0.27633801 811.000000 9.000000 168.000000 3.000000
2.03322697 -3.96651101 -0.28402799 663.000000 8.000000 323.000000 3.000000
