2.05878305 -1.44979405 -0.77356797 2149.000000 20.000000 170.000000 0.000000
2.10787702 -1.50384402 -0.79680598 2811.000000 35.000000 168.000000 0.000000
2.09706998 -1.51563501 -0.79618698 2149.000000 23.000000 194.000000 0.000000
2.10613489 -1.54196298 -0.80362302 644.000000 5.000000 139.000000 0.000000
2.01640296 -1.45217395 -0.82694900 1232.000000 15.000000 273.000000 0.000000
2.09443092 -1.52775395 -0.86479700 617.000000 8.000000 154.000000 0.000000
1.93420196 -1.48525405 -0.81068200 1106.000000 13.000000 153.000000 0.000000
1.93698204 -1.50633895 -0.81599301 1425.000000 18.000000 176.000000 0.000000
1.89431202 -1.49198794 -0.80105400 996.000000 12.000000 135.000000 0.000000
2.02945304 -1.30292499 -0.87049401 563.000000 4.000000 142.000000 0.000000
2.19950390 -1.48973501 -0.96378899 1028.000000 9.000000 342.000000 0.000000
2.13794899 -1.46722102 -0.93957502 2209.000000 24.000000 170.000000 0.000000
2.13274002 -1.48298097 -0.94135600 2973.000000 39.000000 177.000000 0.000000
2.12436509 -1.49657798 -0.94171202 2879.000000 37.000000 173.000000 0.000000
2.11514211 -1.50958395 -0.94171202 2005.000000 21.000000 172.000000 0.000000
2.10356903 -1.52089000 -0.94064301 565.000000 4.000000 114.000000 0.000000
1.99456704 -1.49868500 -0.90218598 683.000000 5.000000 156.000000 0.000000
1.95411503 -1.48711002 -0.88722998 1606.000000 13.000000 117.000000 0.000000
1.94495404 -1.49907196 -0.88722998 1691.000000 14.000000 155.000000 0.000000
1.92909205 -1.50580001 -0.88402599 1357.000000 11.000000 159.000000 0.000000
2.16850996 -1.32373500 -0.98716003 519.000000 6.000000 581.000000 0.000000
2.15404201 -1.33312798 -0.98413903 1490.000000 23.000000 286.000000 0.000000
2.13954091 -1.34239304 -0.98111701 1852.000000 30.000000 193.000000 0.000000
2.13126302 -1.35549605 -0.98111701 1750.000000 28.000000 186.000000 0.000000
2.16497493 -1.39557099 -1.00151205 798.000000 11.000000 188.000000 0.000000
2.15093994 -1.40529203 -0.99886799 767.000000 10.000000 227.000000 0.000000
2.06576300 -1.36797905 -0.96147799 1473.000000 19.000000 196.000000 0.000000
2.08273101 -1.39761305 -0.97394103 1194.000000 17.000000 169.000000 0.000000
2.07564998 -1.41140401 -0.97469699 1331.000000 20.000000 169.000000 0.000000
2.07916403 -1.43249905 -0.98074001 1636.000000 25.000000 225.000000 0.000000
2.05133200 -1.43201101 -0.97129798 1802.000000 29.000000 164.000000 0.000000
2.04099298 -1.44350398 -0.97054201 1867.000000 30.000000 156.000000 0.000000
2.06525493 -1.47967398 -0.98716003 1277.000000 19.000000 182.000000 0.000000
2.14766693 -1.55852306 -1.03323698 591.000000 8.000000 250.000000 0.000000
2.13507700 -1.56948197 -1.03172600 516.000000 6.000000 407.000000 0.000000
2.12243199 -1.58034599 -1.03021598 628.000000 8.000000 272.000000 0.000000
1.97280896 -1.48818398 -0.95883399 937.000000 11.000000 204.000000 0.000000
1.95406401 -1.49296904 -0.95392400 1313.000000 16.000000 159.000000 0.000000
1.94413304 -1.50436497 -0.95354700 1376.000000 17.000000 179.000000 0.000000
1.93632603 -1.51740599 -0.95430201 716.000000 8.000000 202.000000 0.000000
2.18474698 -1.42337298 -1.09399700 1281.000000 12.000000 131.000000 0.000000
2.15916610 -1.42564201 -1.08515799 2025.000000 21.000000 159.000000 0.000000
2.15037799 -1.43886399 -1.08515799 2018.000000 21.000000 178.000000 0.000000
2.12180996 -1.43865895 -1.07471097 1748.000000 17.000000 166.000000 0.000000
2.10388803 -1.44542396 -1.06989002 1863.000000 19.000000 184.000000 0.000000
2.10399508 -1.46458900 -1.07471097 1520.000000 15.000000 153.000000 0.000000
2.17276812 -1.53240097 -1.11649704 1112.000000 11.000000 181.000000 0.000000
2.21024799 -1.57926702 -1.14181006 991.000000 9.000000 147.000000 0.000000
2.15380001 -1.55894899 -1.11649704 1126.000000 11.000000 134.000000 0.000000
2.13976407 -1.56888402 -1.11408603 1027.000000 10.000000 199.000000 0.000000
1.97577298 -1.46724606 -1.02971101 629.000000 5.000000 297.000000 0.000000
1.96453798 -1.47768903 -1.02850497 1255.000000 10.000000 133.000000 0.000000
1.94596899 -1.48249602 -1.02328205 1469.000000 12.000000 185.000000 0.000000
1.95205402 -1.50616395 -1.03172004 1033.000000 9.000000 158.000000 0.000000
2.14599109 -1.41293895 -1.14850998 1167.000000 17.000000 203.000000 0.000000
2.12294292 -1.41654694 -1.14047503 1301.000000 19.000000 167.000000 0.000000
2.10218811 -1.42144597 -1.13370800 1376.000000 21.000000 162.000000 0.000000
2.08818698 -1.43074095 -1.13074696 1325.000000 20.000000 168.000000 0.000000
2.07787895 -1.44249594 -1.12990105 1377.000000 21.000000 155.000000 0.000000
2.06528807 -1.51013196 -1.14343500 753.000000 10.000000 159.000000 0.000000
2.02536201 -1.50017405 -1.12567198 717.000000 9.000000 153.000000 0.000000
1.97910595 -1.48490095 -1.10410202 1160.000000 17.000000 148.000000 0.000000
1.95623195 -1.48662305 -1.09606600 1011.000000 14.000000 163.000000 0.000000
1.95641994 -1.50576699 -1.10156500 911.000000 12.000000 146.000000 0.000000
2.92612290 2.02265191 -0.65058798 479.000000 7.000000 400.000000 0.000000
2.96359396 2.02183390 -0.65652400 410.000000 6.000000 305.000000 0.000000
2.96122408 1.96736097 -0.65020502 860.000000 14.000000 320.000000 0.000000
1.88631701 2.11144900 -0.58143699 496.000000 4.000000 352.000000 0.000000
1.97600305 2.13148499 -0.59805000 450.000000 3.000000 304.000000 0.000000
1.97500503 2.10437489 -0.59351897 1268.000000 12.000000 297.000000 0.000000
1.92597401 2.02712011 -0.57367003 1478.000000 14.000000 345.000000 0.000000
1.93363500 2.01034093 -0.57215899 1703.000000 17.000000 291.000000 0.000000
1.95002306 2.00263405 -0.57345402 1398.000000 13.000000 313.000000 0.000000
2.01508093 2.04415107 -0.59006703 449.000000 3.000000 283.000000 0.000000
2.95276499 2.02988505 -0.74757099 944.000000 11.000000 130.000000 0.000000
1.92086101 2.11286712 -0.65711898 1089.000000 16.000000 147.000000 0.000000
1.95742798 2.12679696 -0.66571200 688.000000 9.000000 136.000000 0.000000
2.03191590 2.18090606 -0.68791199 582.000000 8.000000 156.000000 0.000000
1.98071802 2.09978700 -0.66475701 894.000000 13.000000 156.000000 0.000000
1.91655004 2.00672293 -0.63730699 1197.000000 17.000000 155.000000 0.000000
2.95369196 2.02107096 -0.83495301 318.000000 5.000000 319.000000 0.000000
2.97649097 2.00998592 -0.83805603 361.000000 5.000000 353.000000 0.000000
1.91903198 2.14728689 -0.73955798 770.000000 7.000000 397.000000 0.000000
1.92699003 2.12975097 -0.73745400 934.000000 8.000000 335.000000 0.000000
1.91683304 2.01681209 -0.71299201 1078.000000 10.000000 342.000000 0.000000
1.93519497 2.01126599 -0.71535897 1578.000000 16.000000 260.000000 0.000000
1.94682598 1.99866295 -0.71509600 1576.000000 16.000000 292.000000 0.000000
2.00242901 2.03062606 -0.73193002 1960.000000 22.000000 346.000000 0.000000
2.03735399 2.04082298 -0.74061000 1772.000000 19.000000 292.000000 0.000000
2.06699109 2.04523993 -0.74718601 324.000000 2.000000 234.000000 0.000000
2.17707205 1.95229900 -0.75165701 513.000000 4.000000 191.000000 0.000000
2.95151591 2.02827406 -0.93078101 1202.000000 14.000000 95.000000 0.000000
2.96630192 2.01174903 -0.93157101 1482.000000 18.000000 123.000000 0.000000
1.92955399 2.15558910 -0.81626600 1266.000000 20.000000 181.000000 0.000000
1.94274497 2.14370894 -0.81626600 1352.000000 21.000000 203.000000 0.000000
1.94098306 2.11548591 -0.80969501 784.000000 11.000000 153.000000 0.000000
1.92746902 2.02449489 -0.78712600 764.000000 11.000000 167.000000 0.000000
1.93587005 2.00848389 -0.78541100 1555.000000 25.000000 171.000000 0.000000
1.95216703 2.00068998 -0.78712600 1644.000000 27.000000 192.000000 0.000000
1.97852898 2.00301099 -0.79312497 1520.000000 25.000000 158.000000 0.000000
2.03679490 2.03697896 -0.81255198 1955.000000 34.000000 151.000000 0.000000
2.04312801 2.01837301 -0.80998099 2280.000000 43.000000 168.000000 0.000000
2.06232309 2.01250100 -0.81283802 1736.000000 29.000000 190.000000 0.000000
2.07876706 2.00380492 -0.81455201 447.000000 6.000000 135.000000 0.000000
2.17709899 2.04784393 -0.84483498 1641.000000 29.000000 164.000000 0.000000
2.18261194 2.02791405 -0.84197801 934.000000 14.000000 157.000000 0.000000
2.96995902 2.14823890 -1.04653096 289.000000 4.000000 286.000000 0.000000
2.94804692 1.99743605 -1.01539099 523.000000 8.000000 332.000000 0.000000
1.92280900 2.12144709 -0.88604200 890.000000 8.000000 387.000000 0.000000
1.92421305 2.09700489 -0.88046497 1039.000000 10.000000 320.000000 0.000000
1.92509794 2.02199888 -0.86280400 672.000000 6.000000 300.000000 0.000000
1.93680799 2.00946403 -0.86249399 1580.000000 16.000000 296.000000 0.000000
1.94578004 1.99414098 -0.86094499 1440.000000 15.000000 321.000000 0.000000
1.97134900 1.99568701 -0.86714101 1021.000000 9.000000 279.000000 0.000000
2.02996898 2.02992010 -0.88852102 439.000000 3.000000 287.000000 0.000000
2.04915309 2.02410507 -0.89161903 2056.000000 23.000000 272.000000 0.000000
2.06017303 2.01016593 -0.89099997 2845.000000 39.000000 250.000000 0.000000
2.06151009 1.98693502 -0.88604200 2230.000000 26.000000 254.000000 0.000000
2.07504106 1.97555900 -0.88666201 1013.000000 9.000000 243.000000 0.000000
2.09355211 1.94477201 -0.88418299 738.000000 6.000000 234.000000 0.000000
2.11315489 1.93895698 -0.88759100 1101.000000 10.000000 216.000000 0.000000
2.14671206 1.92175305 -0.89192897 570.000000 5.000000 166.000000 0.000000
2.16772699 1.91672802 -0.89595699 1184.000000 11.000000 189.000000 0.000000
2.18159604 1.90526700 -0.89688700 1222.000000 12.000000 160.000000 0.000000
2.91219902 2.21522307 -1.14538395 758.000000 8.000000 331.000000 0.000000
2.90216208 2.17962098 -1.13577902 1050.000000 12.000000 154.000000 0.000000
2.91624498 2.16233802 -1.13608897 1145.000000 14.000000 186.000000 0.000000
2.91718006 2.13542199 -1.13113105 965.000000 11.000000 298.000000 0.000000
2.94024801 2.12471795 -1.13515902 862.000000 10.000000 470.000000 0.000000
2.95778298 2.02880907 -1.12183595 945.000000 11.000000 105.000000 0.000000
2.94418597 1.99304295 -1.11161101 1366.000000 17.000000 165.000000 0.000000
1.94182599 2.12451792 -0.96539199 581.000000 8.000000 134.000000 0.000000
1.96122205 2.11949611 -0.96871197 613.000000 8.000000 92.000000 0.000000
1.93662703 2.01694489 -0.93650800 967.000000 14.000000 126.000000 0.000000
1.93846297 1.99418604 -0.93119597 1319.000000 21.000000 151.000000 0.000000
1.95859003 1.99033403 -0.93518001 1123.000000 17.000000 135.000000 0.000000
1.99934995 2.00705600 -0.94945598 500.000000 7.000000 142.000000 0.000000
2.04603601 2.00418401 -0.96041203 1186.000000 18.000000 122.000000 0.000000
2.05829406 1.99159205 -0.96041203 2066.000000 37.000000 181.000000 0.000000
2.07115698 1.97957802 -0.96074402 2073.000000 38.000000 144.000000 0.000000
2.08531904 1.96877801 -0.96174002 1088.000000 16.000000 156.000000 0.000000
2.14982390 1.93216503 -0.96970803 677.000000 9.000000 170.000000 0.000000
2.15318394 1.91141105 -0.96572399 1086.000000 16.000000 165.000000 0.000000
2.96980190 2.07429290 -1.22733700 523.000000 8.000000 312.000000 0.000000
2.95996904 2.04048109 -1.21770895 521.000000 8.000000 319.000000 0.000000
2.94827509 2.00580406 -1.20741701 404.000000 6.000000 342.000000 0.000000
2.95817900 1.98609602 -1.20642102 392.000000 6.000000 406.000000 0.000000
1.95503497 2.12982297 -1.05316603 688.000000 6.000000 458.000000 0.000000
1.96806598 2.11778688 -1.05316603 1030.000000 10.000000 320.000000 0.000000
1.97910202 2.10363102 -1.05209804 1063.000000 11.000000 345.000000 0.000000
1.92942798 2.02584100 -1.01755798 775.000000 7.000000 347.000000 0.000000
1.94376898 2.01598191 -1.01862597 1264.000000 12.000000 301.000000 0.000000
1.95740795 2.00535393 -1.01933801 1388.000000 14.000000 294.000000 0.000000
1.97164702 1.99529898 -1.02040601 1272.000000 13.000000 264.000000 0.000000
2.04468298 2.04391289 -1.05316603 972.000000 10.000000 356.000000 0.000000
2.07248497 2.04642200 -1.06135595 703.000000 7.000000 244.000000 0.000000
2.05087209 2.00040698 -1.04319596 1446.000000 15.000000 273.000000 0.000000
2.05166197 1.97676897 -1.03714299 2391.000000 30.000000 260.000000 0.000000
2.06443000 1.96478701 -1.03749895 2508.000000 32.000000 271.000000 0.000000
2.08189607 1.95720100 -1.04034698 1497.000000 15.000000 276.000000 0.000000
2.09817100 1.90099001 -1.03037703 1273.000000 13.000000 164.000000 0.000000
2.09864998 1.87811506 -1.02468002 1428.000000 14.000000 157.000000 0.000000
2.11153507 1.86643898 -1.02539206 1440.000000 15.000000 249.000000 0.000000
2.17787600 1.90135801 -1.05316603 770.000000 7.000000 585.000000 0.000000
2.12354207 2.39369893 -1.25606799 856.000000 15.000000 178.000000 0.000000
2.10359097 2.34200191 -1.23491800 760.000000 12.000000 141.000000 0.000000
2.13222909 2.34482598 -1.24360394 776.000000 13.000000 155.000000 0.000000
2.11526394 2.29759598 -1.22472000 992.000000 17.000000 195.000000 0.000000
2.01962900 2.16656995 -1.15900397 1232.000000 20.000000 176.000000 0.000000
2.00623298 2.12581706 -1.14314198 955.000000 15.000000 148.000000 0.000000
2.06330895 2.15972400 -1.16920102 738.000000 11.000000 214.000000 0.000000
1.94539201 2.01106501 -1.09215498 1076.000000 16.000000 192.000000 0.000000
1.95252001 1.99379003 -1.08913398 1119.000000 17.000000 140.000000 0.000000
1.97578204 1.99296701 -1.09555399 1048.000000 16.000000 149.000000 0.000000
2.00696707 1.99978805 -1.10650694 965.000000 14.000000 124.000000 0.000000
2.02776599 1.99589205 -1.11141706 931.000000 15.000000 141.000000 0.000000
2.02870488 1.97242296 -1.10499597 1321.000000 21.000000 164.000000 0.000000
2.03209996 1.95158696 -1.10008597 1539.000000 25.000000 141.000000 0.000000
2.04269505 1.93780506 -1.09933102 1582.000000 26.000000 142.000000 0.000000
2.06399298 1.93411303 -1.10461795 1227.000000 19.000000 149.000000 0.000000
2.19118309 2.02850604 -1.16882396 609.000000 9.000000 211.000000 0.000000
2.12806702 1.92190003 -1.12048101 465.000000 6.000000 191.000000 0.000000
1.99916697 2.34305501 -1.30131900 560.000000 6.000000 564.000000 0.000000
1.96379399 2.27325106 -1.26797104 635.000000 6.000000 598.000000 0.000000
1.96383202 2.24531102 -1.25873005 697.000000 7.000000 468.000000 0.000000
1.98243105 2.23870111 -1.26194406 672.000000 7.000000 459.000000 0.000000
2.00102305 2.23194695 -1.26515901 659.000000 7.000000 438.000000 0.000000
2.01529598 2.22030497 -1.26556003 678.000000 7.000000 439.000000 0.000000
1.99788594 2.17419791 -1.24547100 803.000000 8.000000 405.000000 0.000000
2.00120401 2.15117502 -1.23904204 734.000000 7.000000 397.000000 0.000000
2.04765701 2.17417097 -1.26033700 903.000000 9.000000 349.000000 0.000000
2.08877707 2.19071507 -1.27801597 778.000000 8.000000 304.000000 0.000000
1.97492599 2.04614091 -1.19765794 843.000000 8.000000 300.000000 0.000000
1.96695399 2.01303601 -1.18480098 1112.000000 11.000000 339.000000 0.000000
1.98313498 2.00483298 -1.18721199 1105.000000 11.000000 269.000000 0.000000
2.00058508 1.99780095 -1.19042599 1056.000000 11.000000 303.000000 0.000000
2.01867604 1.99127305 -1.19404197 1300.000000 14.000000 223.000000 0.000000
2.02757502 1.97565496 -1.19203305 1293.000000 14.000000 242.000000 0.000000
2.03767896 1.96127295 -1.19082797 1386.000000 15.000000 257.000000 0.000000
2.05233002 1.95125604 -1.19243503 1305.000000 14.000000 199.000000 0.000000
2.07361388 1.94739795 -1.19806004 1185.000000 12.000000 209.000000 0.000000
2.09627104 1.94459701 -1.20448899 1217.000000 13.000000 222.000000 0.000000
2.12099600 1.94344699 -1.21212196 1095.000000 11.000000 194.000000 0.000000
2.13491893 1.93223798 -1.21332800 1216.000000 13.000000 194.000000 0.000000
2.14741802 1.91971195 -1.21372998 939.000000 9.000000 182.000000 0.000000
2.15640998 1.90407705 -1.21212196 1019.000000 10.000000 175.000000 0.000000
1.97760499 2.05511904 -1.28046596 971.000000 15.000000 120.000000 0.000000
1.95040202 2.00199604 -1.25382102 1137.000000 19.000000 114.000000 0.000000
1.96201503 1.98934400 -1.25339794 1100.000000 18.000000 111.000000 0.000000
1.97738004 1.98047900 -1.25551295 939.000000 15.000000 120.000000 0.000000
1.99528396 1.97405398 -1.25931895 1157.000000 19.000000 134.000000 0.000000
2.01900697 1.97319102 -1.26693201 1471.000000 26.000000 144.000000 0.000000
2.02521801 1.95509303 -1.26312602 1647.000000 30.000000 153.000000 0.000000
2.02735305 1.93323398 -1.25678205 1371.000000 24.000000 161.000000 0.000000
2.03917694 1.92075801 -1.25678205 1328.000000 23.000000 145.000000 0.000000
2.07477403 1.93046701 -1.27200699 1157.000000 19.000000 152.000000 0.000000
2.08458090 1.91585803 -1.27073801 1277.000000 21.000000 143.000000 0.000000
2.10768700 1.91340196 -1.27792799 1105.000000 18.000000 144.000000 0.000000
2.12343097 1.90406895 -1.28046596 925.000000 15.000000 118.000000 0.000000
2.12762189 1.88438404 -1.27581406 894.000000 14.000000 168.000000 0.000000
2.14050603 1.87248898 -1.27665997 870.000000 14.000000 166.000000 0.000000
