-0.72042799 -3.52896595 0.29505700 57.000000 1.000000 3482.000000 3.000000
-0.74350899 -3.53131104 0.29555899 104.000000 1.000000 1733.000000 3.000000
-0.76749301 -3.53740311 0.29634801 135.000000 1.000000 1570.000000 3.000000
-0.78940099 -3.53360105 0.29641899 178.000000 2.000000 1620.000000 3.000000
-0.80592102 -3.50633502 0.29477099 182.000000 2.000000 1674.000000 3.000000
-0.82558203 -3.49355888 0.29419699 220.000000 2.000000 1898.000000 3.000000
-0.84747398 -3.49036598 0.29434100 225.000000 3.000000 2712.000000 3.000000
-0.72185999 -3.53259897 0.21009500 293.000000 4.000000 2754.000000 3.000000
-0.74106199 -3.51637292 0.20951900 324.000000 5.000000 2415.000000 3.000000
-0.76009399 -3.50004411 0.20894399 308.000000 5.000000 2199.000000 3.000000
-0.77938598 -3.48556399 0.20846400 322.000000 5.000000 2284.000000 3.000000
-0.79875201 -3.47195292 0.20803200 351.000000 5.000000 2361.000000 3.000000
-0.82461798 -3.48643208 0.20899200 453.000000 7.000000 2278.000000 3.000000
-0.83965498 -3.45509410 0.20769601 301.000000 5.000000 2202.000000 3.000000
-0.87769300 -3.51773405 0.21105500 182.000000 3.000000 4386.000000 3.000000
-0.73048902 -3.57815790 0.12362000 1101.000000 16.000000 4592.000000 3.000000
-0.75160497 -3.56969500 0.12352600 1483.000000 23.000000 4623.000000 3.000000
-0.76754898 -3.53766298 0.12286600 1156.000000 17.000000 4015.000000 3.000000
-0.78596598 -3.51825309 0.12251300 1312.000000 19.000000 3518.000000 3.000000
-0.80686599 -3.51044106 0.12244200 1252.000000 18.000000 3093.000000 3.000000
-0.83207500 -3.52098989 0.12281900 1084.000000 15.000000 3188.000000 3.000000
-0.85130101 -3.50610399 0.12258300 477.000000 6.000000 4358.000000 3.000000
-0.67174202 -3.50595188 0.03819500 140.000000 3.000000 7355.000000 3.000000
-0.68995798 -3.48508406 0.03819500 584.000000 11.000000 7909.000000 3.000000
-0.71252400 -3.48666501 0.03819500 913.000000 17.000000 7845.000000 3.000000
-0.73123801 -3.46950412 0.03819500 1095.000000 21.000000 7890.000000 3.000000
-0.75208998 -3.46299696 0.03819500 1153.000000 23.000000 7905.000000 3.000000
-0.77071899 -3.44660306 0.03819500 1447.000000 30.000000 8088.000000 3.000000
-0.79430699 -3.45253205 0.03819500 1781.000000 39.000000 7927.000000 3.000000
-0.81455898 -3.44369888 0.03819500 1976.000000 44.000000 7928.000000 3.000000
-0.83732003 -3.44544005 0.03819500 1677.000000 36.000000 7885.000000 3.000000
-0.85844499 -3.44023800 0.03819500 1545.000000 32.000000 8404.000000 3.000000
-0.88546598 -3.45816302 0.03819500 1361.000000 28.000000 8438.000000 3.000000
-0.90742701 -3.45556593 0.03819500 1242.000000 25.000000 8238.000000 3.000000
-0.93120098 -3.45959306 0.03819500 936.000000 18.000000 8202.000000 3.000000
-0.96379799 -3.49527907 0.03819500 625.000000 12.000000 7922.000000 3.000000
-0.99361801 -3.51914191 0.03819500 358.000000 6.000000 7340.000000 3.000000
-0.60002899 -3.48463798 -0.04755900 1985.000000 33.000000 7435.000000 3.000000
-0.61858201 -3.46514606 -0.04716800 2271.000000 40.000000 7106.000000 3.000000
-0.63855702 -3.45440412 -0.04699700 2276.000000 40.000000 7132.000000 3.000000
-0.65804797 -3.44158411 -0.04677700 2716.000000 53.000000 6669.000000 3.000000
-0.67915303 -3.43748212 -0.04677700 2662.000000 52.000000 7365.000000 3.000000
-0.69983202 -3.43129110 -0.04672800 2640.000000 51.000000 7267.000000 3.000000
-0.72066599 -3.42595410 -0.04670400 2534.000000 48.000000 6928.000000 3.000000
-0.74167401 -3.42146802 -0.04670400 2574.000000 49.000000 6957.000000 3.000000
-0.76330799 -3.41977906 -0.04677700 2565.000000 48.000000 6687.000000 3.000000
-0.78562200 -3.42087698 -0.04692400 2453.000000 45.000000 6638.000000 3.000000
-0.80797797 -3.42182899 -0.04707000 2357.000000 42.000000 6552.000000 3.000000
-0.82943100 -3.41875005 -0.04711900 2385.000000 43.000000 6627.000000 3.000000
-0.85232800 -3.42135596 -0.04731500 2569.000000 49.000000 6830.000000 3.000000
-0.87404901 -3.41896701 -0.04738800 2584.000000 49.000000 6938.000000 3.000000
-0.89678901 -3.42030811 -0.04755900 2519.000000 47.000000 6720.000000 3.000000
-0.91931701 -3.42053294 -0.04770600 2479.000000 46.000000 6485.000000 3.000000
-0.94347697 -3.42639303 -0.04799900 2305.000000 41.000000 6823.000000 3.000000
-0.96556997 -3.42438793 -0.04809700 2204.000000 39.000000 6632.000000 3.000000
-0.98906100 -3.42704201 -0.04831700 2218.000000 39.000000 6389.000000 3.000000
-1.02169204 -3.46021509 -0.04931800 2030.000000 34.000000 5935.000000 3.000000
-1.04637599 -3.46536398 -0.04961100 1955.000000 33.000000 6647.000000 3.000000
-1.07824600 -3.49326205 -0.05049100 477.000000 6.000000 5104.000000 3.000000
-0.58016098 -3.49281812 -0.13058600 800.000000 14.000000 6719.000000 3.000000
-0.59669101 -3.46064210 -0.12919500 1923.000000 41.000000 7579.000000 3.000000
-0.61686599 -3.45101500 -0.12890700 2384.000000 56.000000 6423.000000 3.000000
-0.63821000 -3.44814706 -0.12895501 2263.000000 52.000000 5841.000000 3.000000
-0.65991497 -3.44710994 -0.12909900 2159.000000 48.000000 5372.000000 3.000000
-0.67662102 -3.42045403 -0.12799600 1977.000000 43.000000 6280.000000 3.000000
-0.69680101 -3.41232300 -0.12780400 2368.000000 56.000000 6530.000000 3.000000
-0.71629202 -3.40113902 -0.12746800 2537.000000 62.000000 6644.000000 3.000000
-0.73693699 -3.39570403 -0.12741999 2604.000000 64.000000 6449.000000 3.000000
-0.75819200 -3.39306808 -0.12751600 2629.000000 65.000000 6488.000000 3.000000
-0.78033298 -3.39419389 -0.12780400 2723.000000 69.000000 6504.000000 3.000000
-0.80183101 -3.39225888 -0.12794800 2640.000000 66.000000 6442.000000 3.000000
-0.82450801 -3.39504290 -0.12833200 2717.000000 69.000000 6390.000000 3.000000
-0.84772998 -3.39961410 -0.12881100 2815.000000 73.000000 6248.000000 3.000000
-0.86980599 -3.39918900 -0.12905100 2923.000000 78.000000 6631.000000 3.000000
-0.89089900 -3.39475393 -0.12909900 2862.000000 75.000000 6596.000000 3.000000
-0.91274601 -3.39308310 -0.12929100 2888.000000 77.000000 6510.000000 3.000000
-0.93434101 -3.39030790 -0.12943500 2637.000000 66.000000 6193.000000 3.000000
-0.96188200 -3.40855098 -0.13063399 2098.000000 46.000000 5498.000000 3.000000
-0.99603200 -3.44866204 -0.13293700 1952.000000 42.000000 4850.000000 3.000000
-1.02309597 -3.46260810 -0.13394500 2002.000000 43.000000 4837.000000 3.000000
-1.04576302 -3.46104693 -0.13418500 2307.000000 53.000000 5782.000000 3.000000
-1.07197297 -3.47079492 -0.13500001 2016.000000 44.000000 5691.000000 3.000000
-1.09744406 -3.47749209 -0.13567200 730.000000 13.000000 5654.000000 3.000000
-0.55860400 -3.50038505 -0.21765199 1496.000000 23.000000 6766.000000 3.000000
-0.57696402 -3.47819805 -0.21627399 2487.000000 46.000000 6298.000000 3.000000
-0.59829497 -3.47459292 -0.21627399 2462.000000 45.000000 5611.000000 3.000000
-0.61977899 -3.47183800 -0.21634600 2421.000000 44.000000 5136.000000 3.000000
-0.64324999 -3.47973800 -0.21721700 1936.000000 32.000000 4739.000000 3.000000
-0.66946900 -3.50119400 -0.21910299 2520.000000 47.000000 4873.000000 3.000000
-0.68396598 -3.46179795 -0.21649100 2180.000000 38.000000 5655.000000 3.000000
-0.69900501 -3.42724395 -0.21424200 2377.000000 43.000000 5749.000000 3.000000
-0.71405602 -3.39458799 -0.21213900 2551.000000 48.000000 6280.000000 3.000000
-0.73635298 -3.39696598 -0.21264701 2811.000000 56.000000 5758.000000 3.000000
-0.75696498 -3.39141011 -0.21257401 2674.000000 52.000000 5753.000000 3.000000
-0.77843100 -3.38961792 -0.21279199 2767.000000 55.000000 5530.000000 3.000000
-0.80036199 -3.38963103 -0.21315400 2748.000000 54.000000 5415.000000 3.000000
-0.82350099 -3.39434695 -0.21388000 2585.000000 49.000000 5555.000000 3.000000
-0.84672701 -3.39890790 -0.21460500 2774.000000 55.000000 5923.000000 3.000000
-0.86880398 -3.39847898 -0.21496800 2854.000000 58.000000 5984.000000 3.000000
-0.89014602 -3.39501405 -0.21511300 2796.000000 56.000000 5494.000000 3.000000
-0.91329402 -3.39815497 -0.21576600 2597.000000 49.000000 5279.000000 3.000000
-0.93545300 -3.39729500 -0.21612900 2366.000000 43.000000 5043.000000 3.000000
-0.96088898 -3.40780902 -0.21736200 1856.000000 30.000000 4998.000000 3.000000
-1.00254798 -3.47371006 -0.22280200 717.000000 10.000000 4758.000000 3.000000
-1.05014300 -3.55644202 -0.22954901 1272.000000 19.000000 4097.000000 3.000000
-1.06472898 -3.52606392 -0.22773500 2072.000000 36.000000 4570.000000 3.000000
-1.08310401 -3.50898290 -0.22693700 2422.000000 45.000000 5094.000000 3.000000
-1.10611701 -3.50702691 -0.22730000 2505.000000 47.000000 5200.000000 3.000000
-1.13588095 -3.52580190 -0.22925900 1792.000000 29.000000 4710.000000 3.000000
-1.16466904 -3.54055405 -0.23092701 244.000000 3.000000 2124.000000 3.000000
-0.52692199 -3.75847197 -0.32532400 374.000000 6.000000 4846.000000 3.000000
-0.53722602 -3.66750193 -0.31677800 665.000000 11.000000 5620.000000 3.000000
-0.54135901 -3.54308891 -0.30496699 1153.000000 22.000000 6589.000000 3.000000
-0.55982703 -3.51905298 -0.30295101 1516.000000 30.000000 5940.000000 3.000000
-0.57624602 -3.48412108 -0.29987800 1751.000000 36.000000 5876.000000 3.000000
-0.59828299 -3.48444510 -0.30026299 1999.000000 43.000000 5858.000000 3.000000
-0.62069201 -3.48658895 -0.30083901 1617.000000 33.000000 4586.000000 3.000000
-0.65732199 -3.56593704 -0.30899999 236.000000 4.000000 2344.000000 3.000000
-0.65824002 -3.45132709 -0.29815000 633.000000 11.000000 5928.000000 3.000000
-0.67500299 -3.42475700 -0.29594201 1737.000000 36.000000 7982.000000 3.000000
-0.69422698 -3.41177011 -0.29507700 1774.000000 37.000000 8035.000000 3.000000
-0.71291101 -3.39672804 -0.29402101 1857.000000 40.000000 7544.000000 3.000000
-0.73311198 -3.38936996 -0.29373300 2291.000000 53.000000 6214.000000 3.000000
-0.75454098 -3.38772297 -0.29402101 2420.000000 57.000000 6056.000000 3.000000
-0.77642000 -3.38788199 -0.29450101 2035.000000 45.000000 5866.000000 3.000000
-0.79742002 -3.38402295 -0.29459700 2302.000000 53.000000 6377.000000 3.000000
-0.82050002 -3.38874412 -0.29555801 2353.000000 55.000000 6030.000000 3.000000
-0.84342998 -3.39234209 -0.29642200 2238.000000 51.000000 5927.000000 3.000000
-0.86667901 -3.39674997 -0.29738200 2278.000000 52.000000 5529.000000 3.000000
-0.88976300 -3.40003705 -0.29824600 1977.000000 43.000000 5461.000000 3.000000
-0.91292000 -3.40316892 -0.29911000 1852.000000 39.000000 5056.000000 3.000000
-0.93825102 -3.41382504 -0.30074301 1753.000000 36.000000 5109.000000 3.000000
-0.96240401 -3.41950488 -0.30189499 1646.000000 34.000000 5351.000000 3.000000
-0.99873900 -3.46711493 -0.30727199 1352.000000 26.000000 5484.000000 3.000000
-0.65349299 -3.41461110 -0.38107300 1266.000000 19.000000 5180.000000 3.000000
-0.67385399 -3.40761590 -0.38071099 2226.000000 39.000000 5322.000000 3.000000
-0.69355601 -3.39758205 -0.37998700 2177.000000 38.000000 5215.000000 3.000000
-0.71295601 -3.38646293 -0.37914199 2246.000000 39.000000 5336.000000 3.000000
-0.73203498 -3.37426400 -0.37817699 2038.000000 34.000000 5085.000000 3.000000
-0.75250900 -3.36874008 -0.37805599 2378.000000 43.000000 5408.000000 3.000000
-0.77405602 -3.36792898 -0.37853900 2377.000000 43.000000 6221.000000 3.000000
-0.79676402 -3.37180996 -0.37962499 1989.000000 33.000000 6246.000000 3.000000
-0.82142597 -3.38325596 -0.38167599 2359.000000 43.000000 6016.000000 3.000000
-0.84313202 -3.38200402 -0.38215899 2464.000000 45.000000 5160.000000 3.000000
-0.86485302 -3.38061404 -0.38264099 2107.000000 36.000000 4957.000000 3.000000
-0.89012098 -3.39252496 -0.38481301 2338.000000 42.000000 5584.000000 3.000000
-0.91246998 -3.39275098 -0.38553700 2411.000000 44.000000 5495.000000 3.000000
-0.93960702 -3.41005492 -0.38843301 2102.000000 36.000000 5583.000000 3.000000
-0.96348202 -3.41473293 -0.38975999 2022.000000 34.000000 5433.000000 3.000000
-0.99848098 -3.45739198 -0.39591399 1470.000000 22.000000 5077.000000 3.000000
-1.02784395 -3.47880602 -0.39941299 331.000000 4.000000 4451.000000 3.000000
-0.66689700 -3.39585900 -0.46030700 1571.000000 32.000000 6364.000000 3.000000
-0.68733001 -3.38976192 -0.46002001 2257.000000 52.000000 6573.000000 3.000000
-0.70731097 -3.38160491 -0.45944500 2034.000000 45.000000 7007.000000 3.000000
-0.72721702 -3.37333107 -0.45886999 1787.000000 38.000000 7627.000000 3.000000
-0.74704802 -3.36493993 -0.45829600 2087.000000 47.000000 7715.000000 3.000000
-0.76789999 -3.36125803 -0.45843899 2282.000000 53.000000 7495.000000 3.000000
-0.78963602 -3.36130190 -0.45915800 2485.000000 60.000000 7372.000000 3.000000
-0.81047702 -3.35735607 -0.45930099 2637.000000 66.000000 7166.000000 3.000000
-0.83437997 -3.36577106 -0.46131301 2826.000000 74.000000 6898.000000 3.000000
-0.85671699 -3.36730289 -0.46231800 2845.000000 75.000000 6546.000000 3.000000
-0.87835801 -3.36581397 -0.46289301 2810.000000 73.000000 6408.000000 3.000000
-0.89975703 -3.36322999 -0.46332401 2663.000000 67.000000 6246.000000 3.000000
-0.92167902 -3.36242008 -0.46404201 2402.000000 57.000000 6198.000000 3.000000
-0.94788802 -3.37671590 -0.46705899 2241.000000 51.000000 6115.000000 3.000000
-0.97349000 -3.38796306 -0.46964499 2083.000000 46.000000 6202.000000 3.000000
-1.00343597 -3.41326690 -0.47438601 1662.000000 34.000000 5798.000000 3.000000
-1.02577996 -3.41178608 -0.47510499 483.000000 8.000000 4005.000000 3.000000
-0.68049800 -3.55542898 -0.57530200 1361.000000 21.000000 5131.000000 3.000000
-0.68869799 -3.48253489 -0.56335199 1448.000000 22.000000 5530.000000 3.000000
-0.69524002 -3.40581298 -0.55072802 1753.000000 28.000000 4779.000000 3.000000
-0.71185201 -3.38122797 -0.54719299 2175.000000 38.000000 5670.000000 3.000000
-0.72923601 -3.36138511 -0.54449999 2652.000000 51.000000 6032.000000 3.000000
-0.74898601 -3.35299897 -0.54382700 2749.000000 54.000000 5489.000000 3.000000
-0.76932502 -3.34737992 -0.54365802 2438.000000 45.000000 4372.000000 3.000000
-0.78962201 -3.34163690 -0.54348999 2325.000000 41.000000 3903.000000 3.000000
-0.80941200 -3.33385611 -0.54298502 2094.000000 36.000000 4000.000000 3.000000
-0.83582300 -3.35273600 -0.54719299 1905.000000 31.000000 3927.000000 3.000000
-0.85760301 -3.35231805 -0.54803503 1925.000000 32.000000 3894.000000 3.000000
-0.88066101 -3.35652709 -0.54971802 1864.000000 30.000000 4185.000000 3.000000
-0.90431702 -3.36248207 -0.55173802 2009.000000 34.000000 3969.000000 3.000000
-0.92912698 -3.37207294 -0.55443102 1920.000000 32.000000 3985.000000 3.000000
-0.95355201 -3.37958908 -0.55678701 1799.000000 29.000000 3792.000000 3.000000
-0.98522502 -3.41155195 -0.56352001 1489.000000 23.000000 3756.000000 3.000000
-1.01257098 -3.42718291 -0.56739098 731.000000 10.000000 3456.000000 3.000000
-0.69196200 -3.43114400 -0.63948101 625.000000 11.000000 5837.000000 3.000000
-0.71161002 -3.42010593 -0.63814002 1628.000000 33.000000 5494.000000 3.000000
-0.73012501 -3.40415597 -0.63584298 1632.000000 33.000000 5422.000000 3.000000
-0.74531198 -3.37372899 -0.63067198 2107.000000 47.000000 5328.000000 3.000000
-0.76643199 -3.37100697 -0.63105500 2120.000000 47.000000 4866.000000 3.000000
-0.78687900 -3.36528492 -0.63086402 1819.000000 38.000000 4781.000000 3.000000
-0.80728501 -3.35943890 -0.63067198 1905.000000 41.000000 4672.000000 3.000000
-0.82858503 -3.35728192 -0.63124698 1939.000000 42.000000 4678.000000 3.000000
-0.85852700 -3.38925099 -0.63871503 1663.000000 34.000000 4311.000000 3.000000
-0.88004398 -3.38677001 -0.63928902 1562.000000 31.000000 3943.000000 3.000000
-0.91464603 -3.43348503 -0.64982200 1251.000000 24.000000 4217.000000 3.000000
-0.93801302 -3.43633294 -0.65154499 1180.000000 22.000000 4154.000000 3.000000
-0.96250302 -3.44280505 -0.65403497 933.000000 17.000000 4107.000000 3.000000
-0.99544603 -3.47836590 -0.66246003 479.000000 8.000000 3870.000000 3.000000
-0.72210401 -3.42689204 -0.72966301 1269.000000 19.000000 4829.000000 3.000000
-0.73730600 -3.39568090 -0.72362101 1753.000000 28.000000 4519.000000 3.000000
-0.75385898 -3.37203598 -0.71930599 1906.000000 31.000000 4644.000000 3.000000
-0.77322000 -3.36163807 -0.71801198 2129.000000 37.000000 4709.000000 3.000000
-0.79473299 -3.36063099 -0.71887499 2210.000000 39.000000 4686.000000 3.000000
-0.81626201 -3.35948610 -0.71973801 2180.000000 38.000000 4675.000000 3.000000
-0.84159398 -3.37336111 -0.72405303 1982.000000 33.000000 4552.000000 3.000000
-0.86421698 -3.37570000 -0.72577900 1621.000000 25.000000 4077.000000 3.000000
-0.92315602 -3.51576304 -0.75900602 1209.000000 18.000000 3377.000000 3.000000
-0.95106399 -3.53360200 -0.76440001 1293.000000 19.000000 3491.000000 3.000000
-0.98598200 -3.57570195 -0.77540302 303.000000 4.000000 3023.000000 3.000000
-0.75194001 -3.42654490 -0.81752700 524.000000 9.000000 6015.000000 3.000000
-0.76379597 -3.38112497 -0.80726302 1569.000000 32.000000 5889.000000 3.000000
-0.78124797 -3.36218309 -0.80368298 2120.000000 48.000000 5777.000000 3.000000
-0.80186301 -3.35732603 -0.80368298 2203.000000 50.000000 5531.000000 3.000000
-0.82359898 -3.35705996 -0.80487603 2014.000000 44.000000 5296.000000 3.000000
-0.84630698 -3.36042094 -0.80702400 1978.000000 43.000000 5099.000000 3.000000
-0.87029600 -3.36833096 -0.81036597 1692.000000 35.000000 5067.000000 3.000000
-0.90803403 -3.42771792 -0.82683700 1298.000000 25.000000 4993.000000 3.000000
-0.77871102 -3.38279104 -0.90079600 1223.000000 18.000000 4447.000000 3.000000
-0.79544699 -3.36105204 -0.89606100 1492.000000 23.000000 4657.000000 3.000000
-0.81103200 -3.33548498 -0.89027500 1824.000000 30.000000 4377.000000 3.000000
-0.82984501 -3.32389402 -0.88843298 2150.000000 37.000000 4840.000000 3.000000
-0.84734601 -3.30752611 -0.88527697 1781.000000 29.000000 5323.000000 3.000000
-0.87204498 -3.31905794 -0.89001203 921.000000 13.000000 4717.000000 3.000000
-0.84658802 -3.57029295 -1.04767299 1259.000000 24.000000 5956.000000 3.000000
-0.80976999 -3.32288289 -0.97339398 1461.000000 29.000000 6309.000000 3.000000
-0.82342899 -3.29088306 -0.96510899 1648.000000 34.000000 6228.000000 3.000000
-0.84099698 -3.27555609 -0.96196699 1773.000000 38.000000 6666.000000 3.000000
-0.85403502 -3.24344993 -0.95368201 1932.000000 42.000000 6859.000000 3.000000
-0.87317502 -3.23537207 -0.95282501 1844.000000 40.000000 6593.000000 3.000000
-0.89377302 -3.23272491 -0.95368201 1676.000000 35.000000 6794.000000 3.000000
-0.91437203 -3.22994804 -0.95453900 1095.000000 21.000000 6468.000000 3.000000
-0.86308497 -3.35678601 -1.08248496 1129.000000 17.000000 5181.000000 3.000000
-0.85089201 -3.22732496 -1.04065597 1708.000000 28.000000 5149.000000 3.000000
-0.85974902 -3.18166208 -1.02702200 2040.000000 35.000000 5791.000000 3.000000
-0.87620699 -3.16533303 -1.02330399 2212.000000 39.000000 5938.000000 3.000000
-0.89483398 -3.15715289 -1.02237499 2320.000000 40.000000 5687.000000 3.000000
-0.91312802 -3.14794993 -1.02113497 2130.000000 35.000000 5711.000000 3.000000
-0.93378001 -3.14684510 -1.02268505 1866.000000 29.000000 5860.000000 3.000000
-0.95832402 -3.15834093 -1.02857196 1531.000000 24.000000 5993.000000 3.000000
-0.89972597 -3.20132399 -1.12275803 1330.000000 26.000000 5810.000000 3.000000
-0.91130197 -3.16763091 -1.11246598 1431.000000 29.000000 5288.000000 3.000000
-0.91799003 -3.11852908 -1.09652996 1689.000000 34.000000 5573.000000 3.000000
-0.93602401 -3.10922408 -1.09520304 1593.000000 32.000000 6070.000000 3.000000
-0.95370299 -3.09891200 -1.09354305 1523.000000 30.000000 5535.000000 3.000000
-0.96762598 -3.07679892 -1.08756697 1939.000000 41.000000 6581.000000 3.000000
-0.98476303 -3.06541300 -1.08557498 2008.000000 43.000000 6751.000000 3.000000
-0.99125201 -3.02165294 -1.07163095 1135.000000 21.000000 4503.000000 3.000000
-1.00291097 -2.99493194 -1.06399500 460.000000 7.000000 2791.000000 3.000000
-1.02157295 -2.98961496 -1.06432700 521.000000 9.000000 2680.000000 3.000000
-0.95827299 -2.95938897 -1.13684702 1575.000000 23.000000 4099.000000 3.000000
