2.08692193 1.41267097 -0.91180003 839.000000 8.000000 3016.000000 0.000000
2.09632802 1.40035796 -0.91215599 1089.000000 11.000000 2462.000000 0.000000
2.10409999 1.38695502 -0.91180003 1026.000000 11.000000 2277.000000 0.000000
2.11257100 1.37401903 -0.91180003 1201.000000 13.000000 2933.000000 0.000000
2.28952789 1.35280895 -0.96485698 645.000000 6.000000 3149.000000 0.000000
2.34382200 1.36552596 -0.98515397 413.000000 4.000000 2842.000000 0.000000
2.08965802 1.40888202 -0.97885102 969.000000 14.000000 3851.000000 0.000000
2.09826303 1.39603400 -0.97885102 953.000000 14.000000 3268.000000 0.000000
2.11065602 1.38567996 -0.98074001 874.000000 12.000000 3324.000000 0.000000
2.27820897 1.43670595 -1.04947698 688.000000 10.000000 4139.000000 0.000000
2.27834201 1.41730702 -1.04532301 1444.000000 25.000000 4386.000000 0.000000
2.29330301 1.40718400 -1.04834402 1883.000000 35.000000 4304.000000 0.000000
2.30189395 1.39308596 -1.04834402 1430.000000 24.000000 4512.000000 0.000000
2.31039906 1.37893605 -1.04834402 437.000000 6.000000 3788.000000 0.000000
2.09862590 1.41900098 -1.06145203 1574.000000 18.000000 3619.000000 0.000000
2.11034107 1.40812898 -1.06305897 1175.000000 13.000000 3011.000000 0.000000
2.15031099 1.41578305 -1.07953298 741.000000 7.000000 3322.000000 0.000000
2.36482906 1.53615201 -1.18721199 854.000000 10.000000 4111.000000 0.000000
2.29631591 1.47174394 -1.14663100 1230.000000 15.000000 3203.000000 0.000000
2.27433395 1.43806696 -1.13056004 1451.000000 18.000000 2706.000000 0.000000
2.28389311 1.42456901 -1.13096094 1574.000000 20.000000 3340.000000 0.000000
2.28869009 1.40813100 -1.12895203 1428.000000 18.000000 4092.000000 0.000000
2.29728699 1.39406097 -1.12895203 1544.000000 20.000000 3985.000000 0.000000
2.36867809 1.41752803 -1.16109502 1291.000000 16.000000 3815.000000 0.000000
2.10639310 1.42816496 -1.13709104 643.000000 9.000000 3049.000000 0.000000
2.11887693 1.41773903 -1.13920605 848.000000 12.000000 3053.000000 0.000000
2.13206911 1.40771401 -1.14174294 597.000000 8.000000 3004.000000 0.000000
2.25898194 1.47196400 -1.20772099 973.000000 15.000000 3617.000000 0.000000
2.27254009 1.46102297 -1.21025896 1293.000000 22.000000 3914.000000 0.000000
2.29139996 1.45337605 -1.21575701 1448.000000 25.000000 3724.000000 0.000000
2.28339100 1.42868900 -1.20645201 1027.000000 16.000000 3467.000000 0.000000
2.31060290 1.42610204 -1.21660304 1159.000000 19.000000 3197.000000 0.000000
2.32163000 1.41331506 -1.21787202 1103.000000 18.000000 3293.000000 0.000000
2.34034896 1.40512204 -1.22336996 917.000000 14.000000 3527.000000 0.000000
2.31309104 1.36944401 -1.20391500 469.000000 7.000000 3130.000000 0.000000
2.12189388 1.45107102 -1.23162603 1323.000000 15.000000 3131.000000 0.000000
2.12037206 1.43102205 -1.22537196 1168.000000 13.000000 3023.000000 0.000000
2.13432693 1.42145395 -1.22849905 1173.000000 13.000000 2994.000000 0.000000
