-1.64658296 1.63339603 -0.89689499 201.000000 2.000000 1990.000000 3.000000
-1.47428405 1.71109200 -0.94091600 89.000000 1.000000 1706.000000 3.000000
-1.46434999 1.72080398 -0.94131702 99.000000 1.000000 1973.000000 3.000000
-1.28067398 1.72560298 -0.95226902 127.000000 1.000000 2022.000000 3.000000
-1.27113605 1.73488903 -0.95311499 94.000000 1.000000 1848.000000 3.000000
-1.25620699 1.73678994 -0.94973099 129.000000 1.000000 1769.000000 3.000000
-1.24816597 1.74814701 -0.95184600 73.000000 1.000000 2340.000000 3.000000
-0.99044299 1.72905004 -0.94307899 179.000000 1.000000 1658.000000 3.000000
-0.98025501 1.73587406 -0.94352603 196.000000 1.000000 1577.000000 3.000000
-0.96915102 1.74107397 -0.94307899 198.000000 1.000000 2049.000000 3.000000
-0.95973903 1.74934196 -0.94441903 148.000000 1.000000 2291.000000 3.000000
-0.94983703 1.75677299 -0.94531202 161.000000 1.000000 2339.000000 3.000000
-0.73635602 1.73123801 -0.94249701 157.000000 1.000000 1623.000000 3.000000
-0.72709101 1.73898304 -0.94436598 110.000000 1.000000 1487.000000 3.000000
-0.72215098 1.75729799 -0.95231301 95.000000 1.000000 1447.000000 3.000000
-0.70669502 1.75023103 -0.94576901 62.000000 1.000000 1726.000000 3.000000
1.19194603 1.83360696 -0.97003198 98.000000 1.000000 1642.000000 3.000000
1.20913899 1.83535099 -0.97510701 117.000000 1.000000 1890.000000 3.000000
0.90438098 1.79062903 -0.94977897 126.000000 1.000000 1511.000000 3.000000
0.91616797 1.78663802 -0.95067298 130.000000 1.000000 1375.000000 3.000000
0.93207800 1.79050195 -0.95603299 113.000000 1.000000 1513.000000 3.000000
0.61875302 1.78228402 -0.94530100 90.000000 1.000000 1776.000000 3.000000
0.62997001 1.77928698 -0.94576901 109.000000 1.000000 1533.000000 3.000000
0.64057702 1.77455604 -0.94530100 103.000000 1.000000 1537.000000 3.000000
0.65903801 1.79135096 -0.95698798 146.000000 1.000000 1489.000000 3.000000
0.66600698 1.77650297 -0.95091099 218.000000 1.000000 1793.000000 3.000000
0.67658103 1.77155697 -0.95044303 229.000000 1.000000 1787.000000 3.000000
-1.33848596 3.93560600 0.84325999 1440.000000 27.000000 7684.000000 3.000000
0.63166702 -1.63806999 -0.76871502 305.000000 2.000000 1600.000000 3.000000
0.62289602 -1.64530206 -0.77040702 178.000000 1.000000 1570.000000 3.000000
0.61119998 -1.64485002 -0.76829201 161.000000 1.000000 1684.000000 3.000000
0.59547198 -1.63325799 -0.76067901 108.000000 1.000000 2219.000000 3.000000
0.54216301 -1.64807403 -0.81443900 780.000000 4.000000 2283.000000 3.000000
0.52985102 -1.64455497 -0.81086600 1113.000000 6.000000 1661.000000 3.000000
0.52189797 -1.65460300 -0.81443900 868.000000 4.000000 1457.000000 3.000000
0.51041901 -1.65349901 -0.81220597 557.000000 3.000000 1357.000000 3.000000
0.49768400 -1.64803302 -0.80773902 431.000000 2.000000 1494.000000 3.000000
0.49009001 -1.65963805 -0.81220597 229.000000 1.000000 1774.000000 3.000000
0.44620201 -1.65993094 -0.80639899 720.000000 4.000000 2059.000000 3.000000
0.43600899 -1.66263700 -0.80639899 832.000000 4.000000 1771.000000 3.000000
0.42579901 -1.66528106 -0.80639899 762.000000 4.000000 1633.000000 3.000000
0.41255400 -1.65570605 -0.80014598 601.000000 3.000000 1572.000000 3.000000
0.40385899 -1.66429400 -0.80327302 495.000000 2.000000 1483.000000 3.000000
0.39445901 -1.67022395 -0.80505902 409.000000 2.000000 1831.000000 3.000000
-0.70583802 -1.72003806 -0.93080997 91.000000 1.000000 1625.000000 3.000000
-0.72078198 -1.72628999 -0.93688703 85.000000 1.000000 1568.000000 3.000000
-0.73411101 -1.72835004 -0.94062698 77.000000 1.000000 1528.000000 3.000000
-0.74400401 -1.72218800 -0.93969202 115.000000 1.000000 1545.000000 3.000000
-0.75738698 -1.72407198 -0.94343102 112.000000 1.000000 1572.000000 3.000000
-0.76795101 -1.71939194 -0.94343102 121.000000 1.000000 1531.000000 3.000000
-0.77666903 -1.71061897 -0.94109398 124.000000 1.000000 1643.000000 3.000000
-0.79525900 -1.72349894 -0.95137799 245.000000 2.000000 1631.000000 3.000000
-0.79610801 -1.69775498 -0.93922400 390.000000 3.000000 1963.000000 3.000000
-0.34373900 -1.65674901 -0.89957500 242.000000 1.000000 1788.000000 3.000000
-0.39908499 -1.66490901 -0.91086203 357.000000 1.000000 1458.000000 3.000000
-0.41096500 -1.66919601 -0.91478801 430.000000 2.000000 1477.000000 3.000000
-0.42505500 -1.68184495 -0.92362100 470.000000 2.000000 1546.000000 3.000000
-0.43339199 -1.67161596 -0.91920501 396.000000 2.000000 1531.000000 3.000000
-0.45262200 -1.70260000 -0.93883502 296.000000 1.000000 1665.000000 3.000000
-0.46903199 -1.72164297 -0.95159400 473.000000 2.000000 1991.000000 3.000000
