-1.80661702 1.78502297 -0.91927803 1726.000000 20.000000 3440.000000 0.000000
-1.87377405 1.81297600 -1.01435304 878.000000 12.000000 2953.000000 0.000000
-1.89110196 1.85225403 -1.03059304 626.000000 8.000000 2185.000000 0.000000
-1.83833694 1.73107600 -1.05783606 787.000000 8.000000 3895.000000 0.000000
-1.81575596 1.73094296 -1.05060399 1996.000000 25.000000 3147.000000 0.000000
-1.90388799 1.83749199 -1.11087203 569.000000 6.000000 3657.000000 0.000000
-1.91156304 1.86770797 -1.12252402 1782.000000 24.000000 3342.000000 0.000000
-1.90201902 1.88133502 -1.12372899 2388.000000 36.000000 3020.000000 0.000000
-1.88720596 1.88972795 -1.12171996 1584.000000 20.000000 3184.000000 0.000000
-1.83964705 1.74928498 -1.13413095 1125.000000 17.000000 3089.000000 0.000000
-1.82430196 1.75614798 -1.13117003 1218.000000 18.000000 3087.000000 0.000000
-1.91229403 1.86327505 -1.19545603 730.000000 11.000000 3076.000000 0.000000
-1.90534794 1.87942100 -1.19841695 1401.000000 24.000000 3003.000000 0.000000
-1.89313805 1.89043701 -1.19799399 1257.000000 21.000000 2586.000000 0.000000
-1.86682200 1.88722396 -1.18826604 624.000000 9.000000 3488.000000 0.000000
-1.95449901 1.84376895 -1.28969204 1678.000000 22.000000 2962.000000 0.000000
-1.93926895 1.85201705 -1.28701198 1478.000000 19.000000 3435.000000 0.000000
-1.80893004 1.74877095 -1.20437896 2282.000000 31.000000 2998.000000 0.000000
-1.88188601 1.84186304 -1.26289201 1374.000000 17.000000 2788.000000 0.000000
-1.88261795 1.86534703 -1.27137899 1489.000000 19.000000 2184.000000 0.000000
-1.88818300 1.89398003 -1.28343904 2067.000000 29.000000 2519.000000 0.000000
-1.87966394 1.90871894 -1.28567195 1258.000000 15.000000 2533.000000 0.000000
-1.96552896 1.87927401 -1.38565505 1055.000000 18.000000 2539.000000 0.000000
-1.87253296 1.81273103 -1.32581902 1155.000000 19.000000 2517.000000 0.000000
-1.82026994 1.78403497 -1.29543400 1250.000000 21.000000 2534.000000 0.000000
-1.86523294 1.85049105 -1.33703899 809.000000 12.000000 2265.000000 0.000000
-1.86821198 1.87628603 -1.34779000 1119.000000 18.000000 2427.000000 0.000000
-1.85790598 1.88897204 -1.34872496 1385.000000 24.000000 2596.000000 0.000000
-1.85121703 1.90540099 -1.35246503 1300.000000 22.000000 2762.000000 0.000000
-1.84684896 1.92436504 -1.35807502 1061.000000 17.000000 2904.000000 0.000000
-1.87460494 1.97729802 -1.38846004 733.000000 12.000000 3024.000000 0.000000
-1.78412497 1.77071202 -1.36235297 1480.000000 19.000000 2545.000000 0.000000
-0.84565300 1.73472297 -0.79667401 1883.000000 12.000000 3812.000000 0.000000
-0.83420199 1.73822701 -0.79587001 2398.000000 17.000000 3399.000000 0.000000
-0.82703501 1.75076795 -0.79948598 584.000000 3.000000 4500.000000 0.000000
-0.82090300 1.76577699 -0.80430800 1968.000000 14.000000 3195.000000 0.000000
-0.80624902 1.76245105 -0.80028999 2488.000000 20.000000 3477.000000 0.000000
-0.79692101 1.77070606 -0.80189699 2419.000000 19.000000 3214.000000 0.000000
-0.78937203 1.78310096 -0.80551302 1709.000000 11.000000 3428.000000 0.000000
-0.85373700 1.74865603 -0.85753101 1791.000000 18.000000 3417.000000 0.000000
-0.83825898 1.74407101 -0.85245597 1892.000000 20.000000 3356.000000 0.000000
-0.85674000 1.81055200 -0.88417602 445.000000 3.000000 3359.000000 0.000000
-0.83523899 1.79361701 -0.87275702 1493.000000 14.000000 2866.000000 0.000000
-0.81284100 1.77401900 -0.86006898 1993.000000 21.000000 2810.000000 0.000000
-0.80343699 1.78227401 -0.86176097 2000.000000 21.000000 3215.000000 0.000000
-0.79839200 1.80041099 -0.86852801 1138.000000 10.000000 3169.000000 0.000000
-0.92517501 1.73650002 -0.93057299 266.000000 1.000000 2290.000000 0.000000
-0.84343803 1.73396301 -0.91091901 2255.000000 17.000000 3423.000000 0.000000
-0.83509803 1.74394906 -0.91359901 2562.000000 21.000000 2850.000000 0.000000
-0.84799600 1.79923499 -0.94129300 630.000000 3.000000 2676.000000 0.000000
-0.81107497 1.80637395 -0.93682599 1286.000000 8.000000 2327.000000 0.000000
-0.80899799 1.83178401 -0.94799298 1693.000000 11.000000 2536.000000 0.000000
-0.79881102 1.83917606 -0.94933200 1599.000000 11.000000 2365.000000 0.000000
-0.78786200 1.84486604 -0.94977897 977.000000 6.000000 2683.000000 0.000000
-0.85981101 1.74658203 -0.97708899 648.000000 5.000000 3455.000000 0.000000
-0.84752899 1.74864602 -0.97521901 1923.000000 20.000000 2813.000000 0.000000
-0.83257699 1.74504602 -0.97007698 1219.000000 11.000000 2903.000000 0.000000
-0.82106000 1.83508801 -1.01074696 535.000000 4.000000 2346.000000 0.000000
-0.81050098 1.84170902 -1.01168203 559.000000 4.000000 1922.000000 0.000000
-0.79318702 1.83286798 -1.00373495 217.000000 1.000000 1736.000000 0.000000
-0.84609801 1.74325800 -1.03796601 2132.000000 16.000000 3232.000000 0.000000
-0.83538502 1.74841702 -1.03796601 2178.000000 16.000000 3133.000000 0.000000
-0.81608498 1.85218000 -1.08655095 1529.000000 12.000000 3177.000000 0.000000
-0.80435902 1.85635304 -1.08606005 2264.000000 20.000000 2994.000000 0.000000
-0.79534000 1.86686599 -1.08949494 2033.000000 17.000000 2827.000000 0.000000
-0.79092598 1.88859296 -1.09980094 787.000000 5.000000 3092.000000 0.000000
-0.86061603 1.75933599 -1.10927296 879.000000 8.000000 3180.000000 0.000000
-0.84755599 1.75994098 -1.10620904 1756.000000 18.000000 2750.000000 0.000000
-0.85413200 1.80158305 -1.13021100 599.000000 6.000000 3118.000000 0.000000
-0.84018803 1.89028895 -1.17464197 541.000000 5.000000 2603.000000 0.000000
-0.82026798 1.87652004 -1.16238499 1184.000000 13.000000 2549.000000 0.000000
-0.80976200 1.88388503 -1.16391695 1522.000000 17.000000 2621.000000 0.000000
-0.79751498 1.88723505 -1.16289604 1159.000000 12.000000 2753.000000 0.000000
-0.85166103 1.75859904 -1.17852294 1753.000000 14.000000 2850.000000 0.000000
-0.84412402 1.77066302 -1.18332899 1683.000000 14.000000 2553.000000 0.000000
-0.84716302 1.92735398 -1.27409303 942.000000 7.000000 2354.000000 0.000000
-0.81488901 1.88515699 -1.24152505 1407.000000 11.000000 2377.000000 0.000000
-0.79802400 1.87766695 -1.23298204 1682.000000 14.000000 2499.000000 0.000000
-0.79397202 1.90047801 -1.24526203 1098.000000 8.000000 2347.000000 0.000000
-0.79479897 1.93582797 -1.26608396 622.000000 4.000000 2228.000000 0.000000
-0.99595398 1.95294702 -1.40055895 942.000000 12.000000 3097.000000 0.000000
-0.94603902 1.88392401 -1.34466600 1272.000000 17.000000 3385.000000 0.000000
-0.94595701 1.91281402 -1.36182106 1060.000000 13.000000 2919.000000 0.000000
-0.89282000 1.83404803 -1.29928803 1070.000000 11.000000 2364.000000 0.000000
-0.85225803 1.77871597 -1.25446296 1319.000000 15.000000 2299.000000 0.000000
-0.88524002 1.87647295 -1.32253098 644.000000 6.000000 1979.000000 0.000000
-0.81359798 1.90319300 -1.31921005 716.000000 7.000000 1902.000000 0.000000
-0.79931003 1.90201199 -1.31478298 748.000000 7.000000 1822.000000 0.000000
-0.78666502 1.90457404 -1.31312299 774.000000 8.000000 1809.000000 0.000000
-0.77842897 1.91784704 -1.31921005 692.000000 7.000000 2220.000000 0.000000
-0.94055498 1.85932004 -1.41096497 1411.000000 13.000000 3458.000000 0.000000
-0.91011798 1.85530496 -1.39886904 1402.000000 13.000000 2637.000000 0.000000
-0.87528801 1.81225502 -1.36085296 1512.000000 12.000000 2210.000000 0.000000
-0.85258597 1.79322100 -1.34184504 1365.000000 11.000000 2097.000000 0.000000
-0.84685999 1.90024304 -1.40866101 744.000000 6.000000 2047.000000 0.000000
-0.82011300 1.87095404 -1.38216496 1441.000000 14.000000 2120.000000 0.000000
-0.81023300 1.87970495 -1.38504505 1592.000000 15.000000 2054.000000 0.000000
-0.79677403 1.88012397 -1.38158906 1449.000000 11.000000 2131.000000 0.000000
-0.78522301 1.88497806 -1.38158906 1896.000000 16.000000 2395.000000 0.000000
-0.77333301 1.88900399 -1.38101304 1675.000000 14.000000 2336.000000 0.000000
-0.76568598 1.90357494 -1.38850105 1397.000000 13.000000 2172.000000 0.000000
-0.75249201 1.90443504 -1.38562095 1261.000000 12.000000 2209.000000 0.000000
0.13525800 1.85302901 -1.04952204 1062.000000 10.000000 2555.000000 0.000000
0.12497500 1.90710604 -1.28942800 896.000000 6.000000 2222.000000 0.000000
0.12940800 1.80602002 -1.21858001 1448.000000 10.000000 2044.000000 0.000000
0.14042300 1.80437803 -1.21800399 1370.000000 9.000000 1874.000000 0.000000
0.15549800 1.85072398 -1.25141203 1305.000000 8.000000 2069.000000 0.000000
0.16070300 1.78216600 -1.20360398 1227.000000 8.000000 2995.000000 0.000000
0.11185200 1.93713903 -1.37834299 635.000000 6.000000 2234.000000 0.000000
0.12156500 1.90111804 -1.35216498 858.000000 9.000000 2162.000000 0.000000
0.13019000 1.85542798 -1.31884694 897.000000 9.000000 2355.000000 0.000000
0.12544000 1.87025201 -1.41085601 1431.000000 11.000000 1829.000000 0.000000
0.13563500 1.85218406 -1.39727795 1315.000000 10.000000 1842.000000 0.000000
0.14693400 1.85053301 -1.39666104 1104.000000 8.000000 1720.000000 0.000000
0.15903100 1.85821998 -1.40345001 1287.000000 10.000000 2118.000000 0.000000
0.17064799 1.85955906 -1.40530205 1245.000000 10.000000 2589.000000 0.000000
1.13008201 1.94084001 -0.99752301 1501.000000 17.000000 2936.000000 0.000000
1.14380598 1.93699503 -0.99921501 1786.000000 21.000000 2898.000000 0.000000
1.14824498 1.91748703 -0.99244702 1478.000000 16.000000 3045.000000 0.000000
1.12622297 1.82908702 -0.95184600 726.000000 7.000000 2797.000000 0.000000
1.13838196 1.82368195 -0.95269197 1386.000000 15.000000 2191.000000 0.000000
1.17225301 1.85269594 -0.97257000 261.000000 2.000000 1946.000000 0.000000
1.17774606 1.83630395 -0.96749401 89.000000 1.000000 1654.000000 0.000000
1.12260306 1.97503197 -1.08243895 1542.000000 14.000000 3000.000000 0.000000
1.13156903 1.96268296 -1.07931197 2554.000000 29.000000 2964.000000 0.000000
1.14042604 1.95029795 -1.07618594 2292.000000 25.000000 2816.000000 0.000000
1.15511203 1.94787896 -1.07886600 1580.000000 15.000000 3039.000000 0.000000
1.11738598 1.83275998 -1.01990604 1011.000000 7.000000 3090.000000 0.000000
1.12484300 1.81978405 -1.01633298 2192.000000 19.000000 2966.000000 0.000000
1.16404700 1.85756004 -1.04268599 560.000000 3.000000 3147.000000 0.000000
1.27194500 2.00211906 -1.13246596 718.000000 6.000000 3733.000000 0.000000
1.27838802 1.98525298 -1.12710595 724.000000 6.000000 3306.000000 0.000000
1.25775301 1.92719197 -1.09717906 511.000000 4.000000 3339.000000 0.000000
1.11872005 2.02111602 -1.16921794 860.000000 10.000000 2557.000000 0.000000
1.12160897 1.99723804 -1.15893400 1108.000000 13.000000 2183.000000 0.000000
1.12948203 1.98262894 -1.15425897 1184.000000 15.000000 2233.000000 0.000000
1.14294803 1.97795999 -1.15566194 1172.000000 14.000000 2173.000000 0.000000
1.15372705 1.96861994 -1.15425897 1143.000000 14.000000 2203.000000 0.000000
1.18289196 1.99041295 -1.17202306 512.000000 6.000000 3122.000000 0.000000
1.10592699 1.83455002 -1.08039904 695.000000 7.000000 2946.000000 0.000000
1.11854100 1.82999504 -1.08180201 1271.000000 14.000000 2836.000000 0.000000
1.14924300 1.85469604 -1.10143495 266.000000 2.000000 3205.000000 0.000000
1.21711898 1.88602996 -1.13462496 813.000000 9.000000 2884.000000 0.000000
1.22673905 1.87556398 -1.13275599 530.000000 6.000000 2825.000000 0.000000
1.11419404 2.01332998 -1.24260998 1141.000000 10.000000 2816.000000 0.000000
1.12182999 1.99810100 -1.23721194 1362.000000 12.000000 2515.000000 0.000000
1.13277400 1.98890901 -1.23573899 1492.000000 14.000000 2439.000000 0.000000
1.14102900 1.97513294 -1.23132300 966.000000 8.000000 2483.000000 0.000000
1.14335001 1.92429304 -1.20727599 1179.000000 10.000000 2636.000000 0.000000
1.09932101 1.82473397 -1.14642298 1760.000000 14.000000 2813.000000 0.000000
1.26099801 2.06397009 -1.30886102 809.000000 8.000000 2362.000000 0.000000
1.20383406 1.94364595 -1.23426700 1127.000000 10.000000 3499.000000 0.000000
1.21712899 1.93843603 -1.23573899 1461.000000 13.000000 3154.000000 0.000000
1.22899997 1.93093097 -1.23573899 1065.000000 9.000000 2896.000000 0.000000
1.35524094 2.10046601 -1.35450101 762.000000 8.000000 2280.000000 0.000000
1.12317598 2.10786200 -1.36461902 983.000000 15.000000 3205.000000 0.000000
1.09247899 2.01992893 -1.30997503 1224.000000 16.000000 3359.000000 0.000000
1.10279202 2.00941491 -1.30742204 1344.000000 17.000000 3258.000000 0.000000
1.11510003 2.00261092 -1.30742204 1296.000000 17.000000 3003.000000 0.000000
1.12736702 1.99573100 -1.30742204 1629.000000 22.000000 2978.000000 0.000000
1.13703501 1.98429501 -1.30435801 1526.000000 20.000000 2770.000000 0.000000
1.11904800 1.92518997 -1.26860905 1080.000000 13.000000 3061.000000 0.000000
1.10734105 1.87824595 -1.24103200 1072.000000 13.000000 2710.000000 0.000000
1.11532700 1.86550498 -1.23694599 865.000000 10.000000 2545.000000 0.000000
1.26801503 2.09271002 -1.39934695 623.000000 9.000000 2526.000000 0.000000
1.23057401 2.00275302 -1.34214902 717.000000 10.000000 2579.000000 0.000000
1.18573403 1.90310800 -1.27780199 931.000000 11.000000 2558.000000 0.000000
1.23400402 1.95402098 -1.31865704 670.000000 8.000000 2457.000000 0.000000
1.19836903 1.87173903 -1.26605594 1010.000000 12.000000 3339.000000 0.000000
1.23969305 1.91056800 -1.29874003 863.000000 10.000000 3077.000000 0.000000
1.09335601 2.02999806 -1.40063000 946.000000 10.000000 2098.000000 0.000000
1.09239399 1.99877501 -1.38301098 1059.000000 12.000000 2201.000000 0.000000
1.08575404 1.95803201 -1.35845101 1389.000000 13.000000 2658.000000 0.000000
1.09774804 1.95133305 -1.35845101 1495.000000 14.000000 3126.000000 0.000000
1.10760295 1.94088995 -1.35578096 1428.000000 13.000000 2700.000000 0.000000
1.08768702 1.87919295 -1.31573796 1212.000000 11.000000 2241.000000 0.000000
1.08548403 1.84915900 -1.29865301 1076.000000 9.000000 2170.000000 0.000000
1.08671904 1.91447699 -1.40664601 858.000000 10.000000 2171.000000 0.000000
1.09016299 1.89331996 -1.39557803 762.000000 9.000000 2055.000000 0.000000
2.12905097 1.98558402 -0.97701198 602.000000 9.000000 3203.000000 0.000000
2.09367299 2.03577304 -1.14200902 818.000000 13.000000 2364.000000 0.000000
2.08208704 1.88025403 -1.09517598 672.000000 10.000000 2809.000000 0.000000
2.07840300 1.85386097 -1.08686697 942.000000 15.000000 3210.000000 0.000000
2.10737991 2.07868910 -1.24868500 1336.000000 18.000000 2628.000000 0.000000
2.11222100 2.05805492 -1.24386406 1616.000000 22.000000 2570.000000 0.000000
2.12679005 2.04696012 -1.24506903 1670.000000 23.000000 2479.000000 0.000000
2.15126109 2.04522300 -1.25230098 1081.000000 14.000000 2541.000000 0.000000
2.09076905 1.89231706 -1.18721199 1147.000000 15.000000 2509.000000 0.000000
2.11053610 1.88677299 -1.19203305 960.000000 12.000000 2919.000000 0.000000
2.10715508 2.11084890 -1.34136903 968.000000 17.000000 2244.000000 0.000000
2.09369612 2.07171011 -1.32402802 1359.000000 24.000000 2637.000000 0.000000
2.10442710 2.05692196 -1.32275999 1549.000000 29.000000 2821.000000 0.000000
2.12091398 2.04775190 -1.32529700 1237.000000 22.000000 2384.000000 0.000000
2.13147402 2.03282094 -1.32402802 943.000000 16.000000 2449.000000 0.000000
2.16498590 2.03961802 -1.33756196 822.000000 14.000000 2122.000000 0.000000
2.19071007 2.03866100 -1.34602106 733.000000 13.000000 2206.000000 0.000000
2.20850706 2.03009391 -1.34940398 803.000000 14.000000 2613.000000 0.000000
2.12711811 1.93109405 -1.29019296 879.000000 15.000000 2595.000000 0.000000
2.13960099 1.91861200 -1.29061604 826.000000 14.000000 2748.000000 0.000000
2.04050303 2.05921102 -1.39555204 1438.000000 20.000000 3446.000000 0.000000
2.05626893 2.04980898 -1.39778602 1407.000000 19.000000 2963.000000 0.000000
2.11374593 2.00611496 -1.40314603 1577.000000 22.000000 2828.000000 0.000000
2.13046193 1.92486203 -1.38170600 1331.000000 18.000000 2556.000000 0.000000
2.13713598 1.88379097 -1.37053895 1493.000000 21.000000 3310.000000 0.000000
-1.75192106 -1.75128400 -0.69227701 1469.000000 19.000000 3114.000000 0.000000
-1.76059103 -1.73847795 -0.69142002 2079.000000 29.000000 3025.000000 0.000000
-1.78560901 -1.74171805 -0.69741899 2506.000000 39.000000 3782.000000 0.000000
-1.79626203 -1.73072898 -0.69741899 1884.000000 26.000000 3991.000000 0.000000
-1.81447196 -1.72695398 -0.70056200 309.000000 3.000000 4826.000000 0.000000
-1.77522802 -1.71126902 -0.75652599 2195.000000 23.000000 3308.000000 0.000000
-1.79120600 -1.70558596 -0.75900501 1147.000000 10.000000 3443.000000 0.000000
-1.76607800 -1.68715894 -0.81200999 1010.000000 12.000000 4132.000000 0.000000
-1.77502704 -1.67499304 -0.81134599 2390.000000 37.000000 4084.000000 0.000000
-1.80042803 -1.67824495 -0.81864899 1644.000000 22.000000 3998.000000 0.000000
-1.80099106 -1.65820503 -0.81400198 324.000000 3.000000 3879.000000 0.000000
-1.72851002 -1.66570795 -0.86622101 606.000000 5.000000 2720.000000 0.000000
-1.76040006 -1.65524697 -0.87227499 1665.000000 16.000000 4181.000000 0.000000
-1.77364302 -1.62077403 -0.93088597 971.000000 11.000000 3372.000000 0.000000
-1.78492701 -1.61110401 -0.93164098 1053.000000 13.000000 4135.000000 0.000000
-1.75172603 -1.64539301 -1.00439799 472.000000 3.000000 3003.000000 0.000000
-1.76111698 -1.63399100 -1.00399601 1957.000000 19.000000 3234.000000 0.000000
-1.76638198 -1.61882603 -1.00118399 2594.000000 30.000000 3386.000000 0.000000
-1.77899897 -1.61041403 -1.00279105 1971.000000 20.000000 3386.000000 0.000000
-1.77442396 -1.59018695 -1.06138599 1431.000000 18.000000 3842.000000 0.000000
-1.82872605 -1.73586595 -1.20705903 1882.000000 23.000000 2203.000000 0.000000
-1.81322205 -1.70014799 -1.18919206 1074.000000 11.000000 2087.000000 0.000000
-1.83018696 -1.69506705 -1.19365895 950.000000 10.000000 2725.000000 0.000000
-1.83460999 -1.67837298 -1.18963897 1187.000000 13.000000 2248.000000 0.000000
-1.75653994 -1.58735299 -1.13023198 1854.000000 18.000000 2094.000000 0.000000
-1.76691496 -1.57714105 -1.13067901 1796.000000 17.000000 2084.000000 0.000000
-1.77454400 -1.56449604 -1.12933898 1890.000000 19.000000 2316.000000 0.000000
-1.79423594 -1.56238496 -1.13603902 1669.000000 16.000000 2823.000000 0.000000
-1.83093596 -1.57466602 -1.15390599 1230.000000 14.000000 3343.000000 0.000000
-1.79641604 -1.64077497 -1.23419595 943.000000 14.000000 2995.000000 0.000000
-1.78220296 -1.60776901 -1.21689999 805.000000 11.000000 2624.000000 0.000000
-1.77951396 -1.58560705 -1.20801795 893.000000 13.000000 2610.000000 0.000000
-1.78125894 -1.56763506 -1.20240796 896.000000 10.000000 2184.000000 0.000000
-1.78484905 -1.55144596 -1.19820094 947.000000 11.000000 2485.000000 0.000000
-1.79299605 -1.53931105 -1.19726598 1076.000000 13.000000 2669.000000 0.000000
-1.80240703 -1.52828002 -1.19726598 1131.000000 14.000000 2804.000000 0.000000
-1.81175101 -1.51719201 -1.19726598 1202.000000 15.000000 2693.000000 0.000000
-1.87135994 -1.54782999 -1.23185897 668.000000 9.000000 2326.000000 0.000000
-0.83866602 -1.75108802 -0.63571900 1137.000000 8.000000 4197.000000 0.000000
-0.83665699 -1.71958697 -0.62542802 2251.000000 21.000000 2761.000000 0.000000
-0.86401600 -1.72185004 -0.63040698 1964.000000 17.000000 2726.000000 0.000000
-0.86304998 -1.69379902 -0.62144399 2281.000000 21.000000 2802.000000 0.000000
-0.87385899 -1.68930995 -0.62177598 2337.000000 22.000000 3676.000000 0.000000
-0.81289703 -1.71896899 -0.67607200 921.000000 5.000000 3163.000000 0.000000
-0.82788700 -1.72321105 -0.67998898 2817.000000 22.000000 2418.000000 0.000000
-0.83228898 -1.70550597 -0.67464697 1379.000000 8.000000 3143.000000 0.000000
-0.83969301 -1.66846299 -0.66325301 901.000000 5.000000 2649.000000 0.000000
-0.84821200 -1.65995300 -0.66182798 2681.000000 20.000000 3096.000000 0.000000
-0.86053503 -1.65886199 -0.66360903 3381.000000 31.000000 3089.000000 0.000000
-0.87374997 -1.65933704 -0.66610098 3573.000000 35.000000 3374.000000 0.000000
-0.87068301 -1.62923002 -0.65541899 2756.000000 21.000000 3212.000000 0.000000
-0.82791603 -1.71204102 -0.72656202 2580.000000 26.000000 3011.000000 0.000000
-0.83068401 -1.69112098 -0.71938598 1810.000000 15.000000 3183.000000 0.000000
-0.84804100 -1.67418504 -0.71636403 1001.000000 7.000000 3193.000000 0.000000
-0.84986502 -1.65246201 -0.70881099 2081.000000 19.000000 3621.000000 0.000000
-0.85614800 -1.63982105 -0.70541102 2646.000000 27.000000 3896.000000 0.000000
-0.86576200 -1.63371801 -0.70503402 2839.000000 31.000000 3456.000000 0.000000
-0.87576997 -1.62837505 -0.70503402 2596.000000 26.000000 3286.000000 0.000000
-0.88574499 -1.62296999 -0.70503402 2603.000000 26.000000 3328.000000 0.000000
-0.81338900 -1.71771598 -0.78381699 1190.000000 7.000000 3517.000000 0.000000
-0.82311797 -1.71104300 -0.78301299 2487.000000 18.000000 2749.000000 0.000000
-0.81749600 -1.67306101 -0.76694101 741.000000 4.000000 3760.000000 0.000000
-0.84478301 -1.62650001 -0.75408399 2032.000000 13.000000 3424.000000 0.000000
-0.85132599 -1.61480796 -0.75086999 2786.000000 22.000000 3582.000000 0.000000
-0.86165100 -1.61036098 -0.75127202 3384.000000 31.000000 3893.000000 0.000000
-0.86888999 -1.60021698 -0.74886101 2944.000000 24.000000 3560.000000 0.000000
-0.88311702 -1.60287297 -0.75287902 1831.000000 11.000000 3264.000000 0.000000
-0.88980401 -1.59183097 -0.75006598 411.000000 2.000000 3645.000000 0.000000
-0.82029003 -1.70746398 -0.83342397 1593.000000 13.000000 2804.000000 0.000000
-0.82956499 -1.69995296 -0.83215499 1717.000000 14.000000 2609.000000 0.000000
-0.85273200 -1.61912096 -0.80339599 1763.000000 15.000000 3478.000000 0.000000
-0.84478700 -1.58025301 -0.78563201 2255.000000 21.000000 3680.000000 0.000000
-0.86866498 -1.60135698 -0.79958898 2702.000000 28.000000 3584.000000 0.000000
-0.87847400 -1.59599698 -0.79958898 2780.000000 30.000000 3368.000000 0.000000
-0.84777099 -1.51769698 -0.76067901 2328.000000 19.000000 3763.000000 0.000000
-0.81021899 -1.70724297 -0.89171302 1983.000000 13.000000 2666.000000 0.000000
-0.82067901 -1.70223904 -0.89171302 1886.000000 12.000000 2272.000000 0.000000
-0.84092498 -1.59180105 -0.84704602 2184.000000 15.000000 3011.000000 0.000000
-0.85279298 -1.59055305 -0.84927899 2772.000000 22.000000 3319.000000 0.000000
-0.86210799 -1.58450401 -0.84883302 2857.000000 23.000000 3309.000000 0.000000
-0.86055601 -1.55882800 -0.83721900 2046.000000 14.000000 3265.000000 0.000000
-0.88236302 -1.57536602 -0.84972602 1820.000000 11.000000 2693.000000 0.000000
-0.89732403 -1.57925296 -0.85508603 553.000000 3.000000 2624.000000 0.000000
-0.80764598 -1.69523501 -0.94062698 1024.000000 9.000000 2292.000000 0.000000
-0.82838100 -1.71175504 -0.95324802 1344.000000 13.000000 2134.000000 0.000000
-0.83964503 -1.70822799 -0.95418298 623.000000 5.000000 2175.000000 0.000000
-0.85123903 -1.60503805 -0.90837097 533.000000 4.000000 2908.000000 0.000000
-0.85272902 -1.58419597 -0.89902198 1430.000000 12.000000 3008.000000 0.000000
-0.85990202 -1.57427299 -0.89621699 1928.000000 17.000000 3251.000000 0.000000
-0.86954498 -1.56896698 -0.89621699 2164.000000 20.000000 3259.000000 0.000000
-0.87699902 -1.55974400 -0.89388001 2349.000000 23.000000 3380.000000 0.000000
-0.88742501 -1.55587196 -0.89481503 1651.000000 14.000000 2703.000000 0.000000
-0.89475101 -1.54656601 -0.89247799 626.000000 4.000000 2438.000000 0.000000
-0.89620399 -1.52730298 -0.88406301 227.000000 1.000000 1864.000000 0.000000
-0.80534703 -1.69323897 -1.00263202 2197.000000 17.000000 2639.000000 0.000000
-0.81686002 -1.69061899 -1.00410497 1584.000000 11.000000 2214.000000 0.000000
-0.86996001 -1.64324296 -0.99379897 977.000000 6.000000 3019.000000 0.000000
-0.84451097 -1.57189298 -0.95159400 1994.000000 13.000000 3031.000000 0.000000
-0.84787500 -1.55521202 -0.94423300 2488.000000 18.000000 3303.000000 0.000000
-0.86331499 -1.56064904 -0.95110297 2727.000000 21.000000 3407.000000 0.000000
-0.86604202 -1.54317105 -0.94325101 2472.000000 18.000000 3295.000000 0.000000
-0.88542300 -1.55523598 -0.95453900 1761.000000 11.000000 2623.000000 0.000000
-0.90236598 -1.56259501 -0.96288198 767.000000 4.000000 2521.000000 0.000000
-0.81226403 -1.69391298 -1.06177795 1797.000000 19.000000 2645.000000 0.000000
-0.83275902 -1.70978999 -1.07556701 1205.000000 11.000000 2289.000000 0.000000
-0.85894400 -1.58615601 -1.01734805 1058.000000 8.000000 2615.000000 0.000000
-0.85546899 -1.55671096 -1.00100601 1534.000000 13.000000 2720.000000 0.000000
-0.86208701 -1.54616904 -0.99743098 1777.000000 16.000000 2776.000000 0.000000
-0.87450802 -1.54609597 -1.00100601 1559.000000 13.000000 2868.000000 0.000000
-0.88483000 -1.54219401 -1.00202703 1429.000000 12.000000 2484.000000 0.000000
-0.90073502 -1.54789901 -1.00968802 800.000000 6.000000 2381.000000 0.000000
-0.80769402 -1.72148395 -1.14542103 1509.000000 10.000000 2220.000000 0.000000
-0.80075002 -1.67987299 -1.11979306 1917.000000 14.000000 2384.000000 0.000000
-0.83404499 -1.57226396 -1.06853795 1254.000000 7.000000 2510.000000 0.000000
-0.83404303 -1.54925597 -1.05572402 1646.000000 10.000000 2537.000000 0.000000
-0.84353298 -1.54410994 -1.05572402 1773.000000 11.000000 2581.000000 0.000000
-0.84683400 -1.52781701 -1.04771495 2009.000000 14.000000 2875.000000 0.000000
-0.86324900 -1.53511500 -1.05679202 1862.000000 12.000000 2545.000000 0.000000
-0.87852502 -1.54006696 -1.06426704 1337.000000 8.000000 2112.000000 0.000000
-0.80404299 -1.69466496 -1.19026995 1348.000000 13.000000 2196.000000 0.000000
-0.81550598 -1.69195294 -1.19193006 1255.000000 12.000000 2041.000000 0.000000
-0.82109600 -1.57736695 -1.12552297 1092.000000 10.000000 2502.000000 0.000000
-0.82456303 -1.56050098 -1.11666906 1214.000000 11.000000 2524.000000 0.000000
-0.82942200 -1.54659200 -1.11002803 1532.000000 13.000000 2586.000000 0.000000
-0.83849901 -1.54074001 -1.10947502 1524.000000 13.000000 2561.000000 0.000000
-0.84753698 -1.53483605 -1.10892200 1462.000000 12.000000 2406.000000 0.000000
-0.85774899 -1.53106201 -1.11002803 1311.000000 11.000000 2355.000000 0.000000
-0.88269502 -1.55332804 -1.13105702 896.000000 8.000000 2413.000000 0.000000
-0.80812502 -1.61390901 -1.21454799 1120.000000 7.000000 1882.000000 0.000000
-0.80057198 -1.57468605 -1.18747604 1092.000000 7.000000 1809.000000 0.000000
-0.80083102 -1.55159199 -1.17307496 1215.000000 8.000000 1706.000000 0.000000
-0.80653697 -1.53941202 -1.16731501 1252.000000 8.000000 1819.000000 0.000000
-0.81481397 -1.53226995 -1.16558695 1361.000000 9.000000 1872.000000 0.000000
-0.82497799 -1.52867901 -1.16673899 1315.000000 9.000000 1885.000000 0.000000
-0.83630902 -1.52717197 -1.16961896 1253.000000 8.000000 2213.000000 0.000000
-0.84526598 -1.52129698 -1.16904294 1267.000000 8.000000 2453.000000 0.000000
-0.85820198 -1.52248800 -1.17422700 1460.000000 10.000000 2384.000000 0.000000
-0.86956000 -1.52074003 -1.17710698 1031.000000 6.000000 1800.000000 0.000000
-0.88092798 -1.51891005 -1.17998695 1030.000000 6.000000 2001.000000 0.000000
-0.81732398 -1.51903605 -1.21889305 713.000000 6.000000 1756.000000 0.000000
-0.84240299 -1.49882197 -1.21472800 1201.000000 11.000000 2429.000000 0.000000
-0.85514897 -1.49991906 -1.22008300 1004.000000 9.000000 2185.000000 0.000000
1.27509296 -1.42406905 -0.84145999 918.000000 7.000000 2875.000000 0.000000
1.22425699 -1.40981495 -0.93501699 871.000000 6.000000 3011.000000 0.000000
1.15787899 -1.35033095 -0.88827002 1539.000000 13.000000 3674.000000 0.000000
1.34655905 -1.49234903 -1.07869899 1219.000000 9.000000 2408.000000 0.000000
1.23948205 -1.39058805 -0.99576199 1679.000000 11.000000 2739.000000 0.000000
1.23150098 -1.39882100 -0.99625301 1755.000000 12.000000 2653.000000 0.000000
1.21718299 -1.39977205 -0.99134499 1929.000000 14.000000 2552.000000 0.000000
1.21424305 -1.41382802 -0.99625301 2095.000000 16.000000 2624.000000 0.000000
1.20610797 -1.42191696 -0.99674302 1665.000000 11.000000 2711.000000 0.000000
1.34270597 -1.60305595 -1.12433898 966.000000 7.000000 2492.000000 0.000000
1.32174599 -1.59782898 -1.11452401 874.000000 6.000000 3160.000000 0.000000
1.23045599 -1.58392298 -1.07624495 1781.000000 12.000000 2419.000000 0.000000
1.26326895 -1.39157999 -1.06228900 1142.000000 10.000000 2486.000000 0.000000
1.23859406 -1.38141894 -1.04798996 1360.000000 13.000000 2535.000000 0.000000
1.23466599 -1.39413202 -1.05207503 1189.000000 11.000000 2141.000000 0.000000
1.21984601 -1.39457798 -1.04645801 1274.000000 12.000000 1943.000000 0.000000
1.21802902 -1.40982699 -1.05258596 976.000000 9.000000 1906.000000 0.000000
1.21439195 -1.42314899 -1.05718195 983.000000 9.000000 2159.000000 0.000000
1.25619602 -1.49028099 -1.10365498 766.000000 6.000000 2228.000000 0.000000
1.24005103 -1.60602701 -1.15114999 1194.000000 13.000000 1921.000000 0.000000
1.23853695 -1.62452805 -1.15932095 1127.000000 12.000000 2714.000000 0.000000
1.22698998 -1.63003898 -1.15778899 1235.000000 13.000000 2856.000000 0.000000
1.27599800 -1.36505795 -1.12459803 1090.000000 7.000000 2126.000000 0.000000
1.24753904 -1.35110295 -1.10591197 1391.000000 9.000000 2375.000000 0.000000
1.23808599 -1.35748196 -1.10484397 1490.000000 10.000000 2470.000000 0.000000
1.22916806 -1.36442494 -1.10431004 1431.000000 9.000000 2111.000000 0.000000
1.22021198 -1.37130904 -1.10377598 1474.000000 10.000000 2122.000000 0.000000
1.21344805 -1.38067698 -1.10537803 1108.000000 7.000000 1924.000000 0.000000
1.20606101 -1.38937402 -1.10644495 1116.000000 7.000000 2171.000000 0.000000
1.19806302 -1.39739096 -1.10697901 1252.000000 8.000000 2282.000000 0.000000
1.19055796 -1.40600705 -1.10804701 1251.000000 8.000000 2132.000000 0.000000
1.18895304 -1.42172301 -1.11498797 987.000000 6.000000 1749.000000 0.000000
1.19150400 -1.44269097 -1.12619996 956.000000 6.000000 1788.000000 0.000000
1.21733403 -1.49259198 -1.16090405 592.000000 3.000000 1629.000000 0.000000
1.23276901 -1.36361694 -1.16536701 1009.000000 9.000000 1943.000000 0.000000
1.21603405 -1.36185706 -1.15706694 1207.000000 11.000000 1926.000000 0.000000
1.21041799 -1.37240899 -1.15983403 1025.000000 9.000000 1840.000000 0.000000
1.19868195 -1.37605000 -1.15651298 1023.000000 9.000000 1873.000000 0.000000
1.18967104 -1.38274896 -1.15595996 892.000000 8.000000 1813.000000 0.000000
1.18657398 -1.39635706 -1.16149402 801.000000 7.000000 1834.000000 0.000000
1.17798400 -1.40361094 -1.16149402 814.000000 7.000000 1589.000000 0.000000
1.17414701 -1.41657197 -1.16647398 806.000000 7.000000 1747.000000 0.000000
1.11937404 -1.42015195 -1.14544499 1107.000000 10.000000 3147.000000 0.000000
2.15993094 -1.38626897 -0.78937000 2031.000000 25.000000 2995.000000 0.000000
2.14421391 -1.39482605 -0.78658098 2350.000000 31.000000 2350.000000 0.000000
2.13482094 -1.40743303 -0.78627098 2320.000000 31.000000 2701.000000 0.000000
2.18855691 -1.54128397 -0.82531202 1307.000000 14.000000 2552.000000 0.000000
2.11533999 -1.37092996 -0.83956498 979.000000 11.000000 2810.000000 0.000000
2.14950800 -1.41178000 -0.85749298 1319.000000 20.000000 2859.000000 0.000000
2.15809798 -1.43641400 -0.86479700 448.000000 6.000000 3005.000000 0.000000
2.20877695 -1.54948497 -0.90198100 687.000000 9.000000 2628.000000 0.000000
2.19461012 -1.55973697 -0.89998901 1147.000000 17.000000 2404.000000 0.000000
2.14277697 -1.39441705 -0.92568803 1275.000000 14.000000 2503.000000 0.000000
2.20559907 -1.53369796 -0.97518402 1284.000000 14.000000 2148.000000 0.000000
2.20225596 -1.55151105 -0.97803199 1519.000000 19.000000 2298.000000 0.000000
2.19214511 -1.37527895 -1.00642204 1063.000000 15.000000 3040.000000 0.000000
2.18679404 -1.39068604 -1.00793302 1339.000000 20.000000 2457.000000 0.000000
2.17899799 -1.40457797 -1.00830996 1418.000000 22.000000 2489.000000 0.000000
2.21224189 -1.44520199 -1.02870500 822.000000 11.000000 2748.000000 0.000000
2.21323705 -1.54463696 -1.05174303 1256.000000 21.000000 2520.000000 0.000000
2.27259111 -1.60672796 -1.08611202 917.000000 14.000000 2225.000000 0.000000
2.12413502 -1.36534095 -1.05783606 1871.000000 23.000000 3301.000000 0.000000
2.18244600 -1.42187202 -1.09279096 2074.000000 26.000000 2929.000000 0.000000
2.18819499 -1.44483101 -1.10042500 1308.000000 14.000000 2391.000000 0.000000
2.27743196 -1.52397597 -1.15225601 1045.000000 12.000000 2530.000000 0.000000
2.24573302 -1.54298604 -1.14542603 1285.000000 16.000000 2396.000000 0.000000
2.20241499 -1.53317595 -1.12734497 1448.000000 18.000000 2761.000000 0.000000
