2.67952108 2.01711011 -0.12161500 672.000000 11.000000 5945.000000 0.000000
2.67262411 1.98630905 -0.12046300 848.000000 14.000000 4823.000000 0.000000
2.66786408 1.95744395 -0.11945600 1447.000000 26.000000 3340.000000 0.000000
2.64426088 1.91521502 -0.11734500 1283.000000 23.000000 3986.000000 0.000000
2.64540911 1.89138997 -0.11672100 1460.000000 25.000000 4022.000000 0.000000
2.63657999 1.86069906 -0.11552100 1153.000000 19.000000 3659.000000 0.000000
2.64057708 1.83933902 -0.11509000 589.000000 9.000000 5717.000000 0.000000
2.68188500 1.99445999 -0.20292599 2035.000000 26.000000 3689.000000 0.000000
2.69005203 1.97501695 -0.20256300 2051.000000 27.000000 4197.000000 0.000000
2.63507295 1.90991902 -0.19654199 921.000000 10.000000 4429.000000 0.000000
2.64998794 1.89603496 -0.19683200 2081.000000 27.000000 3198.000000 0.000000
2.65994191 1.87858903 -0.19668700 2095.000000 27.000000 3158.000000 0.000000
2.63540912 1.83715200 -0.19349501 1332.000000 14.000000 3069.000000 0.000000
2.58992004 1.78196204 -0.18849000 785.000000 7.000000 2995.000000 0.000000
2.61070991 1.77275598 -0.18936101 273.000000 2.000000 6031.000000 0.000000
0.58677000 1.70956302 -0.13357300 1938.000000 15.000000 3401.000000 0.000000
0.59626800 1.70310998 -0.13328500 2427.000000 21.000000 3209.000000 0.000000
0.60803699 1.70317197 -0.13366900 3021.000000 30.000000 3211.000000 0.000000
0.61509198 1.69004798 -0.13270900 3193.000000 33.000000 2950.000000 0.000000
0.63474202 1.71145999 -0.13530099 2604.000000 23.000000 3099.000000 0.000000
0.65257901 1.72710204 -0.13731700 1958.000000 15.000000 3365.000000 0.000000
0.65071899 1.69052601 -0.13395700 653.000000 4.000000 4407.000000 0.000000
0.69106501 1.76348400 -0.14192601 119.000000 1.000000 4209.000000 0.000000
0.70627600 1.77031398 -0.14307900 1300.000000 9.000000 3945.000000 0.000000
2.68119788 1.99558306 -0.28163499 828.000000 14.000000 4955.000000 0.000000
2.67896700 1.96846795 -0.27990600 1468.000000 27.000000 5185.000000 0.000000
2.66281796 1.93150401 -0.27654600 497.000000 8.000000 6311.000000 0.000000
2.63337994 1.88552701 -0.27164900 1065.000000 17.000000 3783.000000 0.000000
2.64977288 1.87278605 -0.27222499 1404.000000 24.000000 3530.000000 0.000000
2.65958309 1.85535097 -0.27203301 1277.000000 22.000000 4594.000000 0.000000
0.58560902 1.71038902 -0.17824900 1477.000000 8.000000 2861.000000 0.000000
0.59773201 1.71144903 -0.17885201 3391.000000 30.000000 2984.000000 0.000000
0.61155999 1.71709800 -0.18005900 3686.000000 36.000000 2948.000000 0.000000
0.61835003 1.70305204 -0.17873199 3407.000000 30.000000 2675.000000 0.000000
0.63085902 1.70481002 -0.17945600 3170.000000 26.000000 2903.000000 0.000000
0.65113300 1.72690797 -0.18283400 2666.000000 19.000000 3380.000000 0.000000
0.68703401 1.78865802 -0.19140100 1520.000000 9.000000 2949.000000 0.000000
0.71502399 1.70360196 -0.18307500 957.000000 5.000000 2851.000000 0.000000
0.72429198 1.69644499 -0.18271300 744.000000 3.000000 3125.000000 0.000000
2.67375112 1.98769701 -0.36345699 1518.000000 18.000000 3782.000000 0.000000
2.70030594 1.98182094 -0.36562899 1757.000000 21.000000 3962.000000 0.000000
2.71884799 1.96987104 -0.36659399 644.000000 7.000000 5045.000000 0.000000
2.66788602 1.90813196 -0.35718301 1952.000000 25.000000 3202.000000 0.000000
2.67143202 1.88600504 -0.35597599 2365.000000 33.000000 2875.000000 0.000000
2.67725205 1.86560702 -0.35513201 1735.000000 21.000000 3464.000000 0.000000
2.90808511 -1.96431100 -0.38505399 683.000000 7.000000 5924.000000 0.000000
2.89106297 -1.97875202 -0.38433099 2469.000000 37.000000 4177.000000 0.000000
2.88539195 -2.00098205 -0.38529599 2780.000000 44.000000 3189.000000 0.000000
2.86169100 -2.01065397 -0.38360700 1550.000000 19.000000 4855.000000 0.000000
2.84163094 -2.04910588 -0.38433099 1839.000000 24.000000 3036.000000 0.000000
2.82820392 -2.06591702 -0.38420999 2488.000000 37.000000 2805.000000 0.000000
2.82744098 -2.09209299 -0.38602000 1978.000000 26.000000 3539.000000 0.000000
0.59983701 1.71718395 -0.22196600 2640.000000 24.000000 3829.000000 0.000000
0.61036199 1.71347106 -0.22196600 3128.000000 32.000000 3516.000000 0.000000
0.62187099 1.71248698 -0.22239700 2930.000000 28.000000 3243.000000 0.000000
0.63134301 1.70585203 -0.22196600 2739.000000 25.000000 3402.000000 0.000000
0.64040899 1.69823897 -0.22139201 2315.000000 19.000000 3691.000000 0.000000
0.67622399 1.76084805 -0.23173600 748.000000 5.000000 5822.000000 0.000000
2.70447206 1.99014294 -0.44536600 1564.000000 29.000000 4478.000000 0.000000
2.71503210 1.97234595 -0.44507900 1417.000000 26.000000 5363.000000 0.000000
2.69172692 1.93023300 -0.43875700 688.000000 11.000000 4846.000000 0.000000
2.68657207 1.90165401 -0.43573999 1560.000000 29.000000 3531.000000 0.000000
2.67711496 1.87037206 -0.43200499 1741.000000 34.000000 3604.000000 0.000000
2.68039989 1.84828305 -0.43056801 978.000000 17.000000 5226.000000 0.000000
2.90977311 -1.95981300 -0.46720299 547.000000 9.000000 5413.000000 0.000000
2.88705897 -1.97038901 -0.46533501 1504.000000 29.000000 4038.000000 0.000000
2.87247109 -1.98638105 -0.46490401 1557.000000 30.000000 3164.000000 0.000000
2.85860610 -2.00283504 -0.46461701 871.000000 15.000000 5464.000000 0.000000
2.82094693 -2.02853298 -0.46231800 663.000000 11.000000 3878.000000 0.000000
2.82525897 -2.05802202 -0.46533501 1457.000000 28.000000 3050.000000 0.000000
2.81895399 -2.08001208 -0.46648499 1465.000000 28.000000 3834.000000 0.000000
0.60206300 1.72381902 -0.26896501 2812.000000 21.000000 3279.000000 0.000000
0.61196601 1.71823597 -0.26862800 3439.000000 31.000000 2764.000000 0.000000
0.62283403 1.71537399 -0.26879600 3297.000000 28.000000 2596.000000 0.000000
0.63369101 1.71244502 -0.26896501 3246.000000 27.000000 2874.000000 0.000000
0.64348900 1.70668006 -0.26862800 2822.000000 21.000000 2988.000000 0.000000
0.68227500 1.77629495 -0.28209299 1608.000000 10.000000 4169.000000 0.000000
0.73308998 1.87394595 -0.30077699 324.000000 1.000000 5342.000000 0.000000
2.69629598 2.00444388 -0.53086603 1068.000000 12.000000 4050.000000 0.000000
2.71728802 1.99427402 -0.53271800 2480.000000 35.000000 3379.000000 0.000000
2.73506308 1.98160899 -0.53389603 802.000000 8.000000 4232.000000 0.000000
2.68621898 1.92123306 -0.52110398 1122.000000 12.000000 3313.000000 0.000000
2.68104100 1.89278197 -0.51756901 2164.000000 29.000000 2710.000000 0.000000
2.70069408 1.88192904 -0.51925200 2013.000000 26.000000 2713.000000 0.000000
2.71625304 1.86811304 -0.52009398 773.000000 8.000000 4374.000000 0.000000
2.91153598 -1.96664405 -0.55712402 1805.000000 23.000000 4084.000000 0.000000
2.90266800 -1.98670006 -0.55779701 2583.000000 39.000000 3159.000000 0.000000
2.88556409 -2.00110102 -0.55678701 1674.000000 21.000000 2918.000000 0.000000
2.85145998 -2.00345993 -0.55224299 406.000000 4.000000 3833.000000 0.000000
2.77970195 -1.97859597 -0.53978699 594.000000 6.000000 3120.000000 0.000000
2.85223794 -2.05676007 -0.55762899 2012.000000 27.000000 2508.000000 0.000000
2.84035993 -2.07480407 -0.55779701 2054.000000 28.000000 2513.000000 0.000000
2.83470511 -2.09747195 -0.55931199 1079.000000 12.000000 4955.000000 0.000000
0.61120200 1.72149706 -0.31298301 2353.000000 20.000000 3333.000000 0.000000
0.62274897 1.72048497 -0.31355801 2611.000000 23.000000 3104.000000 0.000000
0.63329399 1.71663201 -0.31355801 2541.000000 22.000000 2971.000000 0.000000
0.64209902 1.70811605 -0.31259999 2345.000000 20.000000 3053.000000 0.000000
0.65605801 1.71331799 -0.31451499 1926.000000 15.000000 3477.000000 0.000000
0.70060301 1.79711795 -0.33289900 692.000000 5.000000 4442.000000 0.000000
2.70958996 1.99826503 -0.61343801 1660.000000 32.000000 3670.000000 0.000000
2.71704292 1.97812998 -0.61228901 1242.000000 22.000000 3846.000000 0.000000
2.68992305 1.90823305 -0.60003299 951.000000 16.000000 3752.000000 0.000000
2.69274497 1.88548803 -0.59792697 1790.000000 35.000000 3351.000000 0.000000
2.69942307 1.86557698 -0.59677798 1417.000000 26.000000 3217.000000 0.000000
2.70838809 1.84731603 -0.59620303 516.000000 8.000000 4977.000000 0.000000
2.91820502 -1.96107602 -0.64254498 678.000000 12.000000 4713.000000 0.000000
2.89962292 -1.97453296 -0.64101303 1589.000000 31.000000 3931.000000 0.000000
2.88745308 -1.99228704 -0.64101303 1659.000000 33.000000 3021.000000 0.000000
2.86390305 -2.00210690 -0.63833201 729.000000 12.000000 3878.000000 0.000000
2.86146498 -2.05309606 -0.64369398 1035.000000 18.000000 3382.000000 0.000000
2.83689499 -2.06197309 -0.64082098 1534.000000 30.000000 2803.000000 0.000000
2.82023501 -2.07643604 -0.63986403 1123.000000 20.000000 3944.000000 0.000000
0.94777501 -2.15673995 -0.41619900 1931.000000 24.000000 4558.000000 0.000000
0.93999499 -2.17512012 -0.41887999 2845.000000 43.000000 4572.000000 0.000000
0.92239302 -2.17091703 -0.41677299 2490.000000 34.000000 4123.000000 0.000000
0.91399199 -2.18830109 -0.41926301 1138.000000 12.000000 3614.000000 0.000000
0.90204501 -2.19749689 -0.42002901 1780.000000 21.000000 3232.000000 0.000000
0.89296800 -2.21390700 -0.42232600 2225.000000 29.000000 3456.000000 0.000000
0.87936699 -2.21934390 -0.42232600 2181.000000 28.000000 3396.000000 0.000000
0.86573201 -2.22469807 -0.42232600 1742.000000 21.000000 3887.000000 0.000000
0.85452801 -2.23638201 -0.42366701 375.000000 3.000000 3506.000000 0.000000
0.61707699 1.73161495 -0.36201099 2581.000000 18.000000 2633.000000 0.000000
0.62401599 1.71770298 -0.35963801 2798.000000 21.000000 2488.000000 0.000000
0.63556302 1.71658802 -0.36028501 2935.000000 22.000000 2641.000000 0.000000
0.64780998 1.71722305 -0.36136401 2612.000000 18.000000 2682.000000 0.000000
0.65798402 1.71230400 -0.36114800 2064.000000 13.000000 3253.000000 0.000000
0.71018702 1.81459296 -0.38639200 599.000000 3.000000 4916.000000 0.000000
2.93487811 -1.95703399 -0.73527199 1062.000000 12.000000 4151.000000 0.000000
2.91472602 -1.96953595 -0.73311502 1998.000000 27.000000 3111.000000 0.000000
2.90016890 -1.98572695 -0.73246700 1766.000000 23.000000 2231.000000 0.000000
2.85504508 -1.98065305 -0.72362101 661.000000 7.000000 2544.000000 0.000000
2.87584996 -2.04784012 -0.73592001 1172.000000 14.000000 2912.000000 0.000000
2.85531402 -2.05973196 -0.73376203 2167.000000 30.000000 2556.000000 0.000000
2.84656310 -2.08009505 -0.73484099 1693.000000 21.000000 2646.000000 0.000000
0.95907098 -2.15707898 -0.47744101 2394.000000 21.000000 4429.000000 0.000000
0.94503599 -2.16113400 -0.47701001 3470.000000 40.000000 4031.000000 0.000000
0.93368298 -2.17137694 -0.47808900 3259.000000 35.000000 3764.000000 0.000000
0.92376000 -2.18516207 -0.48003101 1441.000000 10.000000 3814.000000 0.000000
0.91220599 -2.19529796 -0.48110899 1515.000000 11.000000 3550.000000 0.000000
0.90129900 -2.20718408 -0.48262000 2225.000000 18.000000 2361.000000 0.000000
0.88737601 -2.21176600 -0.48240399 2171.000000 18.000000 2386.000000 0.000000
0.87593299 -2.22262096 -0.48369801 2767.000000 26.000000 3225.000000 0.000000
0.86051899 -2.22340012 -0.48262000 1223.000000 8.000000 4782.000000 0.000000
0.61473602 1.73915195 -0.40862900 1042.000000 7.000000 5371.000000 0.000000
0.62375897 1.73077595 -0.40743601 2261.000000 19.000000 3246.000000 0.000000
0.63303602 1.72326696 -0.40648100 2627.000000 24.000000 3133.000000 0.000000
0.64292097 1.71753001 -0.40600401 2566.000000 23.000000 3103.000000 0.000000
0.65447903 1.71627700 -0.40672001 2267.000000 19.000000 3256.000000 0.000000
0.67164099 1.72944200 -0.41125500 1766.000000 13.000000 4031.000000 0.000000
0.73018599 1.84730399 -0.44348001 497.000000 3.000000 5600.000000 0.000000
2.95064211 -1.95079100 -0.82468802 629.000000 11.000000 4827.000000 0.000000
2.91681790 -1.95428896 -0.81824398 1365.000000 26.000000 3611.000000 0.000000
2.89994693 -1.96888196 -0.81681103 1304.000000 24.000000 2828.000000 0.000000
2.89661908 -1.99268305 -0.81943703 715.000000 12.000000 3329.000000 0.000000
2.87209702 -2.05468893 -0.82325602 1024.000000 18.000000 3053.000000 0.000000
2.84763098 -2.06373906 -0.81967598 1511.000000 29.000000 2753.000000 0.000000
2.84745002 -2.09035301 -0.82349497 1041.000000 19.000000 3061.000000 0.000000
0.95215899 -2.15860796 -0.53514200 2018.000000 25.000000 4756.000000 0.000000
0.93889600 -2.16440892 -0.53514200 2871.000000 44.000000 4664.000000 0.000000
0.92904001 -2.17816305 -0.53728998 2455.000000 34.000000 4261.000000 0.000000
0.91528100 -2.18292689 -0.53705102 966.000000 10.000000 4974.000000 0.000000
0.91004199 -2.20824099 -0.54230303 1479.000000 17.000000 3197.000000 0.000000
0.89281601 -2.20478892 -0.53991598 1797.000000 21.000000 2951.000000 0.000000
0.87963098 -2.21112704 -0.54015499 1862.000000 23.000000 3327.000000 0.000000
0.86640197 -2.21738696 -0.54039299 1825.000000 22.000000 4138.000000 0.000000
0.86186397 -2.24621892 -0.54659998 454.000000 4.000000 7142.000000 0.000000
0.61821401 1.73385596 -0.45627299 1618.000000 9.000000 3590.000000 0.000000
0.62884098 1.73002994 -0.45627299 2592.000000 18.000000 2562.000000 0.000000
0.63910902 1.72523403 -0.45601001 2741.000000 20.000000 2588.000000 0.000000
0.64968199 1.72127998 -0.45601001 2560.000000 18.000000 2424.000000 0.000000
0.66231298 1.72266304 -0.45758799 2278.000000 15.000000 2521.000000 0.000000
0.68027103 1.73742700 -0.46311200 1574.000000 9.000000 4036.000000 0.000000
0.95639700 -2.15205693 -0.59646899 2000.000000 16.000000 4189.000000 0.000000
0.94394600 -2.15965390 -0.59699500 3439.000000 40.000000 4357.000000 0.000000
0.93105698 -2.16629100 -0.59725797 3344.000000 37.000000 3769.000000 0.000000
0.92487299 -2.18885303 -0.60225600 1699.000000 13.000000 3342.000000 0.000000
0.91105503 -2.19359493 -0.60199201 1978.000000 16.000000 2674.000000 0.000000
0.89867097 -2.20182490 -0.60278201 2105.000000 17.000000 2286.000000 0.000000
0.88514400 -2.20729709 -0.60278201 2270.000000 19.000000 2684.000000 0.000000
0.87158298 -2.21268702 -0.60278201 2361.000000 20.000000 2950.000000 0.000000
0.86424601 -2.23419309 -0.60751599 658.000000 4.000000 5446.000000 0.000000
0.62947702 1.75531602 -0.50972199 947.000000 7.000000 4723.000000 0.000000
0.63533002 1.73790896 -0.50543702 2146.000000 20.000000 3115.000000 0.000000
0.64498299 1.73128200 -0.50458002 2503.000000 26.000000 3110.000000 0.000000
0.65559399 1.72729194 -0.50458002 2464.000000 25.000000 3097.000000 0.000000
0.66618001 1.72323704 -0.50458002 2305.000000 23.000000 3269.000000 0.000000
0.68302500 1.73518097 -0.50972199 1668.000000 14.000000 3850.000000 0.000000
0.72592402 1.81197703 -0.53571999 449.000000 3.000000 5169.000000 0.000000
0.95355701 -2.15273809 -0.65570903 1409.000000 16.000000 5252.000000 0.000000
0.94109899 -2.16030407 -0.65627998 2811.000000 42.000000 5182.000000 0.000000
0.92744702 -2.16515803 -0.65599501 2788.000000 42.000000 4638.000000 0.000000
0.91862500 -2.18139791 -0.65942299 1890.000000 23.000000 3525.000000 0.000000
0.91037500 -2.19938207 -0.66342300 1624.000000 19.000000 3000.000000 0.000000
0.89541298 -2.20137811 -0.66228002 1842.000000 22.000000 2794.000000 0.000000
0.88331699 -2.21038795 -0.66342300 1772.000000 21.000000 3044.000000 0.000000
0.86973798 -2.21576595 -0.66342300 1813.000000 22.000000 3596.000000 0.000000
0.63369399 1.73870206 -0.55605501 2038.000000 14.000000 2641.000000 0.000000
0.64434999 1.73478103 -0.55605501 2465.000000 18.000000 2436.000000 0.000000
0.65498298 1.73079395 -0.55605501 2448.000000 18.000000 2398.000000 0.000000
0.66833103 1.73383796 -0.55853403 2201.000000 15.000000 2501.000000 0.000000
0.67408502 1.71731806 -0.55419600 1882.000000 12.000000 2861.000000 0.000000
0.69768697 1.74580705 -0.56566101 689.000000 3.000000 3437.000000 0.000000
0.94817698 -2.13850808 -0.71531701 2398.000000 21.000000 4457.000000 0.000000
0.93503702 -2.14428592 -0.71531701 3355.000000 38.000000 4255.000000 0.000000
0.92410803 -2.15522695 -0.71717602 3089.000000 32.000000 3487.000000 0.000000
0.92045498 -2.18364096 -0.72523201 2059.000000 17.000000 2756.000000 0.000000
0.90921998 -2.19452000 -0.72709101 2180.000000 21.000000 2187.000000 0.000000
0.89036697 -2.18684602 -0.72244298 2370.000000 20.000000 2189.000000 0.000000
0.88327903 -2.20816112 -0.72802001 2551.000000 26.000000 2684.000000 0.000000
0.87249100 -2.22061992 -0.73049903 2130.000000 20.000000 3006.000000 0.000000
0.65082198 1.79114401 -0.62310398 1067.000000 8.000000 3523.000000 0.000000
0.64812100 1.74993503 -0.60916001 1784.000000 16.000000 3017.000000 0.000000
0.65553498 1.73709297 -0.60584003 2074.000000 20.000000 2882.000000 0.000000
0.66685498 1.73479998 -0.60650402 1921.000000 18.000000 3040.000000 0.000000
0.67748702 1.73067605 -0.60650402 1823.000000 16.000000 3197.000000 0.000000
0.70059597 1.75805902 -0.61845601 1416.000000 12.000000 3593.000000 0.000000
0.95764798 -2.11603498 -0.76984602 983.000000 10.000000 3253.000000 0.000000
0.94426101 -2.12101007 -0.76951402 1684.000000 20.000000 3481.000000 0.000000
0.93654698 -2.13885188 -0.77416199 1988.000000 25.000000 3632.000000 0.000000
0.92640197 -2.15148401 -0.77681798 1896.000000 23.000000 3209.000000 0.000000
0.91687602 -2.16580796 -0.78013802 1202.000000 13.000000 2960.000000 0.000000
0.90611702 -2.17748499 -0.78246200 1264.000000 16.000000 2706.000000 0.000000
0.89883399 -2.19783592 -0.78810602 1848.000000 26.000000 2823.000000 0.000000
0.88356602 -2.19893599 -0.78644598 1591.000000 21.000000 2918.000000 0.000000
0.87283897 -2.21133089 -0.78910202 1745.000000 24.000000 3199.000000 0.000000
0.86199403 -2.22367597 -0.79175800 607.000000 7.000000 3438.000000 0.000000
0.65210903 1.78816104 -0.67678398 1829.000000 12.000000 2997.000000 0.000000
0.64774001 1.74296904 -0.66004801 2045.000000 14.000000 2442.000000 0.000000
0.65411198 1.72760403 -0.65541899 2216.000000 15.000000 2375.000000 0.000000
0.66469997 1.72355795 -0.65541899 2209.000000 15.000000 2560.000000 0.000000
0.67936999 1.72988105 -0.65969199 2017.000000 13.000000 2667.000000 0.000000
0.71012902 1.77599096 -0.68034500 1360.000000 8.000000 3671.000000 0.000000
0.96329302 -2.10350299 -0.83310503 2060.000000 17.000000 4175.000000 0.000000
0.94461799 -2.09659100 -0.82776397 2378.000000 21.000000 3308.000000 0.000000
0.92719799 -2.09209394 -0.82349098 2810.000000 27.000000 3480.000000 0.000000
0.92217398 -2.11573696 -0.83096898 2450.000000 22.000000 3182.000000 0.000000
0.91762900 -2.14111495 -0.83915901 1453.000000 10.000000 2909.000000 0.000000
0.90809798 -2.15531898 -0.84271997 1420.000000 12.000000 2743.000000 0.000000
0.90306801 -2.18071198 -0.85091001 2392.000000 24.000000 2237.000000 0.000000
0.89142901 -2.19054103 -0.85268998 2312.000000 23.000000 2404.000000 0.000000
0.87519997 -2.18902612 -0.84984100 1946.000000 18.000000 2298.000000 0.000000
0.86925501 -2.21349502 -0.85767502 1769.000000 15.000000 2856.000000 0.000000
0.64890200 1.79939997 -0.73109400 1993.000000 19.000000 2689.000000 0.000000
0.65739101 1.78842604 -0.72807199 1784.000000 16.000000 2729.000000 0.000000
0.65834200 1.75745702 -0.71636403 1894.000000 17.000000 2776.000000 0.000000
0.66484600 1.74212897 -0.71145397 1960.000000 18.000000 2787.000000 0.000000
0.67318797 1.73196995 -0.70881099 1985.000000 18.000000 2776.000000 0.000000
0.68786901 1.73814702 -0.71334302 1810.000000 16.000000 2943.000000 0.000000
0.71985501 1.78718996 -0.73675901 1392.000000 12.000000 3251.000000 0.000000
0.73150599 1.78445494 -0.73751402 1345.000000 11.000000 2364.000000 0.000000
0.76513797 1.83467400 -0.76168603 1146.000000 11.000000 3101.000000 0.000000
0.93623501 -2.08952498 -0.88480902 1629.000000 19.000000 3078.000000 0.000000
0.92452103 -2.09777093 -0.88594198 1424.000000 16.000000 2600.000000 0.000000
0.91015297 -2.10000801 -0.88443100 1334.000000 15.000000 2420.000000 0.000000
0.89725101 -2.10555410 -0.88443100 1567.000000 18.000000 2714.000000 0.000000
0.88718897 -2.11784601 -0.88745302 1347.000000 15.000000 2446.000000 0.000000
0.87807202 -2.13266110 -0.89160699 1437.000000 16.000000 2611.000000 0.000000
0.86845702 -2.14658594 -0.89538401 1355.000000 17.000000 2688.000000 0.000000
0.86007899 -2.16391301 -0.90067202 1383.000000 18.000000 2585.000000 0.000000
0.66254401 1.74710703 -0.76975399 2033.000000 14.000000 2730.000000 0.000000
0.67358202 1.74386203 -0.77015603 1999.000000 13.000000 2635.000000 0.000000
0.68494099 1.74140000 -0.77095902 1840.000000 12.000000 2923.000000 0.000000
0.69254398 1.72951603 -0.76734298 1667.000000 10.000000 3320.000000 0.000000
