-0.91482699 2.45179605 -0.27658400 2464.000000 24.000000 2482.000000 0.000000
-0.89635700 2.44804001 -0.27537799 2635.000000 27.000000 2463.000000 0.000000
-0.88098502 2.45255899 -0.27525699 2300.000000 22.000000 2884.000000 0.000000
-0.85043800 2.41390491 -0.26958600 1664.000000 14.000000 3200.000000 0.000000
-0.84920299 2.45849299 -0.27465400 2095.000000 19.000000 2831.000000 0.000000
-0.84554601 2.49751306 -0.27899700 2242.000000 21.000000 2054.000000 0.000000
-0.83145303 2.50642395 -0.27948001 2271.000000 21.000000 2445.000000 0.000000
-0.81942803 2.52186489 -0.28080699 2620.000000 27.000000 2848.000000 0.000000
-0.80033302 2.51549196 -0.27935901 1950.000000 17.000000 2920.000000 0.000000
-0.92467600 2.42656994 -0.33488700 295.000000 3.000000 4581.000000 0.000000
-0.91394597 2.44331503 -0.33661100 1607.000000 21.000000 3376.000000 0.000000
-0.89722502 2.44423389 -0.33589301 2147.000000 31.000000 3068.000000 0.000000
-0.88254797 2.45062399 -0.33603701 2072.000000 29.000000 3168.000000 0.000000
-0.87278998 2.47091508 -0.33833501 1397.000000 17.000000 3103.000000 0.000000
-0.86346698 2.49304795 -0.34092101 998.000000 12.000000 2423.000000 0.000000
-0.85198802 2.50953889 -0.34264499 1797.000000 24.000000 2978.000000 0.000000
-0.83531898 2.51096392 -0.34207001 2589.000000 41.000000 4159.000000 0.000000
-0.82051200 2.51792407 -0.34235799 2553.000000 40.000000 4312.000000 0.000000
-0.80413997 2.52008390 -0.34192699 2138.000000 31.000000 3873.000000 0.000000
-0.78629100 2.51741695 -0.34077799 1083.000000 13.000000 2541.000000 0.000000
-0.90676600 2.43015909 -0.40008399 1925.000000 17.000000 2831.000000 0.000000
-0.89116102 2.43382502 -0.39974701 2610.000000 26.000000 2427.000000 0.000000
-0.87620997 2.43924689 -0.39974701 2549.000000 25.000000 2462.000000 0.000000
-0.86449802 2.45387697 -0.40143001 1706.000000 14.000000 3065.000000 0.000000
-0.86838502 2.51411605 -0.41136101 996.000000 9.000000 2874.000000 0.000000
-0.84789199 2.50445509 -0.40866801 1997.000000 18.000000 2625.000000 0.000000
-0.83095902 2.50493193 -0.40782601 3297.000000 41.000000 3346.000000 0.000000
-0.81739902 2.51560903 -0.40883601 3582.000000 48.000000 3619.000000 0.000000
-0.80194801 2.52057695 -0.40883601 3160.000000 37.000000 3906.000000 0.000000
-0.79144198 2.54145288 -0.41169801 1777.000000 18.000000 4495.000000 0.000000
-0.92700702 2.42513299 -0.46311501 443.000000 5.000000 3566.000000 0.000000
-0.90864700 2.42159104 -0.46120000 1101.000000 13.000000 3400.000000 0.000000
-0.89240903 2.42343903 -0.46043399 1828.000000 25.000000 2737.000000 0.000000
-0.87785703 2.42979097 -0.46062499 1862.000000 25.000000 2715.000000 0.000000
-0.86523598 2.44160390 -0.46196601 1446.000000 18.000000 3149.000000 0.000000
-0.84538502 2.43296790 -0.45909300 382.000000 4.000000 3903.000000 0.000000
-0.84697002 2.48639607 -0.46905100 747.000000 8.000000 2815.000000 0.000000
-0.83013701 2.48689389 -0.46809399 1751.000000 23.000000 2904.000000 0.000000
-0.81424898 2.49007607 -0.46771100 1785.000000 24.000000 2922.000000 0.000000
-0.79925603 2.49595904 -0.46790200 1710.000000 23.000000 2925.000000 0.000000
-0.78510600 2.50456095 -0.46866801 1583.000000 20.000000 2835.000000 0.000000
-0.77059102 2.51214504 -0.46924299 1600.000000 21.000000 3183.000000 0.000000
-0.74070501 2.46890306 -0.45947599 363.000000 4.000000 4192.000000 0.000000
-0.89756799 2.40673995 -0.52339798 1806.000000 15.000000 2327.000000 0.000000
-0.88546401 2.41953897 -0.52512401 2576.000000 26.000000 2380.000000 0.000000
-0.87126100 2.42676497 -0.52555603 2472.000000 24.000000 2410.000000 0.000000
-0.85732502 2.43482900 -0.52620298 2113.000000 19.000000 2447.000000 0.000000
-0.85700500 2.48250890 -0.53612798 1382.000000 13.000000 1953.000000 0.000000
-0.83613199 2.47106910 -0.53224403 2445.000000 24.000000 2325.000000 0.000000
-0.82248801 2.48078799 -0.53332299 3359.000000 42.000000 3219.000000 0.000000
-0.80725098 2.48578811 -0.53332299 3404.000000 43.000000 3589.000000 0.000000
-0.79434597 2.49814010 -0.53504902 2603.000000 27.000000 3912.000000 0.000000
-0.78479701 2.52161598 -0.53936398 1261.000000 11.000000 2850.000000 0.000000
-0.89477700 2.41956806 -0.58932698 1532.000000 20.000000 3015.000000 0.000000
-0.87791800 2.41953802 -0.58789498 1810.000000 24.000000 2784.000000 0.000000
-0.86403698 2.42762303 -0.58861101 1725.000000 23.000000 3016.000000 0.000000
-0.85876799 2.46036911 -0.59577203 1544.000000 20.000000 2648.000000 0.000000
-0.84175998 2.46008301 -0.59434003 1958.000000 27.000000 2749.000000 0.000000
-0.83006102 2.47532392 -0.59696603 2395.000000 43.000000 3418.000000 0.000000
-0.81455302 2.47944808 -0.59672701 2630.000000 50.000000 4044.000000 0.000000
-0.80111700 2.48994303 -0.59815902 1809.000000 29.000000 4406.000000 0.000000
-0.78992802 2.50777292 -0.60150099 593.000000 8.000000 4672.000000 0.000000
-0.89598900 2.40376997 -0.65381002 960.000000 7.000000 3231.000000 0.000000
-0.88023001 2.40650296 -0.65302098 2285.000000 22.000000 2208.000000 0.000000
-0.86544800 2.41185904 -0.65302098 2327.000000 22.000000 2202.000000 0.000000
-0.85063201 2.41712403 -0.65302098 2140.000000 20.000000 2543.000000 0.000000
-0.84709698 2.45513701 -0.66249001 1880.000000 19.000000 1708.000000 0.000000
-0.83510298 2.46942902 -0.66512001 2706.000000 33.000000 2402.000000 0.000000
-0.81963199 2.47359109 -0.66485697 3386.000000 50.000000 3236.000000 0.000000
-0.80384398 2.47673798 -0.66433102 2833.000000 36.000000 3395.000000 0.000000
-0.78775698 2.47886491 -0.66354197 1406.000000 13.000000 4393.000000 0.000000
-0.89316201 2.40377498 -0.71827501 878.000000 10.000000 3606.000000 0.000000
-0.87806600 2.40831089 -0.71798903 1803.000000 24.000000 2735.000000 0.000000
-0.86262399 2.41184902 -0.71741802 1922.000000 27.000000 2956.000000 0.000000
-0.85322499 2.43246198 -0.72227401 1668.000000 26.000000 3122.000000 0.000000
-0.84767598 2.46482396 -0.73084497 1526.000000 23.000000 2384.000000 0.000000
-0.83407301 2.47451711 -0.73227298 2272.000000 40.000000 2887.000000 0.000000
-0.81887400 2.47958803 -0.73227298 2768.000000 55.000000 3657.000000 0.000000
-0.80512601 2.48912311 -0.73370200 2219.000000 39.000000 4166.000000 0.000000
-0.78867501 2.49036288 -0.73255903 1166.000000 17.000000 4928.000000 0.000000
-0.87499702 2.39859891 -0.78503197 2315.000000 22.000000 2134.000000 0.000000
-0.86058199 2.40481806 -0.78534198 2179.000000 24.000000 2165.000000 0.000000
-0.84706801 2.41364193 -0.78658098 2148.000000 23.000000 2375.000000 0.000000
-0.83625799 2.43048406 -0.79060900 1941.000000 20.000000 2076.000000 0.000000
-0.83285600 2.46981096 -0.80238301 2587.000000 31.000000 2289.000000 0.000000
-0.81798297 2.47577810 -0.80269301 3134.000000 43.000000 2712.000000 0.000000
-0.79810101 2.46627402 -0.79773599 2926.000000 38.000000 3307.000000 0.000000
-0.78983402 2.49288201 -0.80517203 1835.000000 19.000000 4041.000000 0.000000
-0.87963301 2.39848089 -0.85151702 1224.000000 18.000000 2569.000000 0.000000
-0.86489999 2.40383291 -0.85151702 1665.000000 26.000000 2657.000000 0.000000
-0.85171098 2.41353989 -0.85317701 1618.000000 25.000000 2836.000000 0.000000
-0.83874398 2.42406607 -0.85516900 1332.000000 20.000000 2618.000000 0.000000
-0.83146399 2.45148802 -0.86346900 1663.000000 26.000000 2672.000000 0.000000
-0.82358003 2.47801495 -0.87143701 2230.000000 39.000000 3205.000000 0.000000
-0.80513197 2.47316098 -0.86778498 2091.000000 36.000000 3586.000000 0.000000
-0.79138201 2.48254490 -0.86944503 1526.000000 24.000000 4275.000000 0.000000
-0.76766300 2.46035409 -0.85948497 607.000000 8.000000 3556.000000 0.000000
-0.87028700 2.38694906 -0.91963398 1938.000000 20.000000 2083.000000 0.000000
-0.85531002 2.39136410 -0.91927803 2194.000000 24.000000 1886.000000 0.000000
-0.84309101 2.40362191 -0.92212701 2101.000000 23.000000 2254.000000 0.000000
-0.83045101 2.41493702 -0.92461902 1851.000000 19.000000 2010.000000 0.000000
-0.82336497 2.44301391 -0.93387800 2110.000000 23.000000 1938.000000 0.000000
-0.81333297 2.46310711 -0.93993098 2981.000000 40.000000 3242.000000 0.000000
-0.79705602 2.46449399 -0.93850702 2748.000000 34.000000 3329.000000 0.000000
-0.78051102 2.46488404 -0.93672597 2122.000000 23.000000 2668.000000 0.000000
-0.75764000 2.44462991 -0.92675602 1018.000000 9.000000 2062.000000 0.000000
-0.74966300 2.47248793 -0.93601400 1176.000000 11.000000 2038.000000 0.000000
-0.91050398 2.46387196 -1.02228403 950.000000 13.000000 2313.000000 0.000000
-0.86430299 2.38415408 -0.98527199 1339.000000 20.000000 2311.000000 0.000000
-0.84965801 2.38941193 -0.98527199 1629.000000 26.000000 2398.000000 0.000000
-0.83743101 2.40157104 -0.98829299 1749.000000 28.000000 2738.000000 0.000000
-0.82207799 2.40491295 -0.98753798 1671.000000 26.000000 2406.000000 0.000000
-0.81705898 2.43886900 -1.00000095 2009.000000 34.000000 2650.000000 0.000000
-0.80120897 2.44119906 -0.99886799 1871.000000 31.000000 3023.000000 0.000000
-0.78393698 2.43902111 -0.99584699 1196.000000 17.000000 2638.000000 0.000000
-0.86467397 2.37535810 -1.05904102 1457.000000 14.000000 1885.000000 0.000000
-0.84854501 2.37630606 -1.05703199 1740.000000 18.000000 1942.000000 0.000000
-0.83485502 2.38406110 -1.05823803 1812.000000 18.000000 2067.000000 0.000000
-0.82229000 2.39520192 -1.06105006 1557.000000 15.000000 2010.000000 0.000000
-0.81486601 2.42190504 -1.07109499 1227.000000 11.000000 1571.000000 0.000000
-0.79913199 2.42424893 -1.06989002 1499.000000 14.000000 1885.000000 0.000000
-0.78311801 2.42562103 -1.06828201 2089.000000 23.000000 2394.000000 0.000000
-0.76518899 2.42077398 -1.06386304 2393.000000 28.000000 3295.000000 0.000000
-0.75464398 2.43942308 -1.07029104 2156.000000 24.000000 2788.000000 0.000000
-0.74363399 2.45715690 -1.07631803 1856.000000 19.000000 2779.000000 0.000000
-0.73269302 2.47572494 -1.08274698 1603.000000 16.000000 3024.000000 0.000000
1.08706903 2.50191998 -0.42297500 1428.000000 13.000000 3184.000000 0.000000
1.10000801 2.48979306 -0.42196500 2687.000000 32.000000 2821.000000 0.000000
1.11241698 2.48957896 -0.48858300 1369.000000 20.000000 3254.000000 0.000000
1.12522495 2.39843607 -0.47345501 1416.000000 21.000000 3052.000000 0.000000
1.13528895 2.38173389 -0.47134900 1611.000000 25.000000 2725.000000 0.000000
1.14604402 2.36676598 -0.46962601 1823.000000 25.000000 2869.000000 0.000000
1.17134094 2.38172507 -0.47441301 1093.000000 15.000000 3523.000000 0.000000
1.12370598 2.50061393 -0.56158698 1671.000000 16.000000 2920.000000 0.000000
1.13862300 2.49278402 -0.56137103 2809.000000 35.000000 2672.000000 0.000000
1.15142703 2.48043799 -0.56007701 3067.000000 41.000000 2602.000000 0.000000
1.12993097 2.39562798 -0.54109001 2114.000000 22.000000 2171.000000 0.000000
1.13996196 2.37896609 -0.53871697 2291.000000 25.000000 2069.000000 0.000000
1.15453804 2.37192607 -0.53871697 2191.000000 24.000000 2263.000000 0.000000
1.17123604 2.36917305 -0.53979599 1541.000000 15.000000 2957.000000 0.000000
1.12684405 2.49004507 -0.62704200 1256.000000 18.000000 3943.000000 0.000000
1.13765204 2.47337198 -0.62441701 2143.000000 37.000000 3418.000000 0.000000
1.15321696 2.46722603 -0.62465501 2197.000000 38.000000 3312.000000 0.000000
1.13303196 2.38548994 -0.60436600 1718.000000 27.000000 2941.000000 0.000000
1.14554501 2.37411690 -0.60317200 1702.000000 27.000000 2823.000000 0.000000
1.15923905 2.36529803 -0.60269499 1656.000000 26.000000 2870.000000 0.000000
1.17459297 2.35987997 -0.60317200 1014.000000 14.000000 3975.000000 0.000000
1.11954606 2.49021912 -0.69878799 800.000000 7.000000 3540.000000 0.000000
1.13360095 2.48066998 -0.69799900 2358.000000 26.000000 2715.000000 0.000000
1.14758003 2.47104311 -0.69721001 3068.000000 41.000000 2767.000000 0.000000
1.14911902 2.43516898 -0.68853003 2623.000000 31.000000 2470.000000 0.000000
1.13606703 2.36979795 -0.67090702 2173.000000 23.000000 2141.000000 0.000000
1.14889503 2.35931301 -0.66985500 2154.000000 23.000000 2063.000000 0.000000
1.16334999 2.35222006 -0.66985500 1961.000000 20.000000 2221.000000 0.000000
1.18903100 2.36744809 -0.67669302 835.000000 7.000000 3380.000000 0.000000
1.13301003 2.47339797 -0.76484197 1764.000000 28.000000 3582.000000 0.000000
1.14776194 2.46552992 -0.76455599 2333.000000 42.000000 3251.000000 0.000000
1.16205096 2.45670700 -0.76398498 2291.000000 41.000000 3364.000000 0.000000
1.14275801 2.37778807 -0.74027300 1760.000000 28.000000 2834.000000 0.000000
1.15355504 2.36297488 -0.73770201 1785.000000 29.000000 2721.000000 0.000000
1.16718304 2.35413408 -0.73712999 1659.000000 26.000000 2828.000000 0.000000
1.18418396 2.35206699 -0.73884398 907.000000 13.000000 4278.000000 0.000000
1.13486505 2.47777510 -0.84111398 1527.000000 15.000000 2546.000000 0.000000
1.14402294 2.45783806 -0.83646703 2929.000000 38.000000 2735.000000 0.000000
1.15908206 2.45077205 -0.83646703 2853.000000 36.000000 2695.000000 0.000000
1.14029801 2.37335706 -0.81105900 2312.000000 26.000000 2338.000000 0.000000
1.15066504 2.35777307 -0.80796099 2294.000000 25.000000 2112.000000 0.000000
1.16257405 2.34555793 -0.80610198 2220.000000 24.000000 2152.000000 0.000000
1.17737198 2.33923006 -0.80641198 1687.000000 17.000000 2445.000000 0.000000
1.25989795 2.42838597 -0.84452301 681.000000 5.000000 2343.000000 0.000000
1.15342104 2.49013495 -0.91824800 952.000000 14.000000 3006.000000 0.000000
1.15346098 2.45055604 -0.90563297 1811.000000 29.000000 3064.000000 0.000000
1.16320205 2.43236208 -0.90131700 2126.000000 36.000000 2824.000000 0.000000
1.14975405 2.36659193 -0.87840903 1596.000000 25.000000 2435.000000 0.000000
1.15676403 2.34425402 -0.87243301 1401.000000 21.000000 2209.000000 0.000000
1.16733503 2.32951689 -0.86944503 904.000000 12.000000 1951.000000 0.000000
1.18331206 2.32567596 -0.87077302 479.000000 6.000000 2162.000000 0.000000
1.23295105 2.38714910 -0.89799702 131.000000 1.000000 1978.000000 0.000000
1.23316300 2.35194802 -0.88704097 82.000000 1.000000 1836.000000 0.000000
1.25419903 2.35683799 -0.89202100 96.000000 1.000000 2047.000000 0.000000
1.14668202 2.46243310 -0.98657799 1360.000000 14.000000 1787.000000 0.000000
1.14216495 2.41397095 -0.96912998 1598.000000 16.000000 1740.000000 0.000000
1.14439297 2.38081598 -0.95809102 1960.000000 20.000000 1988.000000 0.000000
1.15200305 2.35947704 -0.95203799 1946.000000 20.000000 1922.000000 0.000000
1.16188705 2.34315801 -0.94812101 1940.000000 20.000000 1888.000000 0.000000
1.17329800 2.33014297 -0.94562900 1861.000000 19.000000 1930.000000 0.000000
1.20418000 2.35534096 -0.95951599 1681.000000 17.000000 2351.000000 0.000000
1.26902401 2.44492102 -1.00117803 1248.000000 12.000000 2238.000000 0.000000
2.93697309 -1.56671596 0.03819500 513.000000 8.000000 3856.000000 0.000000
2.94138408 -1.59230804 0.03819500 1360.000000 25.000000 2777.000000 0.000000
2.91664910 -1.60215902 0.03819500 1653.000000 32.000000 2560.000000 0.000000
2.91025996 -1.62196803 0.03819500 1261.000000 23.000000 3320.000000 0.000000
2.89763999 -1.63832104 0.03819500 1171.000000 21.000000 3504.000000 0.000000
2.94655895 -1.68983197 0.03819500 1687.000000 33.000000 2558.000000 0.000000
2.93700004 -1.70838201 0.03819500 1795.000000 36.000000 2770.000000 0.000000
2.92732406 -1.72687805 0.03819500 1128.000000 20.000000 4893.000000 0.000000
2.97493601 -1.56178796 -0.04325900 324.000000 3.000000 3791.000000 0.000000
2.96617889 -1.58048296 -0.04328300 1916.000000 24.000000 2941.000000 0.000000
2.95290804 -1.59675002 -0.04318600 2353.000000 33.000000 2955.000000 0.000000
2.95970392 -1.62398195 -0.04365000 2150.000000 29.000000 2942.000000 0.000000
2.94881010 -1.64162505 -0.04362600 1258.000000 14.000000 2744.000000 0.000000
2.98741794 -1.68723702 -0.04499400 1059.000000 12.000000 3011.000000 0.000000
2.96486712 -1.69857395 -0.04465200 2180.000000 29.000000 2267.000000 0.000000
2.95698190 -1.71824205 -0.04472500 2116.000000 28.000000 2664.000000 0.000000
2.94379997 -1.73483002 -0.04465200 874.000000 9.000000 3713.000000 0.000000
2.96739888 -1.58224201 -0.12204600 1323.000000 24.000000 3814.000000 0.000000
2.94708705 -1.59472799 -0.12147100 2095.000000 43.000000 3903.000000 0.000000
2.94250298 -1.61565900 -0.12175900 1723.000000 33.000000 3711.000000 0.000000
2.94650412 -1.64144504 -0.12252600 503.000000 8.000000 4908.000000 0.000000
2.96248102 -1.67420697 -0.12396600 846.000000 14.000000 4038.000000 0.000000
2.95822310 -1.69582295 -0.12430100 1528.000000 28.000000 2673.000000 0.000000
2.94516897 -1.71244001 -0.12415700 1563.000000 29.000000 2531.000000 0.000000
2.93632793 -1.73149097 -0.12425300 1251.000000 22.000000 4000.000000 0.000000
2.98128390 -1.56512403 -0.20473900 1243.000000 14.000000 3978.000000 0.000000
2.96634507 -1.58057106 -0.20430399 2383.000000 33.000000 3278.000000 0.000000
2.96448493 -1.60301602 -0.20495699 2175.000000 29.000000 3462.000000 0.000000
2.94847298 -1.61781394 -0.20444900 627.000000 6.000000 5137.000000 0.000000
2.97702003 -1.68136001 -0.20851199 798.000000 8.000000 3572.000000 0.000000
2.97097397 -1.70207500 -0.20887400 2100.000000 28.000000 2472.000000 0.000000
2.95788693 -1.71876895 -0.20865700 2022.000000 26.000000 2674.000000 0.000000
2.95072198 -1.73891199 -0.20894700 1164.000000 13.000000 3997.000000 0.000000
2.96521902 -1.55518794 -0.28221101 1170.000000 20.000000 4153.000000 0.000000
2.96793008 -1.57988703 -0.28355500 1837.000000 36.000000 3230.000000 0.000000
2.96080899 -1.59948397 -0.28384301 1737.000000 33.000000 3187.000000 0.000000
2.92823100 -1.60520804 -0.28134701 408.000000 6.000000 4922.000000 0.000000
2.96561599 -1.69732404 -0.28883600 1017.000000 17.000000 2999.000000 0.000000
2.96375895 -1.72047603 -0.28979599 1642.000000 31.000000 2512.000000 0.000000
2.94971299 -1.73661304 -0.28941199 1336.000000 24.000000 3166.000000 0.000000
2.97859001 -1.56436598 -0.36743900 2105.000000 28.000000 3368.000000 0.000000
2.97243810 -1.58448195 -0.36792099 2389.000000 33.000000 2537.000000 0.000000
2.97924590 -1.61167204 -0.37021399 1306.000000 15.000000 3540.000000 0.000000
2.97754502 -1.70652795 -0.37564299 1914.000000 25.000000 2151.000000 0.000000
2.96959209 -1.72626400 -0.37600499 2065.000000 28.000000 2163.000000 0.000000
2.96150899 -1.74596596 -0.37636700 1481.000000 18.000000 3649.000000 0.000000
2.99401593 -1.56760705 -0.44852701 599.000000 9.000000 3322.000000 0.000000
2.97122407 -1.57899702 -0.44637200 1514.000000 28.000000 3198.000000 0.000000
2.95973706 -1.59626102 -0.44608399 1505.000000 28.000000 2221.000000 0.000000
2.96117902 -1.62055504 -0.44795200 1119.000000 19.000000 2548.000000 0.000000
2.96507001 -1.71849203 -0.45542201 1679.000000 33.000000 2331.000000 0.000000
2.95190811 -1.73515105 -0.45499101 1559.000000 30.000000 2483.000000 0.000000
2.93610191 -1.75019705 -0.45412901 791.000000 13.000000 3492.000000 0.000000
2.99888206 -1.57503402 -0.53557903 1275.000000 14.000000 2760.000000 0.000000
2.99003100 -1.59386897 -0.53574800 2033.000000 27.000000 2595.000000 0.000000
2.98452902 -1.61453295 -0.53658903 1644.000000 20.000000 2236.000000 0.000000
2.98234200 -1.63708699 -0.53810400 414.000000 4.000000 1982.000000 0.000000
2.99978089 -1.69491196 -0.54550999 344.000000 3.000000 1609.000000 0.000000
2.99018002 -1.71377695 -0.54567802 1529.000000 19.000000 1985.000000 0.000000
2.96682811 -1.72465599 -0.54315400 1925.000000 26.000000 1929.000000 0.000000
2.97401810 -1.75334704 -0.54668802 1660.000000 21.000000 2066.000000 0.000000
2.98047709 -1.60342395 -0.61688501 1294.000000 23.000000 2603.000000 0.000000
2.97834110 -1.62590504 -0.61860800 1809.000000 36.000000 2605.000000 0.000000
2.95799899 -1.63845396 -0.61631000 994.000000 17.000000 2261.000000 0.000000
2.96134901 -1.71223605 -0.62396997 1227.000000 22.000000 1978.000000 0.000000
2.95502400 -1.73285198 -0.62492698 1475.000000 28.000000 2202.000000 0.000000
2.94011402 -1.74844694 -0.62396997 1257.000000 23.000000 2342.000000 0.000000
2.99713898 -1.59832799 -0.70636100 1432.000000 18.000000 2650.000000 0.000000
2.98298311 -1.61436296 -0.70528197 1498.000000 19.000000 2060.000000 0.000000
2.96788692 -1.62981403 -0.70398700 1495.000000 18.000000 1649.000000 0.000000
2.96038890 -1.64942002 -0.70463502 1374.000000 17.000000 1604.000000 0.000000
2.96041107 -1.67332399 -0.70722401 1396.000000 17.000000 1546.000000 0.000000
2.96109796 -1.69777501 -0.71002901 1463.000000 18.000000 1532.000000 0.000000
2.96075201 -1.72180700 -0.71261799 1743.000000 23.000000 1731.000000 0.000000
2.96358490 -1.74788296 -0.71607000 1704.000000 22.000000 1711.000000 0.000000
1.11416304 -1.53681505 -0.18922900 1169.000000 6.000000 4690.000000 0.000000
1.10990596 -1.55089104 -0.19031499 3215.000000 28.000000 4281.000000 0.000000
1.10551906 -1.56497300 -0.19140100 4164.000000 53.000000 3997.000000 0.000000
1.09419405 -1.56928301 -0.19103900 4062.000000 49.000000 3265.000000 0.000000
1.08060896 -1.57024002 -0.19019400 3431.000000 32.000000 2810.000000 0.000000
1.09546995 -1.61299002 -0.19550300 2915.000000 23.000000 1633.000000 0.000000
1.08555198 -1.61968195 -0.19550300 2917.000000 23.000000 1524.000000 0.000000
1.07449901 -1.62465501 -0.19526200 3092.000000 26.000000 1722.000000 0.000000
1.06450999 -1.63121796 -0.19526200 3170.000000 27.000000 1919.000000 0.000000
1.05448103 -1.63771904 -0.19526200 2089.000000 14.000000 2814.000000 0.000000
1.11945796 -1.54386103 -0.23475200 1883.000000 16.000000 3957.000000 0.000000
1.10418701 -1.54266596 -0.23331600 2852.000000 27.000000 3567.000000 0.000000
1.09298301 -1.54699099 -0.23288500 3290.000000 35.000000 2876.000000 0.000000
1.08290303 -1.55285800 -0.23274100 2813.000000 26.000000 2263.000000 0.000000
1.06772602 -1.55133200 -0.23130500 2543.000000 22.000000 2213.000000 0.000000
1.06209195 -1.56357706 -0.23231000 2437.000000 20.000000 2789.000000 0.000000
1.06353295 -1.58648205 -0.23518300 2298.000000 22.000000 2461.000000 0.000000
1.05049205 -1.58803201 -0.23432100 2508.000000 25.000000 2416.000000 0.000000
1.05266595 -1.61265504 -0.23748200 2249.000000 21.000000 2504.000000 0.000000
1.03791296 -1.61160600 -0.23618899 2392.000000 23.000000 3218.000000 0.000000
1.01469398 -1.59708905 -0.23259801 1078.000000 7.000000 4009.000000 0.000000
1.04061496 -1.41682506 -0.25735101 1563.000000 9.000000 2883.000000 0.000000
1.04924297 -1.44713795 -0.26240000 1818.000000 10.000000 2683.000000 0.000000
1.05925703 -1.48001397 -0.26795501 1557.000000 8.000000 1980.000000 0.000000
1.08083797 -1.52998304 -0.27704400 2348.000000 15.000000 1755.000000 0.000000
1.07537198 -1.54224896 -0.27822199 2486.000000 17.000000 1541.000000 0.000000
1.06142294 -1.54231906 -0.27687600 2256.000000 14.000000 2556.000000 0.000000
1.05636597 -1.55532897 -0.27822199 2159.000000 13.000000 2387.000000 0.000000
1.05776799 -1.57816601 -0.28158799 2578.000000 19.000000 1854.000000 0.000000
1.07848406 -1.63068902 -0.29101399 3018.000000 25.000000 1532.000000 0.000000
1.06092405 -1.62571394 -0.28865799 2932.000000 23.000000 1693.000000 0.000000
1.04133296 -1.61726797 -0.28562799 2675.000000 20.000000 2081.000000 0.000000
1.05937302 -1.66774499 -0.29454899 914.000000 5.000000 3844.000000 0.000000
1.11285698 -1.55134904 -0.32906899 681.000000 5.000000 4867.000000 0.000000
1.10161102 -1.55574799 -0.32849401 2666.000000 28.000000 4028.000000 0.000000
1.09486401 -1.56649494 -0.32945201 3246.000000 40.000000 3209.000000 0.000000
1.08579099 -1.57398999 -0.32964301 3043.000000 35.000000 2879.000000 0.000000
1.09107101 -1.60249805 -0.33481401 1263.000000 10.000000 3289.000000 0.000000
1.06584501 -1.58638299 -0.32945201 1524.000000 12.000000 2312.000000 0.000000
1.06044304 -1.59942806 -0.33098400 1602.000000 13.000000 1955.000000 0.000000
1.06192899 -1.62312996 -0.33500499 1857.000000 16.000000 1910.000000 0.000000
1.05194902 -1.62961495 -0.33500499 1969.000000 17.000000 2032.000000 0.000000
1.04457498 -1.64017296 -0.33596301 1795.000000 15.000000 2524.000000 0.000000
1.04758704 -1.66730201 -0.34075001 320.000000 2.000000 4615.000000 0.000000
1.11388898 -1.55702996 -0.37884000 2511.000000 18.000000 3816.000000 0.000000
1.10093796 -1.55904806 -0.37754601 3333.000000 30.000000 3170.000000 0.000000
1.09637105 -1.57298696 -0.37948701 3796.000000 41.000000 2966.000000 0.000000
1.09001601 -1.58451295 -0.38078201 2294.000000 16.000000 3036.000000 0.000000
1.07698596 -1.58632195 -0.37948701 1227.000000 7.000000 2998.000000 0.000000
1.07863402 -1.60994399 -0.38401800 1947.000000 12.000000 1718.000000 0.000000
1.06819701 -1.61571705 -0.38380301 2502.000000 18.000000 1636.000000 0.000000
1.06039500 -1.62551403 -0.38466600 2114.000000 14.000000 1710.000000 0.000000
1.04565001 -1.62459695 -0.38272399 2359.000000 16.000000 1748.000000 0.000000
1.04350495 -1.64335203 -0.38596001 1667.000000 10.000000 3242.000000 0.000000
1.11524999 -1.55017197 -0.42462200 1439.000000 12.000000 3912.000000 0.000000
1.10684502 -1.55856705 -0.42510000 2978.000000 34.000000 4560.000000 0.000000
1.09390604 -1.56056499 -0.42366800 3499.000000 47.000000 3750.000000 0.000000
1.08153903 -1.56325996 -0.42247400 2827.000000 31.000000 3096.000000 0.000000
1.07906699 -1.58027697 -0.42557701 1229.000000 10.000000 3776.000000 0.000000
1.08023798 -1.60295200 -0.43035099 695.000000 5.000000 3769.000000 0.000000
1.07469702 -1.61601102 -0.43226099 1571.000000 13.000000 1990.000000 0.000000
1.06369197 -1.62095296 -0.43178299 1838.000000 16.000000 1972.000000 0.000000
1.05425596 -1.62826300 -0.43202201 1696.000000 14.000000 1884.000000 0.000000
1.05158699 -1.64614296 -0.43536401 2036.000000 18.000000 2068.000000 0.000000
1.04822004 -1.66323102 -0.43846700 1359.000000 11.000000 2992.000000 0.000000
1.10444903 -1.54437804 -0.47205499 2848.000000 22.000000 3673.000000 0.000000
1.09606397 -1.55270195 -0.47258100 3447.000000 32.000000 3162.000000 0.000000
1.08320999 -1.55464602 -0.47100300 3194.000000 28.000000 2898.000000 0.000000
1.08293402 -1.57478499 -0.47547400 1586.000000 9.000000 2603.000000 0.000000
1.08678198 -1.60136700 -0.48205000 612.000000 3.000000 2434.000000 0.000000
1.08176303 -1.61522305 -0.48441699 1884.000000 12.000000 1970.000000 0.000000
1.07714498 -1.62988198 -0.48704800 2130.000000 14.000000 1595.000000 0.000000
1.06343901 -1.63080096 -0.48520699 1985.000000 13.000000 1525.000000 0.000000
1.05236995 -1.63567197 -0.48468101 1942.000000 12.000000 1655.000000 0.000000
1.04334700 -1.64372802 -0.48520699 2053.000000 13.000000 1972.000000 0.000000
1.12655306 -1.39229906 -0.48772401 259.000000 1.000000 1460.000000 0.000000
1.14378405 -1.43131995 -0.50000900 390.000000 2.000000 1596.000000 0.000000
1.13617098 -1.43981302 -0.50058001 327.000000 2.000000 1545.000000 0.000000
1.17115998 -1.52189004 -0.52629203 516.000000 3.000000 1758.000000 0.000000
1.13722801 -1.53550005 -0.52343500 796.000000 6.000000 2205.000000 0.000000
1.09973705 -1.52373600 -0.51400799 1044.000000 8.000000 2889.000000 0.000000
1.10319495 -1.54838002 -0.52057803 3038.000000 35.000000 4546.000000 0.000000
1.09311998 -1.55433702 -0.52029300 3378.000000 43.000000 3617.000000 0.000000
1.08301497 -1.56022894 -0.52000701 2873.000000 32.000000 3296.000000 0.000000
1.08428705 -1.58263302 -0.52572101 1379.000000 11.000000 2794.000000 0.000000
1.06647897 -1.57736504 -0.52143502 447.000000 3.000000 2093.000000 0.000000
1.08185804 -1.62129402 -0.53486300 1156.000000 9.000000 2284.000000 0.000000
1.06924605 -1.62390494 -0.53343397 1751.000000 15.000000 2033.000000 0.000000
1.05978501 -1.63123798 -0.53372002 1865.000000 16.000000 1846.000000 0.000000
1.04975605 -1.63770998 -0.53372002 1780.000000 15.000000 1986.000000 0.000000
1.04122901 -1.64654696 -0.53457701 2017.000000 18.000000 2202.000000 0.000000
1.03772199 -1.66346097 -0.53829098 1135.000000 9.000000 2751.000000 0.000000
1.15255499 -1.57344604 -0.58858901 1571.000000 9.000000 2708.000000 0.000000
1.09779406 -1.51804996 -0.56349200 2195.000000 15.000000 1669.000000 0.000000
1.08680296 -1.52243495 -0.56256199 1913.000000 12.000000 1828.000000 0.000000
1.07963002 -1.53218496 -0.56380099 2230.000000 15.000000 1940.000000 0.000000
1.07183504 -1.54112399 -0.56473100 2182.000000 15.000000 2019.000000 0.000000
1.05698299 -1.53982902 -0.56163299 1363.000000 8.000000 1911.000000 0.000000
1.13594198 -1.67701900 -0.61306697 519.000000 2.000000 1511.000000 0.000000
1.08657002 -1.62543702 -0.59013802 1139.000000 6.000000 1620.000000 0.000000
1.06977701 -1.62175202 -0.58611000 2163.000000 14.000000 1709.000000 0.000000
1.06187904 -1.63147402 -0.58735001 2142.000000 14.000000 1637.000000 0.000000
1.05236101 -1.63875902 -0.58766001 2185.000000 15.000000 1567.000000 0.000000
1.04228604 -1.64518595 -0.58766001 2201.000000 15.000000 1853.000000 0.000000
1.03670204 -1.65881002 -0.59044802 1558.000000 9.000000 1805.000000 0.000000
1.21207500 -1.67201900 -0.67921102 1148.000000 11.000000 3117.000000 0.000000
1.10491395 -1.54460502 -0.62077999 1474.000000 12.000000 3145.000000 0.000000
1.08341002 -1.53443003 -0.61347598 2209.000000 21.000000 2559.000000 0.000000
1.07343304 -1.54027605 -0.61314398 2377.000000 23.000000 2762.000000 0.000000
1.06932402 -1.55459297 -0.61646402 2614.000000 27.000000 3076.000000 0.000000
1.05551398 -1.55489099 -0.61380798 2343.000000 23.000000 2720.000000 0.000000
1.07702804 -1.60750794 -0.63339502 757.000000 5.000000 1950.000000 0.000000
1.07914698 -1.63215899 -0.64103103 1403.000000 11.000000 2070.000000 0.000000
1.06394196 -1.63086104 -0.63771099 1587.000000 13.000000 1997.000000 0.000000
1.05545199 -1.63973403 -0.63870698 1624.000000 14.000000 1840.000000 0.000000
1.04537106 -1.64618003 -0.63870698 1476.000000 12.000000 1880.000000 0.000000
1.03876698 -1.65815103 -0.64103103 1759.000000 15.000000 1912.000000 0.000000
1.04897201 -1.69735098 -0.65464300 959.000000 8.000000 2305.000000 0.000000
0.95152801 -1.69890404 -0.63771099 308.000000 2.000000 1319.000000 0.000000
0.96305102 -1.74430299 -0.65364701 126.000000 1.000000 1222.000000 0.000000
1.12347400 -1.57445598 -0.68853498 1220.000000 7.000000 2409.000000 0.000000
1.07455003 -1.52552295 -0.66254002 2379.000000 17.000000 3315.000000 0.000000
1.07049799 -1.53976405 -0.66610098 3385.000000 32.000000 3765.000000 0.000000
1.05786097 -1.54167795 -0.66396499 3110.000000 27.000000 3296.000000 0.000000
1.04838097 -1.54814005 -0.66396499 3072.000000 26.000000 3284.000000 0.000000
1.06946194 -1.60040402 -0.68497401 1755.000000 11.000000 2294.000000 0.000000
1.06578898 -1.61630201 -0.68924701 1705.000000 10.000000 1707.000000 0.000000
1.05788803 -1.62594604 -0.69067103 1802.000000 11.000000 1531.000000 0.000000
1.04940403 -1.63476598 -0.69173902 1793.000000 11.000000 1482.000000 0.000000
1.04235005 -1.64591300 -0.69387603 2172.000000 15.000000 1620.000000 0.000000
1.04756200 -1.67685699 -0.70491499 2020.000000 14.000000 1873.000000 0.000000
1.10227299 -1.55309296 -0.72769499 1279.000000 10.000000 2098.000000 0.000000
1.07300496 -1.53181005 -0.71372002 1766.000000 15.000000 2001.000000 0.000000
1.06252897 -1.53684402 -0.71296501 2087.000000 19.000000 1998.000000 0.000000
1.05307901 -1.54333496 -0.71296501 1634.000000 14.000000 1673.000000 0.000000
1.04358900 -1.54976702 -0.71296501 1725.000000 15.000000 1862.000000 0.000000
1.03303194 -1.55460095 -0.71221000 2020.000000 19.000000 1962.000000 0.000000
1.03875697 -1.58410704 -0.72354001 1602.000000 14.000000 2293.000000 0.000000
1.04516697 -1.61529303 -0.73562598 1244.000000 10.000000 1665.000000 0.000000
1.04373503 -1.63492501 -0.74204600 1586.000000 13.000000 1602.000000 0.000000
1.03813899 -1.64833999 -0.74544501 1830.000000 16.000000 1605.000000 0.000000
1.03143799 -1.66017795 -0.74808902 1707.000000 15.000000 1838.000000 0.000000
1.07104099 -1.54224598 -0.77377200 1515.000000 9.000000 1728.000000 0.000000
1.06310999 -1.55105603 -0.77497703 1438.000000 8.000000 1788.000000 0.000000
1.04947197 -1.55147898 -0.77176303 1626.000000 10.000000 1701.000000 0.000000
1.04551899 -1.56627095 -0.77618301 1511.000000 9.000000 1867.000000 0.000000
1.04092097 -1.58030796 -0.78020000 1685.000000 10.000000 2009.000000 0.000000
-0.96070099 -1.56481504 -0.09338800 2725.000000 19.000000 4404.000000 0.000000
-0.89645100 -1.56260300 -0.13299701 2117.000000 17.000000 4567.000000 0.000000
-0.90751803 -1.55965698 -0.13328500 2123.000000 17.000000 4808.000000 0.000000
-0.90648597 -1.53603399 -0.13126799 371.000000 2.000000 3310.000000 0.000000
-0.97202700 -1.58020997 -0.13818200 1920.000000 14.000000 3265.000000 0.000000
-0.96910697 -1.55391896 -0.13587700 2852.000000 26.000000 3615.000000 0.000000
-0.97226202 -1.53783405 -0.13472500 2703.000000 24.000000 3629.000000 0.000000
-0.98596102 -1.53855300 -0.13549300 3297.000000 35.000000 4170.000000 0.000000
-0.99430197 -1.53080201 -0.13530099 3638.000000 43.000000 4469.000000 0.000000
-1.00367701 -1.52467299 -0.13530099 3691.000000 45.000000 4755.000000 0.000000
-1.00915802 -1.51268101 -0.13462900 2965.000000 28.000000 4358.000000 0.000000
-1.02064395 -1.50976396 -0.13501300 3134.000000 32.000000 4264.000000 0.000000
-1.03325295 -1.50840700 -0.13558900 1481.000000 10.000000 3145.000000 0.000000
-1.06398904 -1.53315794 -0.13923800 104.000000 1.000000 4194.000000 0.000000
-0.98617798 -1.60562801 -0.18753999 2112.000000 13.000000 2260.000000 0.000000
-0.97394800 -1.56417000 -0.18247201 2739.000000 19.000000 2170.000000 0.000000
-0.97822303 -1.54977298 -0.18126500 2815.000000 20.000000 2057.000000 0.000000
-0.98449999 -1.53872705 -0.18054099 3157.000000 25.000000 2927.000000 0.000000
-0.98851597 -1.52433205 -0.17933500 2984.000000 23.000000 2466.000000 0.000000
-0.99894202 -1.51989698 -0.17957599 2825.000000 20.000000 2588.000000 0.000000
-1.00935102 -1.51539004 -0.17981800 3403.000000 29.000000 3767.000000 0.000000
-1.02530205 -1.51903701 -0.18126500 2803.000000 20.000000 3761.000000 0.000000
-1.03516400 -1.51353705 -0.18138599 1098.000000 5.000000 2669.000000 0.000000
-0.99845999 -1.62589896 -0.23489600 1353.000000 11.000000 4192.000000 0.000000
-0.99538499 -1.59871197 -0.23130500 2460.000000 21.000000 3059.000000 0.000000
-0.98780203 -1.56492198 -0.22656401 2122.000000 17.000000 3224.000000 0.000000
-0.99632198 -1.55716205 -0.22627600 2107.000000 16.000000 4008.000000 0.000000
-0.99458700 -1.53355896 -0.22325900 3136.000000 32.000000 4564.000000 0.000000
-1.00831294 -1.53405201 -0.22440900 3666.000000 44.000000 4825.000000 0.000000
-1.01442504 -1.52288795 -0.22354700 3451.000000 39.000000 4671.000000 0.000000
-1.02540600 -1.51909900 -0.22397800 2931.000000 28.000000 4236.000000 0.000000
-1.03136599 -1.50786996 -0.22311600 1442.000000 10.000000 3942.000000 0.000000
-1.04397094 -1.50640094 -0.22397800 149.000000 1.000000 5000.000000 0.000000
-0.95012200 -1.56849003 -0.27031100 1489.000000 8.000000 3335.000000 0.000000
-0.98813403 -1.60880804 -0.27956900 2748.000000 20.000000 2360.000000 0.000000
-0.98859799 -1.58765900 -0.27653900 3047.000000 23.000000 2045.000000 0.000000
-1.00464201 -1.59156203 -0.27855900 2769.000000 20.000000 2901.000000 0.000000
-0.99896502 -1.56129897 -0.27367699 3085.000000 24.000000 3314.000000 0.000000
-0.99510300 -1.53447402 -0.26947001 3837.000000 39.000000 3499.000000 0.000000
-1.01100302 -1.53821898 -0.27148899 4103.000000 47.000000 3794.000000 0.000000
-1.01385796 -1.52214706 -0.26947001 3949.000000 42.000000 3891.000000 0.000000
-1.02483499 -1.51834702 -0.26997399 3214.000000 26.000000 3563.000000 0.000000
-1.04081702 -1.52178895 -0.27199399 1514.000000 8.000000 4343.000000 0.000000
-0.92615497 -1.57573605 -0.31317499 1363.000000 9.000000 4304.000000 0.000000
-0.93630600 -1.57086802 -0.31336600 1319.000000 9.000000 4522.000000 0.000000
-0.96110398 -1.59032595 -0.31911099 623.000000 4.000000 4895.000000 0.000000
-0.98617500 -1.60953701 -0.32485601 995.000000 7.000000 4209.000000 0.000000
-0.97486901 -1.56922901 -0.31700501 1776.000000 13.000000 2789.000000 0.000000
-0.98448002 -1.56321704 -0.31700501 2211.000000 18.000000 2591.000000 0.000000
-0.99352700 -1.55631900 -0.31681299 2210.000000 18.000000 2711.000000 0.000000
-0.99349099 -1.53533995 -0.31336600 2905.000000 27.000000 3362.000000 0.000000
-1.00343001 -1.53003705 -0.31355801 3422.000000 38.000000 3805.000000 0.000000
-1.00792503 -1.51648402 -0.31183401 2662.000000 24.000000 3442.000000 0.000000
-0.99862897 -1.48255301 -0.30532300 2176.000000 17.000000 4103.000000 0.000000
-1.01984096 -1.49425900 -0.30953601 1996.000000 15.000000 4391.000000 0.000000
-1.03566802 -1.49767494 -0.31183401 474.000000 3.000000 5262.000000 0.000000
-0.89682102 -1.58787704 -0.35877499 1352.000000 7.000000 4030.000000 0.000000
-0.97308201 -1.58372903 -0.36654201 2305.000000 15.000000 2249.000000 0.000000
-0.97968000 -1.57275701 -0.36524701 2293.000000 15.000000 1929.000000 0.000000
-0.98670202 -1.56259000 -0.36416900 2259.000000 14.000000 1972.000000 0.000000
-0.99416298 -1.55321801 -0.36330599 2203.000000 14.000000 1915.000000 0.000000
-0.98505402 -1.51843202 -0.35575399 2064.000000 13.000000 1851.000000 0.000000
-1.00831497 -1.53356194 -0.36136401 2500.000000 17.000000 2006.000000 0.000000
-1.00957596 -1.51516294 -0.35812700 2554.000000 17.000000 2167.000000 0.000000
-1.01666605 -1.50570500 -0.35726401 2291.000000 15.000000 2086.000000 0.000000
-1.02974904 -1.50507700 -0.35877499 1862.000000 11.000000 3216.000000 0.000000
-0.99742103 -1.63303900 -0.42557701 961.000000 7.000000 4415.000000 0.000000
-0.99621302 -1.60870099 -0.42032599 2065.000000 19.000000 2627.000000 0.000000
-1.00452101 -1.60008705 -0.41960999 2106.000000 19.000000 2550.000000 0.000000
-1.00444698 -1.57830703 -0.41507399 2414.000000 24.000000 2654.000000 0.000000
-1.00939000 -1.56475902 -0.41292599 2299.000000 19.000000 3010.000000 0.000000
-1.00255299 -1.53330505 -0.40552601 2869.000000 27.000000 4044.000000 0.000000
-1.01408100 -1.53036702 -0.40648100 3490.000000 40.000000 4512.000000 0.000000
-1.02237296 -1.52250099 -0.40600401 3168.000000 33.000000 4332.000000 0.000000
-1.03169501 -1.51619899 -0.40600401 2275.000000 19.000000 3772.000000 0.000000
-1.05911195 -1.53626299 -0.41388100 881.000000 6.000000 4182.000000 0.000000
-0.91343099 -1.59370506 -0.45522100 995.000000 5.000000 3929.000000 0.000000
-0.96728897 -1.59554803 -0.46311200 938.000000 5.000000 2961.000000 0.000000
-0.98818898 -1.60765803 -0.46889901 2367.000000 16.000000 2197.000000 0.000000
-0.99599099 -1.59828997 -0.46784699 2337.000000 16.000000 2046.000000 0.000000
-1.00526404 -1.59133303 -0.46758401 2103.000000 14.000000 1781.000000 0.000000
-0.99521703 -1.55427396 -0.45758799 2656.000000 19.000000 2553.000000 0.000000
-1.00052905 -1.54166698 -0.45548400 2961.000000 22.000000 2884.000000 0.000000
-1.00413096 -1.52663696 -0.45259100 3314.000000 28.000000 3441.000000 0.000000
-1.02044404 -1.53087795 -0.45601001 3548.000000 32.000000 3586.000000 0.000000
-1.02332997 -1.51499903 -0.45285401 3163.000000 26.000000 3506.000000 0.000000
-1.03424394 -1.51107800 -0.45364299 1783.000000 10.000000 3285.000000 0.000000
-0.97657001 -1.60433900 -0.51372200 902.000000 7.000000 3868.000000 0.000000
-0.99291599 -1.60893297 -0.51743603 1946.000000 17.000000 2779.000000 0.000000
-1.00125003 -1.60036898 -0.51657897 2014.000000 18.000000 2558.000000 0.000000
-1.00184298 -1.57960904 -0.51143599 2142.000000 20.000000 2576.000000 0.000000
-1.02236295 -1.59038401 -0.51743603 2471.000000 25.000000 2943.000000 0.000000
-1.01593804 -1.55915499 -0.50857902 2217.000000 21.000000 3254.000000 0.000000
-1.01074696 -1.53046894 -0.50058001 3191.000000 33.000000 4311.000000 0.000000
-1.01958799 -1.52344096 -0.50029403 3144.000000 32.000000 4203.000000 0.000000
-1.03320599 -1.52351105 -0.50257999 2826.000000 31.000000 4045.000000 0.000000
-1.04145205 -1.51556003 -0.50200897 2306.000000 22.000000 3812.000000 0.000000
-1.05728197 -1.51859403 -0.50543702 745.000000 5.000000 3377.000000 0.000000
-0.98592502 -1.62309098 -0.57185698 1148.000000 6.000000 2383.000000 0.000000
-0.99686402 -1.61862898 -0.57247698 2022.000000 13.000000 1954.000000 0.000000
-0.99064499 -1.58668602 -0.56256199 2226.000000 15.000000 2036.000000 0.000000
-1.00697994 -1.59101701 -0.56659001 2502.000000 18.000000 2021.000000 0.000000
-1.01466703 -1.58160901 -0.56535101 2443.000000 17.000000 2287.000000 0.000000
-1.01864505 -1.56658900 -0.56194198 2438.000000 17.000000 3553.000000 0.000000
-1.00467002 -1.52460098 -0.54799902 3282.000000 30.000000 4095.000000 0.000000
-1.01506305 -1.51998794 -0.54861897 3332.000000 30.000000 3593.000000 0.000000
-1.02436996 -1.51373100 -0.54861897 3361.000000 31.000000 3697.000000 0.000000
-1.03471506 -1.50898504 -0.54923898 2536.000000 19.000000 3291.000000 0.000000
-1.04775596 -1.50806999 -0.55140799 840.000000 4.000000 2417.000000 0.000000
-0.99527198 -1.61964297 -0.62144399 1386.000000 11.000000 2428.000000 0.000000
-0.99872899 -1.60308397 -0.61712801 1597.000000 13.000000 2385.000000 0.000000
-1.01055503 -1.60011995 -0.61845601 1725.000000 15.000000 2286.000000 0.000000
-1.01477802 -1.58513796 -0.61480403 2037.000000 19.000000 2432.000000 0.000000
-1.02346206 -1.57729697 -0.61413997 1593.000000 13.000000 2934.000000 0.000000
-1.01090801 -1.53705001 -0.59986401 2450.000000 25.000000 4427.000000 0.000000
-1.01302004 -1.51981294 -0.59521598 3205.000000 39.000000 4371.000000 0.000000
-1.02285302 -1.51435196 -0.59554797 2832.000000 31.000000 3998.000000 0.000000
-1.03159404 -1.50726795 -0.59521598 2551.000000 26.000000 3873.000000 0.000000
-1.04135895 -1.50168598 -0.59554797 1832.000000 16.000000 3462.000000 0.000000
-1.05866206 -1.50686300 -0.60052800 567.000000 4.000000 2082.000000 0.000000
-0.98648900 -1.62338901 -0.67535901 1662.000000 10.000000 2248.000000 0.000000
-0.98710698 -1.60219598 -0.66859400 1818.000000 11.000000 2044.000000 0.000000
-0.99196398 -1.58818698 -0.66503298 2399.000000 17.000000 2007.000000 0.000000
-0.99768603 -1.57575798 -0.66218400 2432.000000 17.000000 1895.000000 0.000000
-1.01188397 -1.57668102 -0.66538900 1885.000000 12.000000 2134.000000 0.000000
-1.01031697 -1.55321705 -0.65755498 2471.000000 18.000000 3728.000000 0.000000
-1.00026298 -1.51735604 -0.64402401 3287.000000 30.000000 4157.000000 0.000000
-1.00955403 -1.51119006 -0.64402401 3390.000000 32.000000 3791.000000 0.000000
-1.01356304 -1.49723303 -0.64046299 3145.000000 27.000000 3689.000000 0.000000
-1.02590597 -1.49560702 -0.64260000 2653.000000 20.000000 3308.000000 0.000000
-1.04253805 -1.50002098 -0.64758497 1545.000000 9.000000 2534.000000 0.000000
-0.99270099 -1.62422895 -0.72731698 1260.000000 10.000000 2321.000000 0.000000
-0.98952699 -1.59682798 -0.71711999 1416.000000 12.000000 1973.000000 0.000000
-0.99881500 -1.58994102 -0.71674198 1497.000000 12.000000 2031.000000 0.000000
-1.00656998 -1.58065403 -0.71523100 1734.000000 15.000000 2040.000000 0.000000
-1.01524901 -1.57289004 -0.71447599 1725.000000 15.000000 1931.000000 0.000000
-1.02184904 -1.56197500 -0.71221000 1792.000000 16.000000 3382.000000 0.000000
-0.99928802 -1.50698495 -0.68841600 2727.000000 30.000000 4468.000000 0.000000
-1.00902998 -1.50159502 -0.68879402 3135.000000 38.000000 4685.000000 0.000000
-1.01614702 -1.49230897 -0.68728298 2855.000000 32.000000 3921.000000 0.000000
-1.02580905 -1.48680997 -0.68766099 2244.000000 22.000000 3601.000000 0.000000
-1.03808498 -1.48504806 -0.68992698 1500.000000 12.000000 3013.000000 0.000000
-0.97304702 -1.59944606 -0.77136099 1278.000000 7.000000 2069.000000 0.000000
-0.96166497 -1.55916703 -0.75368202 1563.000000 9.000000 3234.000000 0.000000
-0.96197897 -1.53849196 -0.74604797 1646.000000 10.000000 4026.000000 0.000000
-0.95225799 -1.50241005 -0.73037899 2213.000000 15.000000 4730.000000 0.000000
-0.96245003 -1.49807894 -0.73118198 2480.000000 18.000000 4745.000000 0.000000
-0.97012299 -1.48984396 -0.72997701 2394.000000 17.000000 4572.000000 0.000000
-0.98581100 -1.49379504 -0.73519999 2765.000000 22.000000 4792.000000 0.000000
-0.99241000 -1.48391402 -0.73319101 2630.000000 20.000000 4129.000000 0.000000
-0.99892497 -1.47400796 -0.73118198 2287.000000 16.000000 3722.000000 0.000000
-1.00950801 -1.47011495 -0.73238802 2303.000000 16.000000 4285.000000 0.000000
-1.02479196 -1.47290802 -0.73720902 2151.000000 15.000000 4152.000000 0.000000
-1.03011298 -1.46135604 -0.73439699 1751.000000 11.000000 3506.000000 0.000000
-1.07635295 -1.50714505 -0.76252198 1090.000000 6.000000 2748.000000 0.000000
-0.97514498 -1.58264399 -0.81693000 1146.000000 9.000000 1767.000000 0.000000
-0.97096598 -1.55431199 -0.80466503 1161.000000 9.000000 2046.000000 0.000000
-0.96889198 -1.52992499 -0.79451400 1373.000000 11.000000 2239.000000 0.000000
-0.97240800 -1.51478601 -0.78943902 1155.000000 9.000000 1957.000000 0.000000
-0.96592802 -1.48444903 -0.77590501 1574.000000 13.000000 2337.000000 0.000000
-0.97452098 -1.47773695 -0.77548200 1583.000000 13.000000 2289.000000 0.000000
-0.98557597 -1.47474802 -0.77717400 1321.000000 11.000000 1923.000000 0.000000
-0.99207503 -1.46491504 -0.77505898 1667.000000 14.000000 2366.000000 0.000000
-1.00155604 -1.45954895 -0.77548200 1588.000000 13.000000 2203.000000 0.000000
-1.01461697 -1.45933700 -0.77886599 1371.000000 11.000000 2150.000000 0.000000
-1.01939094 -1.44714797 -0.77548200 1533.000000 13.000000 2230.000000 0.000000
-1.05028605 -1.47189796 -0.79324502 978.000000 7.000000 1684.000000 0.000000
-0.95764899 -1.52865696 -0.84883302 1340.000000 8.000000 1751.000000 0.000000
-0.96028697 -1.51218402 -0.84257901 1446.000000 9.000000 1764.000000 0.000000
-0.96372998 -1.49723995 -0.83721900 1424.000000 8.000000 1921.000000 0.000000
-0.96800399 -1.48380899 -0.83275300 1517.000000 9.000000 2119.000000 0.000000
-0.97461998 -1.47411203 -0.83051902 1661.000000 10.000000 1775.000000 0.000000
-0.98813403 -1.47478998 -0.83453900 1800.000000 11.000000 1962.000000 0.000000
-0.99213398 -1.46130097 -0.83007300 1614.000000 10.000000 1770.000000 0.000000
-1.00057399 -1.45444906 -0.82962602 1512.000000 9.000000 1734.000000 0.000000
