1.08978701 -1.82876396 -1.07338703 99.000000 1.000000 260.000000 3.000000
1.07854497 -1.83541703 -1.07338703 86.000000 1.000000 266.000000 3.000000
0.86795801 -1.84579206 -1.09538400 125.000000 1.000000 210.000000 3.000000
0.85296202 -1.84317303 -1.09047699 151.000000 1.000000 184.000000 3.000000
0.84055501 -1.84599197 -1.08900499 119.000000 1.000000 206.000000 3.000000
0.62796402 -1.85696602 -1.11029398 113.000000 1.000000 259.000000 3.000000
0.61301899 -1.85018206 -1.10365498 126.000000 1.000000 214.000000 3.000000
0.60593098 -1.86698306 -1.11182594 109.000000 1.000000 180.000000 3.000000
0.60023302 -1.88867998 -1.12306201 77.000000 1.000000 183.000000 3.000000
0.50987703 -1.82050002 -1.13847995 901.000000 5.000000 309.000000 3.000000
-1.20511103 1.69088304 -0.86096001 144.000000 1.000000 92.000000 3.000000
-1.21371901 1.61500895 -0.89221197 652.000000 5.000000 110.000000 3.000000
-1.16421497 1.63105297 -0.88459897 557.000000 4.000000 107.000000 3.000000
-0.91248798 1.73205495 -0.86303002 153.000000 1.000000 96.000000 3.000000
-0.89471698 1.72396302 -0.85584003 104.000000 1.000000 94.000000 3.000000
-0.88453603 1.73022699 -0.85626298 138.000000 1.000000 111.000000 3.000000
-0.87267500 1.73319602 -0.85499400 112.000000 1.000000 102.000000 3.000000
-0.86242902 1.73932898 -0.85541701 130.000000 1.000000 96.000000 3.000000
-0.85014302 1.74133503 -0.85372502 127.000000 1.000000 111.000000 3.000000
0.71712899 1.69960701 -0.75930703 363.000000 1.000000 102.000000 3.000000
0.73224801 1.70611095 -0.76453102 286.000000 1.000000 91.000000 3.000000
0.74637198 1.70997596 -0.76854903 232.000000 1.000000 119.000000 3.000000
0.76019901 1.71289504 -0.77216500 223.000000 1.000000 103.000000 3.000000
0.77258003 1.71237004 -0.77417397 191.000000 1.000000 107.000000 3.000000
0.78536701 1.71258998 -0.77658403 152.000000 1.000000 108.000000 3.000000
0.45198900 1.71427405 -0.77675098 233.000000 1.000000 117.000000 3.000000
0.47490901 1.71558905 -0.78013402 122.000000 1.000000 118.000000 3.000000
0.48714200 1.71875000 -0.78309500 138.000000 1.000000 108.000000 3.000000
0.49692801 1.71311498 -0.78182602 160.000000 1.000000 123.000000 3.000000
0.50896400 1.71525002 -0.78436399 192.000000 1.000000 115.000000 3.000000
0.51739103 1.70515299 -0.78097999 207.000000 1.000000 101.000000 3.000000
0.52864301 1.70454502 -0.78224897 179.000000 1.000000 142.000000 3.000000
0.54126501 1.70818400 -0.78563201 125.000000 1.000000 134.000000 3.000000
-0.19985500 1.72521305 -0.81533301 142.000000 1.000000 150.000000 3.000000
-0.18984701 1.73174298 -0.81801301 209.000000 1.000000 114.000000 3.000000
-0.17912599 1.73198497 -0.81756598 182.000000 1.000000 90.000000 3.000000
-0.01906400 1.72948802 -0.81175900 135.000000 1.000000 87.000000 3.000000
-0.00848100 1.73672998 -0.81533301 210.000000 1.000000 93.000000 3.000000
0.00217600 1.73674905 -0.81533301 208.000000 1.000000 117.000000 3.000000
