1.20206904 -1.89973402 -0.62399799 2027.000000 25.000000 275.000000 0.000000
1.18072104 -1.89164495 -0.61856902 1641.000000 18.000000 241.000000 0.000000
1.16808403 -1.89722395 -0.61799800 1432.000000 15.000000 226.000000 0.000000
1.15043402 -1.89453602 -0.61457002 1616.000000 18.000000 271.000000 0.000000
1.13878798 -1.90155995 -0.61457002 1515.000000 17.000000 298.000000 0.000000
1.12416601 -1.90356600 -0.61285597 1614.000000 18.000000 246.000000 0.000000
1.11827004 -1.92035496 -0.61628401 514.000000 4.000000 252.000000 0.000000
1.40246606 -1.96529996 -0.73979402 992.000000 7.000000 259.000000 0.000000
1.26392603 -1.84177101 -0.68092400 2436.000000 21.000000 251.000000 0.000000
1.25686300 -1.85579300 -0.68340200 3065.000000 31.000000 239.000000 0.000000
1.24228501 -1.85872495 -0.68154299 3338.000000 36.000000 278.000000 0.000000
1.23242605 -1.86869395 -0.68247300 2914.000000 28.000000 261.000000 0.000000
1.22249103 -1.87861300 -0.68340200 2275.000000 19.000000 181.000000 0.000000
1.21299398 -1.88927996 -0.68464202 1007.000000 6.000000 156.000000 0.000000
1.18216801 -1.89192402 -0.67999399 1022.000000 6.000000 184.000000 0.000000
1.16007102 -1.88213801 -0.67348701 2015.000000 16.000000 193.000000 0.000000
1.14800704 -1.88840795 -0.67317700 1705.000000 12.000000 150.000000 0.000000
1.13835204 -1.89867902 -0.67441702 1924.000000 15.000000 161.000000 0.000000
1.13054800 -1.91217804 -0.67689502 909.000000 6.000000 153.000000 0.000000
1.37417495 -1.89470696 -0.77615398 681.000000 6.000000 275.000000 0.000000
1.31573498 -1.83799100 -0.74793398 1685.000000 19.000000 248.000000 0.000000
1.30934501 -1.85295403 -0.75092202 1438.000000 16.000000 260.000000 0.000000
1.27630997 -1.83004498 -0.73764199 1632.000000 18.000000 247.000000 0.000000
1.21411300 -1.76411903 -0.70610303 1595.000000 16.000000 252.000000 0.000000
1.25322497 -1.84478998 -0.73730999 2374.000000 31.000000 276.000000 0.000000
1.24346197 -1.85479200 -0.73830599 2158.000000 27.000000 273.000000 0.000000
1.23205805 -1.86238694 -0.73830599 1744.000000 20.000000 283.000000 0.000000
1.23146498 -1.88647997 -0.74527800 1186.000000 12.000000 295.000000 0.000000
1.22703803 -1.90508997 -0.74992597 225.000000 2.000000 233.000000 0.000000
1.16539395 -1.88487899 -0.73233002 615.000000 6.000000 221.000000 0.000000
1.15085101 -1.88716698 -0.73033798 782.000000 7.000000 221.000000 0.000000
1.14071298 -1.89661598 -0.73133397 1401.000000 15.000000 262.000000 0.000000
1.12953699 -1.90438998 -0.73166603 868.000000 8.000000 242.000000 0.000000
1.35450304 -1.85021102 -0.82527202 1695.000000 12.000000 252.000000 0.000000
1.31851399 -1.82439101 -0.80924797 1903.000000 15.000000 255.000000 0.000000
1.30783701 -1.83320796 -0.80960399 2674.000000 24.000000 281.000000 0.000000
1.29495203 -1.83890498 -0.80853599 2844.000000 27.000000 269.000000 0.000000
1.28417695 -1.84758401 -0.80889201 2800.000000 26.000000 196.000000 0.000000
1.24059904 -1.80840397 -0.78716999 1737.000000 13.000000 311.000000 0.000000
1.24884605 -1.84462500 -0.80034602 1382.000000 10.000000 168.000000 0.000000
1.26188004 -1.88878596 -0.81708199 525.000000 3.000000 216.000000 0.000000
1.18068695 -1.86468899 -0.79251200 1277.000000 9.000000 177.000000 0.000000
1.16872895 -1.87110603 -0.79215598 2195.000000 18.000000 215.000000 0.000000
1.16065395 -1.88381302 -0.79464799 1773.000000 13.000000 159.000000 0.000000
1.15004301 -1.89249694 -0.79536003 1657.000000 12.000000 146.000000 0.000000
1.13888896 -1.90031898 -0.79571599 580.000000 3.000000 177.000000 0.000000
1.42624199 -1.88266802 -0.91426802 426.000000 4.000000 175.000000 0.000000
1.37463999 -1.83806705 -0.88707501 1196.000000 13.000000 205.000000 0.000000
1.35561705 -1.83605301 -0.88178802 1600.000000 18.000000 234.000000 0.000000
1.33885801 -1.83686304 -0.87801099 2076.000000 26.000000 254.000000 0.000000
1.32268298 -1.83828795 -0.87461197 2198.000000 28.000000 268.000000 0.000000
1.31460297 -1.85089302 -0.87687802 1938.000000 23.000000 249.000000 0.000000
1.30961704 -1.86801100 -0.88141000 1263.000000 13.000000 257.000000 0.000000
1.30235600 -1.88209498 -0.88443100 752.000000 7.000000 198.000000 0.000000
1.17776096 -1.86898994 -0.85195100 1632.000000 19.000000 237.000000 0.000000
1.16627097 -1.87618196 -0.85195100 1598.000000 18.000000 273.000000 0.000000
1.15764999 -1.88803303 -0.85421699 1229.000000 13.000000 252.000000 0.000000
1.14988899 -1.90143204 -0.85723901 891.000000 9.000000 233.000000 0.000000
1.43938899 -1.75596905 -0.94613898 1370.000000 10.000000 313.000000 0.000000
1.42398095 -1.75907099 -0.94292498 1466.000000 10.000000 289.000000 0.000000
1.46224105 -1.87602901 -0.99355000 625.000000 4.000000 186.000000 0.000000
1.40940297 -1.83124006 -0.96381700 1341.000000 11.000000 247.000000 0.000000
1.38762200 -1.82599497 -0.95618403 1795.000000 16.000000 271.000000 0.000000
1.37364602 -1.83080995 -0.95417500 2051.000000 19.000000 292.000000 0.000000
1.35748398 -1.83257902 -0.95055902 1828.000000 14.000000 288.000000 0.000000
1.34837496 -1.84383202 -0.95216602 1503.000000 11.000000 254.000000 0.000000
1.34721100 -1.86618400 -0.95980000 992.000000 7.000000 213.000000 0.000000
1.36971903 -1.92216301 -0.98551399 600.000000 4.000000 220.000000 0.000000
1.36211002 -1.93652594 -0.98872799 621.000000 4.000000 142.000000 0.000000
1.19475400 -1.86366105 -0.92122799 1253.000000 8.000000 212.000000 0.000000
1.18231797 -1.86940801 -0.92042398 1397.000000 10.000000 198.000000 0.000000
1.17421496 -1.88206804 -0.92323703 1222.000000 8.000000 163.000000 0.000000
1.16264498 -1.88923800 -0.92323703 1226.000000 8.000000 201.000000 0.000000
1.42678404 -1.69434202 -0.98314297 921.000000 9.000000 201.000000 0.000000
1.44888198 -1.74201906 -1.00682700 1790.000000 24.000000 231.000000 0.000000
1.43124902 -1.74248600 -1.00175202 1586.000000 18.000000 253.000000 0.000000
1.47431302 -1.81728697 -1.04150796 625.000000 7.000000 206.000000 0.000000
1.46313500 -1.82629895 -1.04150796 142.000000 1.000000 166.000000 0.000000
1.43837702 -1.81821096 -1.03135800 133.000000 1.000000 164.000000 0.000000
1.42719400 -1.82700300 -1.03135800 664.000000 7.000000 206.000000 0.000000
1.40652597 -1.82354498 -1.02416801 1379.000000 17.000000 246.000000 0.000000
1.39255905 -1.82854104 -1.02205300 1798.000000 25.000000 213.000000 0.000000
1.37912905 -1.83415794 -1.02036095 1704.000000 23.000000 236.000000 0.000000
1.37380505 -1.85057795 -1.02501297 1455.000000 19.000000 215.000000 0.000000
1.36188698 -1.85824299 -1.02459097 934.000000 11.000000 245.000000 0.000000
1.41169798 -1.95088100 -1.07322800 598.000000 6.000000 286.000000 0.000000
1.38955998 -1.99659300 -1.08464706 755.000000 8.000000 418.000000 0.000000
1.34385002 -1.95658898 -1.05715704 541.000000 6.000000 438.000000 0.000000
1.19969201 -1.86744201 -0.98525798 789.000000 8.000000 242.000000 0.000000
1.18480504 -1.86941695 -0.98229700 854.000000 8.000000 211.000000 0.000000
1.17668498 -1.88202298 -0.98525798 1105.000000 11.000000 219.000000 0.000000
1.16416097 -1.88766694 -0.98441201 1044.000000 11.000000 220.000000 0.000000
1.51680303 -1.85378802 -1.14407897 1504.000000 12.000000 264.000000 0.000000
1.48517096 -1.83799505 -1.12799895 1164.000000 9.000000 277.000000 0.000000
1.46550095 -1.83657897 -1.12129903 1042.000000 8.000000 309.000000 0.000000
1.33302605 -1.69156206 -1.02347898 1282.000000 9.000000 276.000000 0.000000
1.39728606 -1.79578805 -1.08422601 1313.000000 10.000000 302.000000 0.000000
1.41183996 -1.83768904 -1.10521901 1549.000000 13.000000 266.000000 0.000000
1.41674602 -1.86771202 -1.11861897 1328.000000 11.000000 295.000000 0.000000
1.42455196 -1.90216196 -1.13469899 1244.000000 10.000000 295.000000 0.000000
1.47875905 -2.00011206 -1.19008601 995.000000 9.000000 306.000000 0.000000
1.45960701 -1.99975002 -1.18427896 1065.000000 9.000000 270.000000 0.000000
1.43894696 -1.99704897 -1.17713201 1147.000000 10.000000 224.000000 0.000000
1.42562997 -2.00438190 -1.17623901 1100.000000 10.000000 204.000000 0.000000
1.36450601 -1.94349897 -1.13380599 368.000000 2.000000 196.000000 0.000000
1.25224805 -1.80690503 -1.04581201 182.000000 1.000000 171.000000 0.000000
1.23659599 -1.80790496 -1.04179204 128.000000 1.000000 154.000000 0.000000
1.20693302 -1.86098802 -1.05563903 1358.000000 10.000000 228.000000 0.000000
1.19645405 -1.86986601 -1.05653203 1381.000000 10.000000 189.000000 0.000000
1.18305004 -1.87414503 -1.05474603 1845.000000 14.000000 190.000000 0.000000
1.17861497 -1.89276600 -1.06144595 1309.000000 9.000000 221.000000 0.000000
1.53427804 -1.85503602 -1.22063899 930.000000 13.000000 221.000000 0.000000
1.48980105 -1.82407999 -1.19305897 774.000000 9.000000 180.000000 0.000000
1.47079301 -1.82356799 -1.18651402 746.000000 8.000000 213.000000 0.000000
1.46012795 -1.83324802 -1.18698204 853.000000 10.000000 182.000000 0.000000
1.44337499 -1.83523500 -1.18230700 1020.000000 12.000000 213.000000 0.000000
1.43371701 -1.84614801 -1.18370998 969.000000 11.000000 161.000000 0.000000
1.44339204 -1.88223100 -1.20194101 718.000000 8.000000 177.000000 0.000000
1.48049200 -1.95509899 -1.24448001 815.000000 11.000000 208.000000 0.000000
1.42336905 -1.90404403 -1.20474601 944.000000 13.000000 257.000000 0.000000
1.32956803 -1.80193102 -1.13182104 1108.000000 13.000000 252.000000 0.000000
1.41607296 -1.94348705 -1.21923697 802.000000 11.000000 210.000000 0.000000
1.40360403 -1.95142305 -1.21877003 748.000000 10.000000 316.000000 0.000000
1.21459794 -1.71163595 -1.05749297 574.000000 5.000000 288.000000 0.000000
1.26357698 -1.92646503 -1.16594601 830.000000 10.000000 322.000000 0.000000
1.20260096 -1.85857403 -1.11826396 683.000000 8.000000 232.000000 0.000000
1.19546902 -1.87261498 -1.12247097 870.000000 10.000000 244.000000 0.000000
1.17970300 -1.87319100 -1.11826396 1199.000000 15.000000 282.000000 0.000000
1.18643701 -1.90964496 -1.13649499 538.000000 6.000000 416.000000 0.000000
1.28458405 -1.93218803 -1.25340700 1259.000000 10.000000 223.000000 0.000000
1.23020804 -1.87516904 -1.20973003 1213.000000 10.000000 197.000000 0.000000
1.20874596 -1.86731601 -1.19942403 1375.000000 11.000000 176.000000 0.000000
1.19445503 -1.87029004 -1.19647896 1372.000000 11.000000 175.000000 0.000000
1.21729195 -1.93215704 -1.23279500 1103.000000 9.000000 211.000000 0.000000
1.22600901 -1.85478306 -1.26656604 1215.000000 15.000000 270.000000 0.000000
1.21743202 -1.86658597 -1.26963103 1023.000000 12.000000 288.000000 0.000000
1.20735598 -1.87618697 -1.27116299 932.000000 11.000000 284.000000 0.000000
1.20136797 -1.89225900 -1.27729106 819.000000 10.000000 302.000000 0.000000
2.86277890 -1.64069402 -0.52059901 922.000000 10.000000 213.000000 0.000000
2.80422711 -1.65315902 -0.51302499 1211.000000 13.000000 340.000000 0.000000
2.88014889 -1.54960001 -0.59467101 724.000000 11.000000 173.000000 0.000000
2.86196709 -1.56255102 -0.59275597 701.000000 11.000000 201.000000 0.000000
2.98213506 -1.74870801 -0.63105500 975.000000 17.000000 239.000000 0.000000
2.95953107 -1.75996399 -0.62837398 930.000000 16.000000 186.000000 0.000000
2.93480301 -1.86939394 -0.63546002 709.000000 12.000000 317.000000 0.000000
2.99751401 -1.71867394 -0.71930599 1801.000000 23.000000 156.000000 0.000000
2.89222407 -1.55092001 -0.76191002 628.000000 10.000000 294.000000 0.000000
2.85775399 -1.64130104 -0.93625498 1043.000000 18.000000 251.000000 0.000000
2.82442689 -1.64532697 -0.92825598 1050.000000 18.000000 203.000000 0.000000
2.96673989 -1.68097401 -1.06420398 1438.000000 18.000000 176.000000 0.000000
2.98038006 -1.73737800 -1.07721806 1197.000000 14.000000 316.000000 0.000000
2.99421096 -1.77015901 -1.08651304 1647.000000 21.000000 193.000000 0.000000
2.92214704 -1.75180805 -1.06327498 1505.000000 19.000000 215.000000 0.000000
2.95986509 -1.74080396 -1.16093802 1108.000000 20.000000 159.000000 0.000000
2.96493506 -1.79307199 -1.17189395 923.000000 16.000000 228.000000 0.000000
-0.59359199 1.64118600 -0.66273397 2428.000000 21.000000 181.000000 0.000000
-0.58444500 1.64741302 -0.66386700 2256.000000 18.000000 160.000000 0.000000
-0.57218200 1.64485204 -0.66122299 1422.000000 10.000000 154.000000 0.000000
-0.56478697 1.65621305 -0.66462201 329.000000 2.000000 169.000000 0.000000
-0.68585002 1.52345097 -0.68296802 1243.000000 6.000000 187.000000 0.000000
-0.67870998 1.53265595 -0.68537802 1862.000000 11.000000 199.000000 0.000000
-0.64014500 1.60253501 -0.70707500 266.000000 1.000000 146.000000 0.000000
-0.63127297 1.63847697 -0.72033399 1366.000000 7.000000 156.000000 0.000000
-0.62088501 1.64146304 -0.71993202 2118.000000 13.000000 173.000000 0.000000
-0.60539401 1.63064301 -0.71310198 2499.000000 17.000000 162.000000 0.000000
-0.59600300 1.63604796 -0.71390498 2680.000000 19.000000 174.000000 0.000000
-0.58626097 1.64053702 -0.71430701 2419.000000 16.000000 150.000000 0.000000
-0.58101898 1.65793502 -0.72073603 2226.000000 14.000000 191.000000 0.000000
-0.56905299 1.65627098 -0.71832502 2308.000000 15.000000 152.000000 0.000000
-0.56208700 1.66928005 -0.72274500 1843.000000 12.000000 154.000000 0.000000
-0.55927598 1.69531405 -0.73319101 1137.000000 6.000000 117.000000 0.000000
-0.54521197 1.68738306 -0.72796798 329.000000 1.000000 123.000000 0.000000
-0.67466301 1.57460403 -0.74883699 1560.000000 11.000000 146.000000 0.000000
-0.66534197 1.57954800 -0.74926001 1558.000000 11.000000 189.000000 0.000000
-0.65424299 1.58025599 -0.74756801 861.000000 5.000000 129.000000 0.000000
-0.65612000 1.64112306 -0.77421302 582.000000 4.000000 128.000000 0.000000
-0.59373498 1.65989900 -0.77209902 1144.000000 9.000000 248.000000 0.000000
-0.58172601 1.65838397 -0.76956099 2353.000000 23.000000 153.000000 0.000000
-0.57154000 1.66192305 -0.76956099 2360.000000 23.000000 188.000000 0.000000
-0.56162298 1.66625595 -0.76998401 1755.000000 15.000000 127.000000 0.000000
-0.55768502 1.68858600 -0.77928799 1388.000000 11.000000 144.000000 0.000000
-0.54619002 1.68852997 -0.77759701 568.000000 4.000000 127.000000 0.000000
-0.67600399 1.48057103 -0.76083899 1127.000000 6.000000 141.000000 0.000000
-0.69544798 1.54837406 -0.79567897 761.000000 4.000000 114.000000 0.000000
-0.67546803 1.52886999 -0.78272599 1031.000000 5.000000 124.000000 0.000000
-0.59454697 1.36798799 -0.69294602 1167.000000 6.000000 143.000000 0.000000
-0.64999002 1.52140605 -0.77423900 1065.000000 5.000000 163.000000 0.000000
-0.66173398 1.57570195 -0.80148602 1641.000000 9.000000 162.000000 0.000000
-0.64966899 1.57394195 -0.79835898 1384.000000 7.000000 151.000000 0.000000
-0.65510100 1.61521995 -0.81845897 520.000000 2.000000 126.000000 0.000000
-0.62345898 1.65258205 -0.83007300 604.000000 3.000000 65.000000 0.000000
-0.61702698 1.66644800 -0.83543301 1105.000000 6.000000 177.000000 0.000000
-0.60496098 1.66515601 -0.83275300 2299.000000 16.000000 208.000000 0.000000
-0.59023702 1.65619099 -0.82605302 2120.000000 14.000000 175.000000 0.000000
-0.58389199 1.67076397 -0.83185899 2477.000000 18.000000 207.000000 0.000000
-0.56871098 1.65992296 -0.82426602 2963.000000 25.000000 185.000000 0.000000
-0.55965197 1.66677499 -0.82605302 2311.000000 16.000000 181.000000 0.000000
-0.54216301 1.64807403 -0.81443900 1951.000000 13.000000 157.000000 0.000000
-0.54189301 1.68203497 -0.83051902 1575.000000 9.000000 147.000000 0.000000
-0.53048801 1.68191397 -0.82873303 1231.000000 7.000000 177.000000 0.000000
-0.76655000 1.48871005 -0.83310902 1318.000000 9.000000 139.000000 0.000000
-0.76101798 1.50047195 -0.83731598 405.000000 2.000000 121.000000 0.000000
-0.69856697 1.51303697 -0.82890201 744.000000 4.000000 150.000000 0.000000
-0.68865299 1.54084301 -0.84012097 770.000000 5.000000 113.000000 0.000000
-0.65950698 1.50057995 -0.81441098 1275.000000 9.000000 148.000000 0.000000
-0.65134501 1.50703001 -0.81581300 875.000000 5.000000 140.000000 0.000000
-0.65843600 1.54919398 -0.83778399 1086.000000 7.000000 136.000000 0.000000
-0.64788902 1.55076098 -0.83638197 1149.000000 8.000000 110.000000 0.000000
-0.64849699 1.57921398 -0.85040599 479.000000 3.000000 126.000000 0.000000
-0.63528103 1.66147399 -0.88827002 474.000000 3.000000 111.000000 0.000000
-0.63226497 1.68435895 -0.89902198 459.000000 3.000000 246.000000 0.000000
-0.59792799 1.62356198 -0.86255997 773.000000 6.000000 228.000000 0.000000
-0.59702897 1.65211999 -0.87658399 1551.000000 13.000000 154.000000 0.000000
-0.58688003 1.65575194 -0.87658399 1679.000000 15.000000 141.000000 0.000000
-0.57787901 1.66265905 -0.87845403 2168.000000 21.000000 151.000000 0.000000
-0.56967598 1.67202604 -0.88172603 2003.000000 19.000000 173.000000 0.000000
-0.55658603 1.66711199 -0.87705100 1817.000000 16.000000 180.000000 0.000000
-0.54413199 1.66377902 -0.87331098 1413.000000 12.000000 212.000000 0.000000
-0.54315001 1.69568801 -0.88920498 582.000000 4.000000 253.000000 0.000000
-0.70449001 1.47394800 -0.86669397 1675.000000 10.000000 169.000000 0.000000
-0.69173098 1.47035599 -0.86178702 982.000000 5.000000 133.000000 0.000000
-0.66714603 1.46445501 -0.85295302 1251.000000 7.000000 159.000000 0.000000
-0.64807200 1.47013903 -0.85148102 993.000000 5.000000 235.000000 0.000000
-0.59961200 1.38292098 -0.79553503 1405.000000 8.000000 172.000000 0.000000
-0.64396101 1.51085603 -0.87160200 1301.000000 7.000000 184.000000 0.000000
-0.64039099 1.52844501 -0.87994498 1192.000000 6.000000 147.000000 0.000000
-0.63828403 1.55007696 -0.89074099 1021.000000 5.000000 168.000000 0.000000
-0.56195903 1.49306405 -0.84510100 1131.000000 6.000000 255.000000 0.000000
-0.56393099 1.52673495 -0.86325902 686.000000 3.000000 219.000000 0.000000
-0.59157300 1.63259399 -0.92460299 1384.000000 8.000000 203.000000 0.000000
-0.58503801 1.64604795 -0.93049198 2096.000000 14.000000 177.000000 0.000000
-0.57178098 1.64055395 -0.92509401 1868.000000 12.000000 159.000000 0.000000
-0.56395203 1.65062904 -0.92901999 2175.000000 15.000000 191.000000 0.000000
-0.55353701 1.65323198 -0.92852902 2211.000000 15.000000 235.000000 0.000000
-0.54040301 1.64748800 -0.92313099 1740.000000 11.000000 189.000000 0.000000
-0.54304302 1.69060099 -0.94668698 1297.000000 7.000000 185.000000 0.000000
-0.51675600 1.64318705 -0.91675103 515.000000 2.000000 439.000000 0.000000
-0.65083498 1.31254697 -0.81613499 611.000000 3.000000 146.000000 0.000000
-0.66073400 1.44116998 -0.88763201 981.000000 6.000000 279.000000 0.000000
-0.66077000 1.46476603 -0.90039998 871.000000 5.000000 207.000000 0.000000
-0.62861300 1.41698897 -0.86669397 1271.000000 9.000000 208.000000 0.000000
-0.59187698 1.35706794 -0.82532799 1701.000000 11.000000 170.000000 0.000000
-0.63847399 1.48772895 -0.90754902 781.000000 5.000000 175.000000 0.000000
-0.62395102 1.47895801 -0.89937800 1066.000000 7.000000 164.000000 0.000000
-0.63011402 1.51925004 -0.92286998 863.000000 5.000000 138.000000 0.000000
-0.64331800 1.57796395 -0.95810801 476.000000 3.000000 240.000000 0.000000
-0.59170401 1.53185296 -0.92133802 827.000000 5.000000 490.000000 0.000000
-0.57185501 1.50814998 -0.90397400 925.000000 6.000000 158.000000 0.000000
-0.56621599 1.52128994 -0.91010302 861.000000 5.000000 179.000000 0.000000
-0.56608200 1.54974604 -0.92593402 692.000000 4.000000 215.000000 0.000000
-0.57789099 1.61221695 -0.96321499 1093.000000 9.000000 208.000000 0.000000
-0.56396699 1.60438800 -0.95606500 1095.000000 9.000000 148.000000 0.000000
-0.55637002 1.61431503 -0.96015102 1384.000000 11.000000 194.000000 0.000000
-0.55310798 1.63723004 -0.97240698 1928.000000 18.000000 187.000000 0.000000
-0.54114598 1.63488400 -0.96883202 1521.000000 13.000000 197.000000 0.000000
-0.53270799 1.64307702 -0.97189701 1220.000000 10.000000 151.000000 0.000000
-0.51186502 1.61274397 -0.95095801 603.000000 4.000000 183.000000 0.000000
-0.67089999 1.28262305 -0.85871100 980.000000 5.000000 257.000000 0.000000
-0.67736799 1.42021096 -0.93826401 769.000000 4.000000 533.000000 0.000000
-0.64467102 1.39539599 -0.91530597 957.000000 5.000000 382.000000 0.000000
-0.64866799 1.42704797 -0.93452698 1344.000000 7.000000 243.000000 0.000000
-0.65264398 1.45957303 -0.95428097 642.000000 3.000000 378.000000 0.000000
-0.62295401 1.41631806 -0.92171299 1051.000000 5.000000 218.000000 0.000000
-0.61324698 1.41778398 -0.92011100 1070.000000 6.000000 178.000000 0.000000
-0.62896901 1.47912300 -0.95962000 833.000000 4.000000 161.000000 0.000000
-0.62020701 1.48373401 -0.96015400 845.000000 4.000000 181.000000 0.000000
-0.61301500 1.49220598 -0.96335799 773.000000 4.000000 127.000000 0.000000
-0.60195303 1.49123394 -0.96015400 1048.000000 5.000000 248.000000 0.000000
-0.60212100 1.51848698 -0.97617102 874.000000 5.000000 316.000000 0.000000
-0.58666903 1.50638998 -0.96549302 1178.000000 6.000000 188.000000 0.000000
-0.58494800 1.52971196 -0.97884101 935.000000 5.000000 168.000000 0.000000
-0.56369197 1.50159800 -0.95748502 1064.000000 6.000000 199.000000 0.000000
-0.56146598 1.52407598 -0.97029901 1045.000000 5.000000 189.000000 0.000000
-0.56615299 1.56647003 -0.99646002 954.000000 5.000000 179.000000 0.000000
-0.56611300 1.59701800 -1.01461303 1081.000000 6.000000 182.000000 0.000000
-0.56045800 1.61244595 -1.02262199 1106.000000 6.000000 182.000000 0.000000
-0.55681002 1.63426805 -1.03490198 1236.000000 7.000000 138.000000 0.000000
-0.54303199 1.62642205 -1.02742696 1566.000000 10.000000 178.000000 0.000000
-0.53618801 1.63936996 -1.03383398 1680.000000 11.000000 178.000000 0.000000
-0.52148902 1.62813103 -1.02422297 1496.000000 9.000000 202.000000 0.000000
-0.52385199 1.67084396 -1.05038500 844.000000 4.000000 178.000000 0.000000
-0.41442901 1.41158700 -0.87366098 632.000000 3.000000 469.000000 0.000000
-0.61970901 1.14868104 -0.81119698 688.000000 4.000000 166.000000 0.000000
-0.69030100 1.42035306 -0.99326301 758.000000 5.000000 236.000000 0.000000
-0.67036200 1.40130198 -0.97610700 1038.000000 7.000000 322.000000 0.000000
-0.68674201 1.45806599 -1.01484501 618.000000 4.000000 246.000000 0.000000
-0.68729699 1.48262894 -1.02978599 1170.000000 9.000000 290.000000 0.000000
-0.62706798 1.37556100 -0.94843799 1579.000000 12.000000 291.000000 0.000000
-0.61758697 1.37710595 -0.94677800 1506.000000 11.000000 271.000000 0.000000
-0.60811001 1.37858605 -0.94511801 1485.000000 11.000000 224.000000 0.000000
-0.62867701 1.44868398 -0.99326301 773.000000 5.000000 178.000000 0.000000
-0.62207901 1.45787001 -0.99713600 1026.000000 7.000000 223.000000 0.000000
-0.61182499 1.45859098 -0.99492300 819.000000 5.000000 174.000000 0.000000
-0.60957599 1.47846901 -1.00654399 829.000000 5.000000 196.000000 0.000000
-0.60899597 1.50300097 -1.02148604 936.000000 7.000000 199.000000 0.000000
-0.59914201 1.50516403 -1.02037895 862.000000 6.000000 214.000000 0.000000
-0.59233898 1.51501095 -1.02480602 909.000000 7.000000 183.000000 0.000000
-0.58363301 1.52016997 -1.02591300 985.000000 8.000000 202.000000 0.000000
-0.58583498 1.55408800 -1.04749501 1209.000000 10.000000 224.000000 0.000000
-0.57454199 1.55297101 -1.04417503 1258.000000 10.000000 226.000000 0.000000
-0.56557500 1.55803096 -1.04528105 932.000000 7.000000 221.000000 0.000000
-0.56388700 1.58342099 -1.06077600 845.000000 6.000000 234.000000 0.000000
-0.54530603 1.56171203 -1.04306805 1045.000000 8.000000 199.000000 0.000000
-0.54386997 1.58864701 -1.05966997 886.000000 7.000000 214.000000 0.000000
-0.53331101 1.58958697 -1.05800998 1003.000000 8.000000 212.000000 0.000000
-0.52826703 1.60705996 -1.06797099 874.000000 7.000000 200.000000 0.000000
-0.51916802 1.61264801 -1.06963098 1098.000000 9.000000 213.000000 0.000000
-0.51734298 1.64120197 -1.08733904 834.000000 6.000000 218.000000 0.000000
-0.52313602 1.73268199 -1.14655197 847.000000 8.000000 212.000000 0.000000
-0.67860699 1.47302198 -1.08552301 814.000000 4.000000 302.000000 0.000000
-0.63823301 1.40788901 -1.03195405 1338.000000 8.000000 203.000000 0.000000
-0.64453298 1.44538796 -1.05787504 727.000000 4.000000 204.000000 0.000000
-0.61959797 1.41261899 -1.02964997 1423.000000 8.000000 227.000000 0.000000
-0.63223898 1.46595395 -1.06766701 1009.000000 6.000000 188.000000 0.000000
-0.62546098 1.47507596 -1.07169902 1060.000000 6.000000 176.000000 0.000000
-0.61953700 1.48643398 -1.07745898 1083.000000 6.000000 200.000000 0.000000
-0.61658800 1.50534201 -1.08897901 1136.000000 7.000000 223.000000 0.000000
-0.60886198 1.51288998 -1.09185898 1014.000000 6.000000 189.000000 0.000000
-0.59866798 1.51431596 -1.09013104 1077.000000 6.000000 213.000000 0.000000
-0.59113598 1.52253497 -1.09358704 1118.000000 6.000000 203.000000 0.000000
-0.58091098 1.52384102 -1.09185898 985.000000 5.000000 225.000000 0.000000
-0.57012099 1.52354801 -1.08897901 1097.000000 6.000000 200.000000 0.000000
-0.54755002 1.49093997 -1.06190705 778.000000 4.000000 188.000000 0.000000
-0.55552799 1.54196894 -1.09761906 814.000000 4.000000 192.000000 0.000000
-0.56751698 1.60625601 -1.14312303 1071.000000 6.000000 174.000000 0.000000
-0.55898499 1.61357200 -1.14600301 1221.000000 7.000000 207.000000 0.000000
-0.54435498 1.60303402 -1.13563502 1435.000000 9.000000 175.000000 0.000000
-0.53373599 1.60401702 -1.13390696 1598.000000 10.000000 215.000000 0.000000
-0.52287298 1.60415196 -1.13160300 1447.000000 9.000000 211.000000 0.000000
-0.51227701 1.60499299 -1.12987494 1338.000000 8.000000 212.000000 0.000000
-0.51019800 1.63308096 -1.14830697 976.000000 5.000000 199.000000 0.000000
-0.64674002 1.42336500 -1.09930599 975.000000 8.000000 245.000000 0.000000
-0.65813398 1.47200799 -1.13559794 664.000000 5.000000 224.000000 0.000000
-0.62173402 1.41429305 -1.08562100 1008.000000 7.000000 286.000000 0.000000
-0.62010902 1.43429101 -1.09871101 961.000000 8.000000 215.000000 0.000000
-0.62966102 1.48091805 -1.13321805 714.000000 5.000000 230.000000 0.000000
-0.62368298 1.49215996 -1.13916802 809.000000 6.000000 264.000000 0.000000
-0.56155699 1.52434397 -1.14452302 884.000000 7.000000 268.000000 0.000000
-0.54723698 1.51416898 -1.13381302 745.000000 6.000000 223.000000 0.000000
1.39870203 1.68302500 -0.78539002 251.000000 1.000000 515.000000 0.000000
1.18166399 1.54519105 -0.74431199 1746.000000 15.000000 334.000000 0.000000
1.19281900 1.54011095 -0.74544501 1885.000000 17.000000 262.000000 0.000000
1.21763396 1.55246699 -0.75564301 1408.000000 13.000000 236.000000 0.000000
1.21852100 1.53407300 -0.74997801 1279.000000 12.000000 218.000000 0.000000
1.02935100 1.60203695 -0.78542399 648.000000 3.000000 250.000000 0.000000
1.04466498 1.60412800 -0.78984302 611.000000 3.000000 263.000000 0.000000
1.07822096 1.63359106 -0.80872703 888.000000 5.000000 365.000000 0.000000
1.08261800 1.61857605 -0.80430800 941.000000 5.000000 356.000000 0.000000
1.08841503 1.60584104 -0.80109298 1019.000000 6.000000 389.000000 0.000000
1.07593298 1.56668997 -0.78381699 558.000000 3.000000 389.000000 0.000000
1.13107598 1.62542105 -0.81877202 737.000000 4.000000 428.000000 0.000000
1.11726105 1.58478701 -0.80069202 384.000000 2.000000 419.000000 0.000000
1.05930495 1.48331106 -0.74966502 623.000000 3.000000 446.000000 0.000000
1.16886306 1.61544895 -0.82479900 573.000000 3.000000 543.000000 0.000000
1.19121599 1.62522602 -0.83403999 746.000000 4.000000 543.000000 0.000000
1.19515502 1.60980201 -0.82962000 812.000000 4.000000 561.000000 0.000000
1.19950199 1.59512401 -0.82560199 1117.000000 7.000000 617.000000 0.000000
1.20204699 1.57826805 -0.82037902 1030.000000 6.000000 606.000000 0.000000
1.21170795 1.57086301 -0.82037902 1008.000000 6.000000 602.000000 0.000000
1.22358096 1.56628299 -0.82198602 1065.000000 6.000000 677.000000 0.000000
1.21667802 1.53793001 -0.81033498 848.000000 5.000000 661.000000 0.000000
1.23526001 1.54186404 -0.81676298 679.000000 4.000000 597.000000 0.000000
1.20889795 1.49019003 -0.79185200 538.000000 2.000000 623.000000 0.000000
1.20289302 1.46435702 -0.78140599 396.000000 2.000000 696.000000 0.000000
1.24565494 1.44270802 -0.78622699 448.000000 2.000000 645.000000 0.000000
1.08735597 1.64972496 -0.87148798 515.000000 4.000000 696.000000 0.000000
1.09043396 1.63245797 -0.86556703 664.000000 5.000000 563.000000 0.000000
1.10397506 1.63099694 -0.86852801 690.000000 6.000000 466.000000 0.000000
1.07462001 1.56656694 -0.83596200 916.000000 7.000000 467.000000 0.000000
1.04142404 1.49808896 -0.80085802 853.000000 6.000000 439.000000 0.000000
1.03811395 1.47386205 -0.79070801 544.000000 4.000000 394.000000 0.000000
1.17199898 1.64330995 -0.89136600 437.000000 3.000000 430.000000 0.000000
1.16618502 1.61401999 -0.87867802 720.000000 6.000000 387.000000 0.000000
1.16379297 1.58999002 -0.86895102 798.000000 7.000000 390.000000 0.000000
1.18913305 1.60396194 -0.88121599 987.000000 9.000000 305.000000 0.000000
1.19895196 1.59663498 -0.88121599 1277.000000 12.000000 284.000000 0.000000
1.21364999 1.59574997 -0.88502198 1595.000000 16.000000 276.000000 0.000000
1.22176397 1.58611596 -0.88375300 1470.000000 14.000000 245.000000 0.000000
1.23591995 1.58431494 -0.88713700 1682.000000 17.000000 233.000000 0.000000
1.24113595 1.57100403 -0.88375300 1424.000000 14.000000 221.000000 0.000000
1.22929704 1.53642595 -0.86768198 1136.000000 10.000000 197.000000 0.000000
1.23244298 1.52109599 -0.86303002 1016.000000 9.000000 203.000000 0.000000
1.23544705 1.50578499 -0.85837698 866.000000 7.000000 206.000000 0.000000
1.26083505 1.51772702 -0.87021899 747.000000 6.000000 206.000000 0.000000
1.26369095 1.42936301 -0.83976799 1007.000000 8.000000 329.000000 0.000000
1.34839797 1.50682294 -0.89305800 788.000000 7.000000 235.000000 0.000000
0.96143699 1.55580497 -0.86133897 1146.000000 6.000000 498.000000 0.000000
0.91817600 1.46575701 -0.81175900 1497.000000 9.000000 309.000000 0.000000
0.92667300 1.45933998 -0.81131297 1420.000000 8.000000 265.000000 0.000000
0.98845702 1.53558898 -0.85999900 685.000000 3.000000 336.000000 0.000000
1.13122702 1.71057498 -0.97211301 803.000000 4.000000 341.000000 0.000000
1.10779703 1.65308499 -0.94173902 891.000000 5.000000 337.000000 0.000000
1.10986900 1.63441896 -0.93459201 719.000000 4.000000 347.000000 0.000000
1.12140000 1.62978804 -0.93593299 1037.000000 6.000000 372.000000 0.000000
1.13240302 1.62434399 -0.93682599 1026.000000 6.000000 465.000000 0.000000
1.11909795 1.58449602 -0.91672599 676.000000 4.000000 460.000000 0.000000
1.14860296 1.60523498 -0.93369901 497.000000 2.000000 572.000000 0.000000
1.16158402 1.60250103 -0.93637902 551.000000 3.000000 493.000000 0.000000
1.18941700 1.61985099 -0.95156598 681.000000 4.000000 615.000000 0.000000
1.18917894 1.59888899 -0.94307899 716.000000 4.000000 523.000000 0.000000
1.00175202 1.33014905 -0.77959901 910.000000 4.000000 615.000000 0.000000
1.00500596 1.31757903 -0.77557898 1035.000000 5.000000 678.000000 0.000000
1.00814402 1.30501997 -0.77155900 839.000000 4.000000 701.000000 0.000000
1.08401501 1.38542604 -0.82649899 629.000000 3.000000 657.000000 0.000000
1.28614104 1.52432597 -0.94397300 663.000000 3.000000 639.000000 0.000000
1.30651999 1.52932298 -0.95245898 624.000000 3.000000 606.000000 0.000000
1.08822703 1.64076900 -0.98877603 467.000000 4.000000 566.000000 0.000000
1.09483302 1.62891698 -0.98550302 555.000000 4.000000 514.000000 0.000000
1.00064301 1.46850395 -0.88733500 875.000000 6.000000 490.000000 0.000000
0.88300699 1.27798104 -0.76906598 1194.000000 8.000000 467.000000 0.000000
0.89083201 1.27253902 -0.76906598 1123.000000 7.000000 402.000000 0.000000
0.89811403 1.26632702 -0.76859897 1161.000000 8.000000 371.000000 0.000000
0.92847598 1.29244304 -0.78916699 662.000000 4.000000 397.000000 0.000000
1.15560198 1.58966398 -0.98690599 705.000000 6.000000 347.000000 0.000000
1.17264998 1.59252596 -0.99344999 910.000000 8.000000 254.000000 0.000000
1.18292701 1.58600998 -0.99391800 875.000000 8.000000 303.000000 0.000000
1.20857596 1.59991705 -1.00794196 1016.000000 9.000000 214.000000 0.000000
1.23705494 1.55660403 -0.99905998 976.000000 9.000000 196.000000 0.000000
1.23884404 1.53932595 -0.99251598 914.000000 8.000000 217.000000 0.000000
1.24548101 1.52826297 -0.99017799 957.000000 9.000000 183.000000 0.000000
1.26044595 1.52742195 -0.99485302 737.000000 6.000000 162.000000 0.000000
