-0.61570901 -1.60334599 -0.25044999 1781.000000 10.000000 3657.000000 0.000000
-0.61150599 -1.56374502 -0.24388500 2708.000000 18.000000 2434.000000 0.000000
-0.62474698 -1.51487398 -0.23698400 3304.000000 26.000000 2561.000000 0.000000
-0.64251500 -1.50528097 -0.23664799 2982.000000 21.000000 3187.000000 0.000000
-0.65331203 -1.50492597 -0.23732100 624.000000 3.000000 5051.000000 0.000000
-0.61394203 -1.63271999 -0.29689801 850.000000 5.000000 5059.000000 0.000000
-0.60545099 -1.58030295 -0.28674901 2875.000000 24.000000 4083.000000 0.000000
-0.61088002 -1.56557596 -0.28445101 2939.000000 24.000000 3315.000000 0.000000
-0.60894698 -1.53258204 -0.27832299 2600.000000 20.000000 2976.000000 0.000000
-0.61358398 -1.51697695 -0.27583301 2573.000000 19.000000 2937.000000 0.000000
-0.63030899 -1.53135300 -0.27966300 2851.000000 23.000000 2939.000000 0.000000
-0.63441497 -1.51477003 -0.27698201 2861.000000 23.000000 3072.000000 0.000000
-0.64063698 -1.50361800 -0.27544999 2688.000000 21.000000 3487.000000 0.000000
-0.65023899 -1.50056005 -0.27564201 1446.000000 9.000000 4610.000000 0.000000
-0.60057497 -1.62229598 -0.33806199 1354.000000 7.000000 3666.000000 0.000000
-0.60395700 -1.60122705 -0.33396301 3374.000000 29.000000 2975.000000 0.000000
-0.62008703 -1.61389303 -0.33784601 3774.000000 37.000000 2570.000000 0.000000
-0.60395402 -1.54369700 -0.32209599 2991.000000 21.000000 2520.000000 0.000000
-0.61305302 -1.53905594 -0.32188001 2843.000000 20.000000 2349.000000 0.000000
-0.62027901 -1.52983797 -0.32058501 3007.000000 22.000000 2330.000000 0.000000
-0.62554902 -1.51607704 -0.31821200 3127.000000 23.000000 2465.000000 0.000000
-0.63938397 -1.52301097 -0.32080099 2820.000000 19.000000 2692.000000 0.000000
-0.63911200 -1.49661696 -0.31540701 2491.000000 16.000000 3208.000000 0.000000
-0.66036397 -1.52042198 -0.32209599 474.000000 2.000000 5339.000000 0.000000
-0.60365897 -1.61194694 -0.37831399 2598.000000 23.000000 4066.000000 0.000000
-0.61525798 -1.61275303 -0.37950701 3193.000000 33.000000 3373.000000 0.000000
-0.62584198 -1.61075902 -0.37998500 3418.000000 38.000000 3465.000000 0.000000
-0.61369300 -1.55085194 -0.36518499 2328.000000 17.000000 3148.000000 0.000000
-0.61706603 -1.53173006 -0.36112699 2592.000000 20.000000 2953.000000 0.000000
-0.62645298 -1.52791500 -0.36112699 2677.000000 21.000000 3023.000000 0.000000
-0.63544399 -1.52314496 -0.36088899 2580.000000 20.000000 3183.000000 0.000000
-0.64364600 -1.51653302 -0.36017299 2472.000000 18.000000 3450.000000 0.000000
-0.65714902 -1.52237296 -0.36279801 1788.000000 11.000000 4101.000000 0.000000
-0.59482598 -1.63665903 -0.42918101 1162.000000 6.000000 3727.000000 0.000000
-0.59982097 -1.61941195 -0.42523500 3076.000000 24.000000 2875.000000 0.000000
-0.60838002 -1.61209095 -0.42418301 3834.000000 39.000000 3012.000000 0.000000
-0.62172902 -1.61733103 -0.42681399 3549.000000 32.000000 2705.000000 0.000000
-0.61049801 -1.55959797 -0.41103199 2498.000000 17.000000 2577.000000 0.000000
-0.61504602 -1.54327905 -0.40734899 2672.000000 18.000000 2208.000000 0.000000
-0.62304997 -1.53590095 -0.40629700 2918.000000 21.000000 2402.000000 0.000000
-0.63024902 -1.52670002 -0.40471900 2862.000000 20.000000 2511.000000 0.000000
-0.64334798 -1.53169703 -0.40734899 2610.000000 17.000000 2625.000000 0.000000
-0.65463299 -1.53215504 -0.40866500 2057.000000 13.000000 3061.000000 0.000000
-0.66171098 -1.52280200 -0.40708601 326.000000 1.000000 3881.000000 0.000000
-0.59608001 -1.62981606 -0.47115400 1463.000000 10.000000 4252.000000 0.000000
-0.60706699 -1.62882400 -0.47201100 3246.000000 34.000000 3799.000000 0.000000
-0.62009197 -1.63313901 -0.47458199 3473.000000 39.000000 3511.000000 0.000000
-0.61807501 -1.59799194 -0.46458301 2827.000000 26.000000 3453.000000 0.000000
-0.62158501 -1.57810497 -0.45944101 2213.000000 18.000000 3388.000000 0.000000
-0.61991102 -1.54577100 -0.45029899 2467.000000 21.000000 2869.000000 0.000000
-0.63118398 -1.54637897 -0.45172700 2747.000000 25.000000 3166.000000 0.000000
-0.63737100 -1.53450406 -0.44915599 2736.000000 25.000000 3230.000000 0.000000
-0.64603299 -1.52879703 -0.44858500 2478.000000 21.000000 3393.000000 0.000000
-0.65502501 -1.52392304 -0.44829899 2053.000000 16.000000 3698.000000 0.000000
-0.66054600 -1.51108503 -0.44544199 339.000000 1.000000 4959.000000 0.000000
-0.59552503 -1.63421297 -0.51980299 3042.000000 24.000000 3083.000000 0.000000
-0.60421503 -1.62696397 -0.51856399 3686.000000 36.000000 3060.000000 0.000000
-0.61553502 -1.62678194 -0.51980299 3507.000000 32.000000 2916.000000 0.000000
-0.62242198 -1.61499202 -0.51701498 2594.000000 18.000000 3399.000000 0.000000
-0.60969597 -1.55363095 -0.49687499 2136.000000 13.000000 2647.000000 0.000000
-0.61957097 -1.55074298 -0.49718401 2376.000000 16.000000 2184.000000 0.000000
-0.63086897 -1.55131495 -0.49873400 2550.000000 18.000000 2439.000000 0.000000
-0.63746202 -1.54038894 -0.49625501 2731.000000 20.000000 2541.000000 0.000000
-0.64690101 -1.53644800 -0.49625501 2536.000000 17.000000 2654.000000 0.000000
-0.65519202 -1.52982903 -0.49532500 1888.000000 11.000000 3362.000000 0.000000
-0.60054302 -1.65184498 -0.57098001 2397.000000 20.000000 4010.000000 0.000000
-0.60838801 -1.64193201 -0.56865603 2958.000000 29.000000 3527.000000 0.000000
-0.61878198 -1.63905096 -0.56898803 2770.000000 26.000000 3145.000000 0.000000
-0.62613499 -1.62817395 -0.56633198 2503.000000 22.000000 3598.000000 0.000000
-0.63132697 -1.61199296 -0.56168401 1493.000000 10.000000 3725.000000 0.000000
-0.62036699 -1.55546904 -0.54176402 2012.000000 16.000000 2944.000000 0.000000
-0.62919402 -1.54988301 -0.54110003 2026.000000 16.000000 2681.000000 0.000000
-0.63546997 -1.53813899 -0.53811198 2296.000000 19.000000 2894.000000 0.000000
-0.64489597 -1.53421104 -0.53811198 2313.000000 19.000000 3125.000000 0.000000
-0.65577197 -1.53369796 -0.53943998 2043.000000 16.000000 3384.000000 0.000000
-0.67078102 -1.54263496 -0.54442000 869.000000 5.000000 4301.000000 0.000000
-0.60035902 -1.71140099 -0.64260000 1409.000000 8.000000 3849.000000 0.000000
-0.59034801 -1.65050900 -0.61945403 2898.000000 22.000000 3165.000000 0.000000
-0.59950203 -1.64422297 -0.61838597 3378.000000 30.000000 2924.000000 0.000000
-0.60957998 -1.64051402 -0.61838597 3280.000000 28.000000 2624.000000 0.000000
-0.62195498 -1.64285803 -0.62087798 2859.000000 21.000000 2972.000000 0.000000
-0.61248499 -1.58845699 -0.60022497 2015.000000 12.000000 3284.000000 0.000000
-0.61571801 -1.56814802 -0.59346002 2000.000000 12.000000 2473.000000 0.000000
-0.61941999 -1.54959404 -0.58740598 2550.000000 18.000000 2303.000000 0.000000
-0.62856299 -1.54489899 -0.58705002 2515.000000 17.000000 2154.000000 0.000000
-0.63910502 -1.54360294 -0.58811802 2439.000000 16.000000 2393.000000 0.000000
-0.64856499 -1.53965199 -0.58811802 2380.000000 16.000000 2721.000000 0.000000
-0.65431201 -1.52705705 -0.58455801 1712.000000 10.000000 3166.000000 0.000000
-0.58998799 -1.70042002 -0.68501699 1411.000000 12.000000 3099.000000 0.000000
-0.58629400 -1.65658200 -0.66764402 2121.000000 17.000000 2915.000000 0.000000
-0.59675997 -1.65382504 -0.66802102 2408.000000 21.000000 2731.000000 0.000000
-0.60689700 -1.65013194 -0.66802102 2056.000000 16.000000 2433.000000 0.000000
-0.60796899 -1.62207794 -0.65744603 1639.000000 12.000000 2195.000000 0.000000
-0.62611598 -1.63996303 -0.66688800 1499.000000 11.000000 2241.000000 0.000000
-0.63616699 -1.63609004 -0.66688800 1412.000000 10.000000 2383.000000 0.000000
-0.62993002 -1.59079301 -0.64876002 1743.000000 13.000000 2566.000000 0.000000
-0.63245302 -1.56884599 -0.64082801 2141.000000 17.000000 2575.000000 0.000000
-0.63682699 -1.55207396 -0.63516301 2330.000000 20.000000 2572.000000 0.000000
-0.64456499 -1.54385996 -0.63327497 2143.000000 17.000000 2777.000000 0.000000
-0.65474600 -1.54158199 -0.63402998 2075.000000 16.000000 2922.000000 0.000000
-0.66528797 -1.54008901 -0.63516301 1472.000000 10.000000 3406.000000 0.000000
-0.56872302 -1.68443799 -0.72997701 1999.000000 13.000000 2207.000000 0.000000
-0.57815099 -1.67832005 -0.72877198 2019.000000 13.000000 2130.000000 0.000000
-0.57657301 -1.64105499 -0.71310198 1625.000000 9.000000 2077.000000 0.000000
-0.58291698 -1.62714505 -0.70828003 1756.000000 10.000000 2198.000000 0.000000
-0.59477901 -1.62869704 -0.71069098 1584.000000 9.000000 2116.000000 0.000000
-0.59931999 -1.61043096 -0.70386100 1607.000000 9.000000 2154.000000 0.000000
-0.60333401 -1.59131598 -0.69662899 1968.000000 12.000000 2198.000000 0.000000
-0.61936802 -1.60380900 -0.70426202 1792.000000 11.000000 2180.000000 0.000000
-0.62651098 -1.59316301 -0.70104802 1539.000000 9.000000 2070.000000 0.000000
-0.62399697 -1.55869401 -0.68658400 1366.000000 7.000000 1885.000000 0.000000
-0.62766403 -1.54042399 -0.67975301 1045.000000 5.000000 1800.000000 0.000000
-0.64342898 -1.55176497 -0.68698603 694.000000 3.000000 1757.000000 0.000000
-0.65151203 -1.54441404 -0.68537802 409.000000 2.000000 1833.000000 0.000000
-0.66821200 -1.55721200 -0.69341397 218.000000 1.000000 1876.000000 0.000000
-0.66821402 -1.53126800 -0.68296802 149.000000 1.000000 1710.000000 0.000000
-0.67648101 -1.52462900 -0.68176198 111.000000 1.000000 1630.000000 0.000000
-0.68544602 -1.51961505 -0.68136102 151.000000 1.000000 1582.000000 0.000000
-0.69705099 -1.52037394 -0.68377101 151.000000 1.000000 1553.000000 0.000000
-0.70675403 -1.51689804 -0.68417299 131.000000 1.000000 1527.000000 0.000000
-0.71918797 -1.51915097 -0.68738699 143.000000 1.000000 1584.000000 0.000000
-0.58923602 -1.67879701 -0.77971101 1364.000000 11.000000 2240.000000 0.000000
-0.59224600 -1.65465701 -0.76956099 1538.000000 13.000000 2086.000000 0.000000
-0.60238701 -1.65099204 -0.76956099 1678.000000 15.000000 2138.000000 0.000000
-0.60999602 -1.64046395 -0.76617801 2196.000000 21.000000 2289.000000 0.000000
-0.62005001 -1.63669002 -0.76617801 1646.000000 14.000000 1820.000000 0.000000
-0.62651497 -1.62354696 -0.76152498 1698.000000 15.000000 2024.000000 0.000000
-0.63448900 -1.61460698 -0.75898802 1677.000000 12.000000 2304.000000 0.000000
-0.63334399 -1.58289301 -0.74503100 1775.000000 13.000000 2315.000000 0.000000
-0.63896799 -1.56889606 -0.73995602 1874.000000 14.000000 2266.000000 0.000000
-0.64306498 -1.55153799 -0.73318899 2052.000000 16.000000 2557.000000 0.000000
-0.65432298 -1.55174196 -0.73530298 2023.000000 16.000000 2603.000000 0.000000
-0.66525197 -1.55103302 -0.73699498 1583.000000 11.000000 2906.000000 0.000000
-0.58753502 -1.70075500 -0.84659898 1742.000000 11.000000 2053.000000 0.000000
-0.58723199 -1.66674805 -0.83051902 2253.000000 16.000000 2052.000000 0.000000
-0.59684199 -1.66143000 -0.82962602 2362.000000 17.000000 2076.000000 0.000000
-0.60640901 -1.65605605 -0.82873303 2801.000000 22.000000 2286.000000 0.000000
-0.61687201 -1.65314198 -0.82917899 2892.000000 24.000000 2330.000000 0.000000
-0.62891501 -1.65434206 -0.83185899 2456.000000 18.000000 2647.000000 0.000000
-0.63063800 -1.62876594 -0.82024598 2312.000000 16.000000 2628.000000 0.000000
-0.62220597 -1.57826900 -0.79523301 2049.000000 13.000000 2276.000000 0.000000
-0.63521802 -1.58272195 -0.79969901 2203.000000 14.000000 2323.000000 0.000000
-0.63881499 -1.56389105 -0.79165900 2455.000000 17.000000 2427.000000 0.000000
-0.64839900 -1.55994201 -0.79165900 2413.000000 17.000000 2854.000000 0.000000
-0.65970403 -1.56005299 -0.79389298 2127.000000 14.000000 3094.000000 0.000000
1.41992402 -1.39820302 -0.10477700 1851.000000 11.000000 3948.000000 0.000000
1.37884700 -1.37447798 -0.10144000 2781.000000 21.000000 2948.000000 0.000000
1.38582206 -1.39850903 -0.10303600 3367.000000 30.000000 2783.000000 0.000000
1.37721503 -1.40698600 -0.10303600 3339.000000 30.000000 2784.000000 0.000000
1.36578500 -1.41253996 -0.10274600 3178.000000 27.000000 2472.000000 0.000000
1.34294999 -1.44109094 -0.10310800 2282.000000 15.000000 2449.000000 0.000000
1.35230696 -1.46912897 -0.10506700 2669.000000 20.000000 2619.000000 0.000000
1.33857405 -1.47222996 -0.10455900 2463.000000 17.000000 2789.000000 0.000000
1.32618594 -1.47670305 -0.10419600 1521.000000 9.000000 4414.000000 0.000000
1.39261603 -1.39014995 -0.14903200 1965.000000 17.000000 3136.000000 0.000000
1.38476098 -1.39937496 -0.14912800 2533.000000 25.000000 3227.000000 0.000000
1.37684596 -1.40855598 -0.14922400 2455.000000 24.000000 3337.000000 0.000000
1.37164199 -1.42055094 -0.14970399 2613.000000 27.000000 3532.000000 0.000000
1.35876906 -1.42462695 -0.14912800 2256.000000 21.000000 3559.000000 0.000000
1.37052202 -1.45463204 -0.15200800 1894.000000 17.000000 3055.000000 0.000000
1.36293006 -1.46446800 -0.15220000 2420.000000 24.000000 2727.000000 0.000000
1.36404395 -1.48377597 -0.15364100 2868.000000 31.000000 3345.000000 0.000000
1.35223198 -1.48917496 -0.15325700 2676.000000 28.000000 3497.000000 0.000000
1.34972894 -1.50484097 -0.15421700 2221.000000 21.000000 3662.000000 0.000000
1.34047103 -1.51309502 -0.15421700 2149.000000 20.000000 4081.000000 0.000000
1.26415598 -1.44501305 -0.14442299 1403.000000 11.000000 4246.000000 0.000000
1.41158605 -1.40764201 -0.20081200 1917.000000 12.000000 3605.000000 0.000000
1.38826096 -1.40145600 -0.19827799 3064.000000 25.000000 2819.000000 0.000000
1.37755501 -1.40781796 -0.19791600 3526.000000 34.000000 2875.000000 0.000000
1.37716401 -1.42481506 -0.19936401 3430.000000 32.000000 2694.000000 0.000000
1.36291504 -1.42749095 -0.19839901 3109.000000 26.000000 2759.000000 0.000000
1.36502004 -1.44738901 -0.20032901 2733.000000 21.000000 2629.000000 0.000000
1.39195001 -1.49425805 -0.20672400 3573.000000 35.000000 2661.000000 0.000000
1.37872601 -1.49838495 -0.20600000 3957.000000 45.000000 3197.000000 0.000000
1.37217402 -1.50975597 -0.20648301 3909.000000 44.000000 3831.000000 0.000000
1.36487305 -1.52036500 -0.20684500 3593.000000 35.000000 3564.000000 0.000000
1.34959495 -1.52202201 -0.20575900 2886.000000 23.000000 3991.000000 0.000000
1.35330200 -1.54521894 -0.20817199 515.000000 2.000000 5933.000000 0.000000
1.38269305 -1.39537394 -0.24308500 1161.000000 9.000000 4468.000000 0.000000
1.37341106 -1.40312600 -0.24294101 2365.000000 23.000000 3201.000000 0.000000
1.37718296 -1.42430794 -0.24552700 2714.000000 29.000000 3307.000000 0.000000
1.37047303 -1.43487406 -0.24595800 2511.000000 25.000000 3328.000000 0.000000
1.35824001 -1.43966401 -0.24524000 2294.000000 22.000000 3572.000000 0.000000
1.35478997 -1.45375204 -0.24638900 2444.000000 24.000000 3374.000000 0.000000
1.37942803 -1.49837697 -0.25357300 3280.000000 40.000000 3768.000000 0.000000
1.37554598 -1.51266003 -0.25472200 3449.000000 45.000000 4622.000000 0.000000
1.35961103 -1.51372194 -0.25328499 3306.000000 41.000000 4979.000000 0.000000
1.35556304 -1.52794802 -0.25443500 2926.000000 33.000000 5311.000000 0.000000
1.34224105 -1.53177798 -0.25357300 1225.000000 10.000000 5485.000000 0.000000
1.38351905 -1.39666200 -0.29286599 1124.000000 6.000000 4243.000000 0.000000
1.37836802 -1.40865004 -0.29370701 2935.000000 23.000000 2724.000000 0.000000
1.36764503 -1.41495395 -0.29320201 3352.000000 30.000000 2881.000000 0.000000
1.35893703 -1.42331898 -0.29320201 3257.000000 29.000000 2814.000000 0.000000
1.35896397 -1.44095898 -0.29539001 2943.000000 24.000000 2825.000000 0.000000
1.35882497 -1.45865202 -0.29757899 2416.000000 17.000000 2694.000000 0.000000
1.38119805 -1.50107503 -0.30548900 3075.000000 25.000000 2405.000000 0.000000
1.36401105 -1.50076306 -0.30346999 2908.000000 23.000000 2109.000000 0.000000
1.36135697 -1.51644397 -0.30515301 3144.000000 27.000000 2870.000000 0.000000
1.35660195 -1.52993405 -0.30633101 3317.000000 30.000000 3310.000000 0.000000
1.34199703 -1.53229296 -0.30498499 2947.000000 24.000000 2773.000000 0.000000
1.34288001 -1.55243397 -0.30767801 2587.000000 19.000000 2673.000000 0.000000
1.30901599 -1.53214896 -0.30128199 1191.000000 6.000000 3634.000000 0.000000
1.36745203 -1.41136897 -0.33998400 2077.000000 19.000000 3170.000000 0.000000
1.35672700 -1.41761005 -0.33940899 2320.000000 22.000000 3342.000000 0.000000
1.35273302 -1.43089104 -0.34075001 2246.000000 21.000000 3262.000000 0.000000
1.36272395 -1.45921302 -0.34611201 1966.000000 18.000000 3330.000000 0.000000
1.37308502 -1.48843002 -0.35166499 883.000000 6.000000 4901.000000 0.000000
1.35928905 -1.49175799 -0.35032499 1919.000000 17.000000 3374.000000 0.000000
1.37643099 -1.52919996 -0.35798401 2818.000000 30.000000 3567.000000 0.000000
1.37094295 -1.54200995 -0.35913301 2859.000000 31.000000 3557.000000 0.000000
1.35496497 -1.54303002 -0.35721800 2654.000000 28.000000 4436.000000 0.000000
1.34869504 -1.55501699 -0.35817599 1348.000000 11.000000 5026.000000 0.000000
1.34168804 -1.56623900 -0.35894200 312.000000 2.000000 5408.000000 0.000000
1.38306999 -1.41394997 -0.39286399 1485.000000 9.000000 3142.000000 0.000000
1.36962199 -1.41749096 -0.39135399 2670.000000 20.000000 2629.000000 0.000000
1.35955095 -1.42445397 -0.39092299 2878.000000 23.000000 2769.000000 0.000000
1.34944701 -1.43134797 -0.39049101 2756.000000 21.000000 2781.000000 0.000000
1.35327303 -1.45318604 -0.39458999 2540.000000 18.000000 2908.000000 0.000000
1.37603903 -1.49597895 -0.40494701 1138.000000 6.000000 3956.000000 0.000000
1.36945796 -1.50728595 -0.40581000 2473.000000 18.000000 2885.000000 0.000000
1.37777996 -1.53529298 -0.41163501 3435.000000 34.000000 2961.000000 0.000000
1.36703897 -1.54225600 -0.41120401 3532.000000 37.000000 3010.000000 0.000000
1.35497999 -1.54767501 -0.41034099 2600.000000 19.000000 2759.000000 0.000000
1.35503101 -1.56704497 -0.41357699 1493.000000 9.000000 4281.000000 0.000000
1.37606895 -1.41632605 -0.44061500 1223.000000 10.000000 4249.000000 0.000000
1.36128795 -1.41844904 -0.43846700 2359.000000 23.000000 3085.000000 0.000000
1.35255897 -1.42677498 -0.43846700 2502.000000 25.000000 3234.000000 0.000000
1.34510899 -1.43646204 -0.43894500 2293.000000 22.000000 3308.000000 0.000000
1.35477304 -1.46461201 -0.44562799 2038.000000 19.000000 3368.000000 0.000000
1.35429502 -1.48220098 -0.44873101 1595.000000 13.000000 3450.000000 0.000000
1.35756397 -1.50415504 -0.45326701 2033.000000 18.000000 3312.000000 0.000000
1.37032795 -1.53705895 -0.46138299 2830.000000 37.000000 3809.000000 0.000000
1.36087096 -1.54543900 -0.46138299 2904.000000 38.000000 4434.000000 0.000000
1.35775006 -1.56107402 -0.46377000 2537.000000 31.000000 4958.000000 0.000000
1.34878004 -1.57011199 -0.46400800 1060.000000 10.000000 5534.000000 0.000000
1.33003604 -1.58728802 -0.46424699 612.000000 5.000000 4829.000000 0.000000
1.30463505 -1.63689005 -0.46973699 476.000000 4.000000 4586.000000 0.000000
1.36933804 -1.41768503 -0.49178201 1858.000000 12.000000 2789.000000 0.000000
1.36194396 -1.42745697 -0.49230799 2470.000000 18.000000 2705.000000 0.000000
1.35448205 -1.43719196 -0.49283499 2603.000000 19.000000 2703.000000 0.000000
1.34563804 -1.44547606 -0.49283499 2496.000000 18.000000 2941.000000 0.000000
1.34131205 -1.45868003 -0.49467599 1965.000000 13.000000 2923.000000 0.000000
1.36409795 -1.50189805 -0.50756401 712.000000 3.000000 3847.000000 0.000000
1.37481403 -1.53251505 -0.51571798 2298.000000 17.000000 3100.000000 0.000000
1.36154902 -1.53658700 -0.51414001 3349.000000 33.000000 3226.000000 0.000000
1.35209501 -1.54491198 -0.51414001 3289.000000 32.000000 3831.000000 0.000000
1.35141599 -1.56340396 -0.51782298 2938.000000 26.000000 4535.000000 0.000000
1.33303404 -1.56138802 -0.51414001 1156.000000 7.000000 4476.000000 0.000000
1.30707800 -1.60936797 -0.51966399 1104.000000 6.000000 3425.000000 0.000000
1.30984402 -1.63317096 -0.52518702 1469.000000 9.000000 3981.000000 0.000000
1.28902495 -1.62755597 -0.52045298 979.000000 6.000000 4591.000000 0.000000
1.27604496 -1.63163304 -0.51913798 1601.000000 10.000000 4494.000000 0.000000
1.36031604 -1.43048894 -0.54229099 2082.000000 19.000000 3280.000000 0.000000
1.34888303 -1.43602002 -0.54114801 2319.000000 22.000000 3282.000000 0.000000
1.33808696 -1.44216597 -0.54029101 2284.000000 22.000000 3366.000000 0.000000
1.34478700 -1.46727395 -0.54714698 2116.000000 20.000000 3479.000000 0.000000
1.33769298 -1.47762501 -0.54800397 1031.000000 8.000000 3800.000000 0.000000
1.34870803 -1.52691102 -0.56114602 2004.000000 22.000000 3328.000000 0.000000
1.35004795 -1.54741299 -0.56600302 3074.000000 43.000000 4239.000000 0.000000
1.34052801 -1.55566800 -0.56600302 3029.000000 42.000000 4863.000000 0.000000
1.32908905 -1.56167805 -0.56514603 2036.000000 22.000000 4900.000000 0.000000
1.34729397 -1.60276103 -0.57800198 578.000000 5.000000 4616.000000 0.000000
1.30124402 -1.60721099 -0.57028800 1407.000000 14.000000 3801.000000 0.000000
1.29315805 -1.61740601 -0.57114500 558.000000 5.000000 4571.000000 0.000000
1.27249396 -1.61179304 -0.56600302 930.000000 8.000000 4312.000000 0.000000
1.22982001 -1.61818194 -0.55971801 971.000000 9.000000 4648.000000 0.000000
1.23889899 -1.65095496 -0.56914502 1695.000000 17.000000 4320.000000 0.000000
1.23618102 -1.66852200 -0.57285899 2104.000000 23.000000 3933.000000 0.000000
1.23045802 -1.68225396 -0.57514501 1998.000000 22.000000 3903.000000 0.000000
1.35632396 -1.42401195 -0.59385699 1986.000000 13.000000 2639.000000 0.000000
1.35211802 -1.43715799 -0.59602600 2449.000000 18.000000 2650.000000 0.000000
1.34327495 -1.44542801 -0.59602600 2488.000000 18.000000 2781.000000 0.000000
1.33887804 -1.45854902 -0.59819400 2300.000000 16.000000 2951.000000 0.000000
1.33054101 -1.46744096 -0.59850401 1932.000000 12.000000 3054.000000 0.000000
1.34831297 -1.52427495 -0.61616600 900.000000 5.000000 2421.000000 0.000000
1.34456098 -1.53896701 -0.61895400 2414.000000 18.000000 2626.000000 0.000000
1.34130001 -1.55439103 -0.62205303 3641.000000 40.000000 3741.000000 0.000000
1.33050394 -1.56114304 -0.62143302 3214.000000 30.000000 4124.000000 0.000000
1.31233501 -1.55908895 -0.61709499 2269.000000 17.000000 4309.000000 0.000000
1.29538095 -1.59775901 -0.62329203 777.000000 4.000000 2957.000000 0.000000
1.27627504 -1.63482904 -0.62886900 2679.000000 22.000000 3986.000000 0.000000
1.26738000 -1.64413595 -0.62948900 3307.000000 32.000000 3806.000000 0.000000
1.25439095 -1.64809704 -0.62794000 1668.000000 11.000000 3613.000000 0.000000
1.45005298 -1.39389300 -0.66028702 88.000000 1.000000 1679.000000 0.000000
1.44350505 -1.40473402 -0.66128302 96.000000 1.000000 1643.000000 0.000000
1.43283904 -1.41158295 -0.66028702 81.000000 1.000000 2055.000000 0.000000
1.35851002 -1.44076097 -0.64933097 1868.000000 17.000000 2901.000000 0.000000
1.34513402 -1.44424701 -0.64700699 2100.000000 19.000000 2999.000000 0.000000
1.33880699 -1.45524502 -0.64833498 1991.000000 18.000000 3134.000000 0.000000
1.32858098 -1.46203899 -0.64767098 1837.000000 16.000000 3115.000000 0.000000
1.34231997 -1.49538803 -0.65962303 746.000000 6.000000 3125.000000 0.000000
1.33930802 -1.54832995 -0.67290300 1960.000000 21.000000 3284.000000 0.000000
1.32978296 -1.55651796 -0.67290300 2396.000000 28.000000 3507.000000 0.000000
1.32020700 -1.56464803 -0.67290300 2804.000000 36.000000 4187.000000 0.000000
1.30997705 -1.57199597 -0.67257100 2456.000000 29.000000 4293.000000 0.000000
1.29730201 -1.57636905 -0.67091101 1814.000000 19.000000 3234.000000 0.000000
1.29118299 -1.58868396 -0.67290300 1524.000000 15.000000 2868.000000 0.000000
1.27963603 -1.59437299 -0.67190701 1189.000000 11.000000 2675.000000 0.000000
1.28040099 -1.61548102 -0.67788303 824.000000 7.000000 3443.000000 0.000000
1.36097002 -1.44707799 -0.70847499 2120.000000 15.000000 2478.000000 0.000000
1.34316695 -1.44581103 -0.70349002 2626.000000 21.000000 2641.000000 0.000000
1.33490205 -1.45471394 -0.70384598 2501.000000 20.000000 2649.000000 0.000000
1.32532406 -1.46218503 -0.70349002 2370.000000 18.000000 2783.000000 0.000000
1.32504702 -1.48004198 -0.70847499 1744.000000 12.000000 3051.000000 0.000000
1.23685396 -1.45161998 -0.67820799 147.000000 1.000000 1099.000000 0.000000
1.22852504 -1.45989704 -0.67856401 196.000000 1.000000 1290.000000 0.000000
1.26012397 -1.51630604 -0.70277798 679.000000 3.000000 1816.000000 0.000000
1.24368894 -1.51533604 -0.69850498 1460.000000 9.000000 2637.000000 0.000000
1.26552498 -1.56143498 -0.71737802 2116.000000 15.000000 3133.000000 0.000000
1.27109003 -1.58815002 -0.72663599 1190.000000 7.000000 2781.000000 0.000000
1.39891601 -1.49452603 -0.78585702 1447.000000 14.000000 2620.000000 0.000000
1.33995199 -1.44947195 -0.75602001 1885.000000 20.000000 2991.000000 0.000000
1.32790399 -1.45425498 -0.75413197 2194.000000 25.000000 3005.000000 0.000000
1.32144201 -1.46511996 -0.75564301 2000.000000 22.000000 3060.000000 0.000000
1.32662702 -1.48907304 -0.76432902 1677.000000 17.000000 3152.000000 0.000000
1.44315600 -1.63942504 -0.84175402 973.000000 10.000000 2656.000000 0.000000
1.32149696 -1.55854797 -0.78434598 1419.000000 14.000000 2823.000000 0.000000
1.29641497 -1.54820096 -0.77452701 1849.000000 20.000000 2948.000000 0.000000
1.28275001 -1.55113995 -0.77188301 2497.000000 30.000000 3416.000000 0.000000
1.27262104 -1.55826604 -0.77150500 2125.000000 24.000000 3079.000000 0.000000
1.26245296 -1.56532502 -0.77112800 1953.000000 21.000000 3175.000000 0.000000
1.24877596 -1.56798100 -0.76848400 1811.000000 19.000000 3923.000000 0.000000
1.30398202 -1.65772402 -0.81116199 777.000000 7.000000 2736.000000 0.000000
1.26941705 -1.65525997 -0.80172002 1183.000000 11.000000 2420.000000 0.000000
1.25027001 -1.65122402 -0.79567701 1281.000000 12.000000 2395.000000 0.000000
1.24511802 -1.66552901 -0.79907602 1034.000000 9.000000 2300.000000 0.000000
1.19187105 -1.61511397 -0.76961702 554.000000 4.000000 1796.000000 0.000000
1.16204000 -1.77122104 -0.81493801 1080.000000 10.000000 2686.000000 0.000000
1.34703803 -1.45148695 -0.81877202 1943.000000 14.000000 2749.000000 0.000000
1.33254194 -1.45364594 -0.81515598 2167.000000 16.000000 2927.000000 0.000000
1.32728195 -1.46587002 -0.81756699 2167.000000 16.000000 3114.000000 0.000000
1.32192302 -1.47808504 -0.81997699 1980.000000 14.000000 2939.000000 0.000000
1.32736695 -1.50264895 -0.82962000 1635.000000 11.000000 2413.000000 0.000000
1.30970001 -1.50109994 -0.82399499 2045.000000 15.000000 2347.000000 0.000000
1.30225694 -1.51119006 -0.82520097 1953.000000 14.000000 2369.000000 0.000000
1.29473901 -1.52124500 -0.82640600 1894.000000 13.000000 2608.000000 0.000000
1.27772701 -1.52004302 -0.82118303 2573.000000 21.000000 3668.000000 0.000000
1.26603794 -1.52503395 -0.81957603 2931.000000 26.000000 4102.000000 0.000000
1.25897706 -1.53560805 -0.82118303 2649.000000 22.000000 3377.000000 0.000000
1.25759196 -1.55327404 -0.82680798 1881.000000 13.000000 2569.000000 0.000000
1.25775099 -1.57312703 -0.83363801 1543.000000 10.000000 2599.000000 0.000000
1.24183798 -1.57290399 -0.82921898 1406.000000 9.000000 2589.000000 0.000000
1.27660406 -1.63757801 -0.86096001 1243.000000 8.000000 2705.000000 0.000000
-0.85934597 2.34679890 -0.38392499 2089.000000 19.000000 3610.000000 0.000000
-0.84892303 2.36316299 -0.38594499 2615.000000 27.000000 2741.000000 0.000000
-0.83277202 2.36367798 -0.38510400 2773.000000 29.000000 3295.000000 0.000000
-0.82885802 2.39949489 -0.39065799 2172.000000 20.000000 2888.000000 0.000000
-0.82832301 2.44655800 -0.39823201 2598.000000 26.000000 2571.000000 0.000000
-0.81453502 2.45533705 -0.39890599 2497.000000 25.000000 2614.000000 0.000000
-0.79914999 2.45935106 -0.39873701 1379.000000 11.000000 3074.000000 0.000000
-0.86448199 2.34795594 -0.44473100 1138.000000 14.000000 4235.000000 0.000000
-0.85139900 2.35690689 -0.44549701 1771.000000 24.000000 3347.000000 0.000000
-0.83659202 2.36116195 -0.44530600 1773.000000 24.000000 2979.000000 0.000000
-0.82661802 2.37922406 -0.44798699 1550.000000 20.000000 3242.000000 0.000000
-0.82726198 2.42882299 -0.45717800 1908.000000 26.000000 3002.000000 0.000000
-0.81234300 2.43385410 -0.45717800 1935.000000 27.000000 2842.000000 0.000000
-0.80383003 2.45837307 -0.46120000 1347.000000 17.000000 3005.000000 0.000000
-0.78722697 2.45858693 -0.46024200 265.000000 3.000000 3458.000000 0.000000
-0.86736798 2.37001395 -0.51347297 1835.000000 16.000000 3865.000000 0.000000
-0.85083300 2.36977601 -0.51217902 2775.000000 29.000000 3087.000000 0.000000
-0.83886701 2.38232207 -0.51390499 2458.000000 24.000000 2717.000000 0.000000
-0.83314198 2.41327190 -0.51994598 2198.000000 20.000000 3004.000000 0.000000
-0.81706899 2.41463900 -0.51908302 2490.000000 25.000000 2154.000000 0.000000
-0.80714703 2.43443799 -0.52253503 2250.000000 21.000000 2491.000000 0.000000
-0.80032498 2.46442389 -0.52836001 1073.000000 8.000000 4169.000000 0.000000
-0.86394799 2.38122010 -0.57787001 1579.000000 21.000000 4452.000000 0.000000
-0.84539598 2.37550402 -0.57500499 2209.000000 32.000000 3968.000000 0.000000
-0.83273298 2.38614392 -0.57643700 2052.000000 29.000000 3634.000000 0.000000
-0.82849699 2.42151308 -0.58431500 1627.000000 21.000000 3241.000000 0.000000
-0.81486398 2.43023205 -0.58526897 1605.000000 21.000000 2446.000000 0.000000
-0.80663598 2.45547295 -0.59052098 1420.000000 18.000000 3336.000000 0.000000
-0.78647399 2.44466901 -0.58646297 352.000000 4.000000 5783.000000 0.000000
-0.85405898 2.38006997 -0.64381403 2059.000000 19.000000 4120.000000 0.000000
-0.83848000 2.38253498 -0.64302498 2506.000000 25.000000 2889.000000 0.000000
-0.82290202 2.38489795 -0.64223599 2802.000000 30.000000 3078.000000 0.000000
-0.81380898 2.40635705 -0.64697099 2158.000000 20.000000 2868.000000 0.000000
-0.80357301 2.42504406 -0.65091598 2058.000000 19.000000 2475.000000 0.000000
-0.78897500 2.43084693 -0.65117902 723.000000 5.000000 4358.000000 0.000000
-0.84771299 2.37036490 -0.70427603 723.000000 8.000000 4714.000000 0.000000
-0.83028501 2.36738801 -0.70170498 1387.000000 17.000000 2699.000000 0.000000
-0.81449199 2.36881399 -0.70056200 1488.000000 19.000000 2446.000000 0.000000
-0.80578399 2.39101291 -0.70599002 1325.000000 16.000000 2403.000000 0.000000
-0.79441899 2.40591693 -0.70913303 1290.000000 16.000000 3059.000000 0.000000
-0.78349400 2.42259407 -0.71284699 377.000000 4.000000 4884.000000 0.000000
-0.83292103 2.37326288 -0.77263802 2182.000000 20.000000 3855.000000 0.000000
-0.81865197 2.37922812 -0.77294803 2597.000000 27.000000 3313.000000 0.000000
-0.80525100 2.38781095 -0.77418703 2394.000000 23.000000 2895.000000 0.000000
-0.79386097 2.40264010 -0.77759600 1510.000000 12.000000 3150.000000 0.000000
-0.85549402 2.42420793 -0.85716099 865.000000 12.000000 4172.000000 0.000000
-0.82139301 2.37417412 -0.83657700 1524.000000 20.000000 4475.000000 0.000000
-0.80407000 2.37113404 -0.83358902 1685.000000 22.000000 3204.000000 0.000000
-0.78771299 2.37065506 -0.83159697 2150.000000 31.000000 3602.000000 0.000000
-0.77168500 2.37096095 -0.82993698 1030.000000 12.000000 3500.000000 0.000000
-0.85973901 2.35797095 -0.90788299 1508.000000 12.000000 2855.000000 0.000000
-0.84588301 2.36496305 -0.90859598 2521.000000 30.000000 3003.000000 0.000000
-0.82301801 2.34629607 -0.89898098 2271.000000 22.000000 3582.000000 0.000000
-0.80981898 2.35483694 -0.90040600 2829.000000 31.000000 4025.000000 0.000000
-0.79237503 2.35090494 -0.89684498 2632.000000 28.000000 4023.000000 0.000000
-0.77764302 2.35483503 -0.89648902 2581.000000 27.000000 3047.000000 0.000000
-0.76002097 2.34978008 -0.89257199 1996.000000 18.000000 2352.000000 0.000000
-0.75488299 2.38380289 -0.90432298 1044.000000 8.000000 1726.000000 0.000000
-0.75653499 2.44106007 -0.92533201 389.000000 3.000000 1359.000000 0.000000
-0.73667002 2.42955709 -0.91892201 441.000000 3.000000 1608.000000 0.000000
-0.71750599 2.41969395 -0.91322500 470.000000 4.000000 2155.000000 0.000000
-0.85035598 2.34587407 -0.96865398 1155.000000 17.000000 2602.000000 0.000000
-0.83002400 2.33448100 -0.96147799 1209.000000 15.000000 2482.000000 0.000000
-0.81017101 2.32380199 -0.95468003 1564.000000 21.000000 3013.000000 0.000000
-0.79288799 2.31997299 -0.95090300 2040.000000 29.000000 3273.000000 0.000000
-0.77952498 2.32742691 -0.95203602 1573.000000 21.000000 2611.000000 0.000000
-0.76900101 2.34359694 -0.95694602 1187.000000 15.000000 2087.000000 0.000000
-0.76798999 2.38968110 -0.97469699 924.000000 13.000000 2460.000000 0.000000
1.19089305 2.56650901 -0.30240500 2033.000000 21.000000 3367.000000 0.000000
1.20492303 2.55556297 -0.30192199 2546.000000 30.000000 2715.000000 0.000000
1.22229803 2.55170202 -0.30240500 2474.000000 28.000000 2854.000000 0.000000
1.21619499 2.49953198 -0.29637200 2609.000000 31.000000 4593.000000 0.000000
1.22622597 2.48134589 -0.29492399 2893.000000 37.000000 4108.000000 0.000000
1.23697197 2.46490502 -0.29371700 2321.000000 26.000000 2920.000000 0.000000
1.26425195 2.48114395 -0.29697499 1686.000000 16.000000 2174.000000 0.000000
1.18797505 2.56676698 -0.36850500 998.000000 14.000000 4232.000000 0.000000
1.20412195 2.56032610 -0.36864901 1779.000000 28.000000 3545.000000 0.000000
1.21598005 2.54484797 -0.36735600 1796.000000 29.000000 3911.000000 0.000000
1.20485699 2.48210311 -0.35844800 2069.000000 35.000000 5755.000000 0.000000
1.22268200 2.47999310 -0.35931000 2521.000000 47.000000 5436.000000 0.000000
1.23345804 2.46358895 -0.35787401 2161.000000 37.000000 4471.000000 0.000000
1.25436497 2.46745110 -0.35974100 1692.000000 27.000000 4793.000000 0.000000
1.18884301 2.56209707 -0.43946999 1911.000000 19.000000 3302.000000 0.000000
1.20075405 2.54673100 -0.43795499 2356.000000 26.000000 2820.000000 0.000000
1.21380103 2.53398299 -0.43694499 2114.000000 22.000000 3189.000000 0.000000
1.20515096 2.47686100 -0.42752001 2705.000000 33.000000 4177.000000 0.000000
1.22557104 2.48002291 -0.42953900 3338.000000 48.000000 4082.000000 0.000000
1.23634005 2.46364808 -0.42785600 2672.000000 32.000000 3726.000000 0.000000
1.25860000 2.47006512 -0.43054900 1240.000000 11.000000 2754.000000 0.000000
1.18553305 2.56847906 -0.50849903 938.000000 14.000000 3707.000000 0.000000
1.19711494 2.55226493 -0.50658399 1594.000000 24.000000 3151.000000 0.000000
1.20222795 2.52270603 -0.50179702 1731.000000 27.000000 3183.000000 0.000000
1.21086097 2.50113702 -0.49873301 1760.000000 28.000000 4552.000000 0.000000
1.21409404 2.46898198 -0.49337101 2001.000000 33.000000 4419.000000 0.000000
1.22790802 2.45884991 -0.49279600 1924.000000 32.000000 4208.000000 0.000000
1.24297297 2.45126891 -0.49279600 2053.000000 35.000000 4264.000000 0.000000
1.26336598 2.45407510 -0.49509400 804.000000 11.000000 5477.000000 0.000000
1.19011402 2.56367302 -0.58035803 2213.000000 26.000000 3008.000000 0.000000
1.20332003 2.55102396 -0.57906401 2412.000000 30.000000 2587.000000 0.000000
1.21514904 2.53567004 -0.57712197 2072.000000 24.000000 2449.000000 0.000000
1.20801198 2.48164511 -0.56568700 2646.000000 32.000000 3426.000000 0.000000
1.22451496 2.47681093 -0.56633401 2926.000000 38.000000 3491.000000 0.000000
1.23925102 2.46837902 -0.56611800 2829.000000 35.000000 3097.000000 0.000000
1.24993503 2.45203090 -0.56396002 1657.000000 16.000000 2454.000000 0.000000
1.24114895 2.39836502 -0.55252498 1140.000000 10.000000 2193.000000 0.000000
1.25856900 2.39589000 -0.55382001 937.000000 8.000000 2473.000000 0.000000
1.18336201 2.57313299 -0.65139002 933.000000 14.000000 4879.000000 0.000000
1.19133902 2.54909706 -0.64685500 1558.000000 26.000000 3366.000000 0.000000
1.20861900 2.54524994 -0.64780998 1459.000000 24.000000 2945.000000 0.000000
1.21495903 2.51853108 -0.64255798 1677.000000 28.000000 3572.000000 0.000000
1.21718204 2.48397708 -0.63515800 1932.000000 32.000000 4288.000000 0.000000
1.23067403 2.47298193 -0.63420397 2282.000000 40.000000 4970.000000 0.000000
1.24320495 2.46018004 -0.63277102 1738.000000 28.000000 3656.000000 0.000000
1.26623297 2.46806908 -0.63706797 744.000000 10.000000 4344.000000 0.000000
1.17575002 2.57278800 -0.72561699 871.000000 8.000000 4129.000000 0.000000
1.18378496 2.54890299 -0.72061998 1939.000000 22.000000 2766.000000 0.000000
1.20063901 2.54420900 -0.72140902 1794.000000 19.000000 2401.000000 0.000000
1.20537198 2.51417994 -0.71456999 2045.000000 23.000000 3748.000000 0.000000
1.20682299 2.47811890 -0.70589000 2920.000000 38.000000 4480.000000 0.000000
1.22200596 2.47066808 -0.70589000 2834.000000 36.000000 3974.000000 0.000000
1.24017704 2.46915698 -0.70773101 2122.000000 23.000000 3178.000000 0.000000
1.26451695 2.47954512 -0.71325499 499.000000 4.000000 4113.000000 0.000000
1.18194199 2.58063602 -0.79998201 901.000000 13.000000 4566.000000 0.000000
1.18727100 2.55073094 -0.79255402 1483.000000 24.000000 3246.000000 0.000000
1.19881499 2.53472900 -0.78969699 1551.000000 26.000000 2946.000000 0.000000
1.20813894 2.51435995 -0.78541100 1459.000000 24.000000 3327.000000 0.000000
1.20845604 2.47587299 -0.77512699 1999.000000 34.000000 4016.000000 0.000000
1.22107899 2.46325707 -0.77341300 2269.000000 40.000000 4133.000000 0.000000
1.23702896 2.45743108 -0.77398401 1509.000000 23.000000 3657.000000 0.000000
1.17806697 2.57197595 -0.87488800 1351.000000 14.000000 3883.000000 0.000000
1.18258095 2.54056907 -0.86621201 1797.000000 20.000000 2476.000000 0.000000
1.19896102 2.53498411 -0.86683202 1774.000000 19.000000 2482.000000 0.000000
1.18646395 2.46931791 -0.84576201 2153.000000 25.000000 3548.000000 0.000000
1.20493197 2.46882510 -0.84824097 2847.000000 39.000000 3972.000000 0.000000
1.21921301 2.45968199 -0.84762102 2967.000000 42.000000 3747.000000 0.000000
1.23770499 2.45894694 -0.85009998 1912.000000 21.000000 3102.000000 0.000000
1.26446295 2.47415996 -0.85846603 574.000000 5.000000 3216.000000 0.000000
1.18859196 2.56636405 -0.94779599 1238.000000 20.000000 3006.000000 0.000000
1.18549597 2.51888108 -0.93219203 1430.000000 23.000000 3180.000000 0.000000
1.18997705 2.48856711 -0.92322803 1597.000000 27.000000 3264.000000 0.000000
1.20275795 2.47612405 -0.92123598 1444.000000 24.000000 2842.000000 0.000000
1.21501601 2.46277094 -0.91891199 1550.000000 26.000000 3130.000000 0.000000
1.23136902 2.45780206 -0.91990799 1372.000000 22.000000 2906.000000 0.000000
1.24557304 2.44851708 -0.91924399 613.000000 9.000000 3218.000000 0.000000
1.17511404 2.52341104 -1.01221704 1690.000000 18.000000 2537.000000 0.000000
1.17657304 2.48659611 -0.99975401 1421.000000 15.000000 2213.000000 0.000000
1.17802894 2.45070195 -0.98764700 1861.000000 21.000000 3244.000000 0.000000
1.18524599 2.42747688 -0.98088098 2353.000000 29.000000 2924.000000 0.000000
1.20843005 2.43689799 -0.98800302 1888.000000 21.000000 2220.000000 0.000000
1.22798705 2.43861604 -0.99191999 1717.000000 19.000000 2342.000000 0.000000
1.24931395 2.44351196 -0.99726099 1493.000000 16.000000 2096.000000 0.000000
