0.27054200 -1.61361802 -0.91776299 220.000000 1.000000 1931.000000 3.000000
0.26105401 -1.61779296 -0.91929501 205.000000 1.000000 1854.000000 3.000000
0.25045201 -1.61511803 -0.91674203 148.000000 1.000000 1730.000000 3.000000
0.24092300 -1.61917496 -0.91827399 175.000000 1.000000 1652.000000 3.000000
0.11575000 -1.56221795 -0.87639701 351.000000 2.000000 1528.000000 3.000000
0.10585900 -1.55861104 -0.87384301 302.000000 1.000000 1672.000000 3.000000
0.09673700 -1.56609499 -0.87792897 277.000000 1.000000 1593.000000 3.000000
0.08777800 -1.57781696 -0.88456798 263.000000 1.000000 1663.000000 3.000000
0.07818400 -1.58004296 -0.88558900 287.000000 1.000000 1659.000000 3.000000
0.06884400 -1.58822203 -0.89018601 251.000000 1.000000 1848.000000 3.000000
0.05964700 -1.60236001 -0.89835697 230.000000 1.000000 1789.000000 3.000000
0.04055000 -1.62359798 -0.91061300 165.000000 1.000000 2287.000000 3.000000
0.66873699 -1.44761395 -0.95161200 1779.000000 11.000000 4111.000000 3.000000
0.55807698 -0.81887800 -0.94038302 350.000000 2.000000 3414.000000 3.000000
0.62204099 -1.55317903 -0.93972301 207.000000 1.000000 2188.000000 3.000000
0.61154801 -1.55456901 -0.93819100 182.000000 1.000000 2092.000000 3.000000
0.60075003 -1.55508697 -0.93614799 230.000000 1.000000 1994.000000 3.000000
0.58935499 -1.55392504 -0.93308401 267.000000 2.000000 1955.000000 3.000000
0.57980901 -1.55751204 -0.93308401 233.000000 1.000000 1907.000000 3.000000
