1.07311594 -1.63538897 -1.04827201 219.000000 1.000000 3083.000000 0.000000
1.10468495 -1.70633602 -1.09145796 773.000000 5.000000 2778.000000 0.000000
1.08763599 -1.70279706 -1.08458805 907.000000 6.000000 2303.000000 0.000000
1.06788695 -1.69468904 -1.07477295 1070.000000 6.000000 2543.000000 0.000000
1.05930698 -1.70417094 -1.07673597 980.000000 6.000000 2395.000000 0.000000
1.11028194 -1.53346503 -1.07045996 670.000000 6.000000 3762.000000 0.000000
1.12041295 -1.56748295 -1.09037697 1004.000000 9.000000 3731.000000 0.000000
1.11176801 -1.57573104 -1.09139895 992.000000 9.000000 3331.000000 0.000000
1.10799396 -1.59097600 -1.09752703 1193.000000 11.000000 3376.000000 0.000000
1.09967697 -1.59986699 -1.09905899 1197.000000 11.000000 3551.000000 0.000000
1.10436702 -1.62789595 -1.11438000 758.000000 7.000000 3601.000000 0.000000
1.06063902 -1.69436896 -1.13327599 1046.000000 11.000000 2823.000000 0.000000
1.04478300 -1.69207799 -1.12714696 682.000000 7.000000 2471.000000 0.000000
1.01867199 -1.67279100 -1.10927296 1055.000000 10.000000 2794.000000 0.000000
1.00483406 -1.67312205 -1.10518706 984.000000 9.000000 2820.000000 0.000000
0.98487401 -1.66300297 -1.09395194 826.000000 7.000000 2673.000000 0.000000
0.95332402 -1.63268304 -1.06892800 1051.000000 10.000000 2713.000000 0.000000
0.93510503 -1.62436402 -1.05922496 1126.000000 10.000000 2804.000000 0.000000
0.92597300 -1.63156402 -1.06024599 1174.000000 11.000000 2687.000000 0.000000
0.91257203 -1.63122106 -1.05616105 1027.000000 9.000000 2505.000000 0.000000
0.90463102 -1.64054894 -1.05871403 1068.000000 10.000000 2425.000000 0.000000
0.91062701 -1.67549300 -1.07863104 694.000000 6.000000 2334.000000 0.000000
1.18749201 -1.59094298 -1.19827795 1214.000000 9.000000 3163.000000 0.000000
1.11055899 -1.50693798 -1.12673402 1435.000000 9.000000 3590.000000 0.000000
1.09020996 -1.57858098 -1.15609896 1150.000000 7.000000 3082.000000 0.000000
1.06405902 -1.66899598 -1.19454098 982.000000 7.000000 2094.000000 0.000000
1.04300594 -1.65830803 -1.18172705 1220.000000 9.000000 2555.000000 0.000000
1.02568805 -1.65317595 -1.17318404 1161.000000 7.000000 2088.000000 0.000000
0.99965501 -1.63346303 -1.15396297 1443.000000 9.000000 2117.000000 0.000000
1.10559905 -1.49459398 -1.17920196 1217.000000 12.000000 3616.000000 0.000000
1.11513603 -1.52686501 -1.20023096 1223.000000 12.000000 3025.000000 0.000000
1.07596302 -1.51198101 -1.17698896 897.000000 8.000000 3185.000000 0.000000
0.99551898 -1.55525100 -1.17090094 928.000000 8.000000 2932.000000 0.000000
1.02979195 -1.49425602 -1.22145998 1241.000000 8.000000 2903.000000 0.000000
1.01968598 -1.49919403 -1.22030795 1235.000000 8.000000 3025.000000 0.000000
0.99444902 -1.50136602 -1.21166801 1338.000000 9.000000 3218.000000 0.000000
-0.72321701 -1.76138794 -1.14702296 764.000000 4.000000 2943.000000 0.000000
-0.71474499 -1.71090102 -1.11552203 811.000000 5.000000 2603.000000 0.000000
-0.69209802 -1.62869000 -1.06213105 1117.000000 6.000000 2537.000000 0.000000
-0.70611203 -1.63372302 -1.06853795 1336.000000 8.000000 2476.000000 0.000000
-0.70767701 -1.59046495 -1.10062099 1014.000000 8.000000 2537.000000 0.000000
-0.60105300 -1.72443604 -1.22952402 1041.000000 6.000000 3448.000000 0.000000
-0.65659797 -1.71281695 -1.23528397 1017.000000 6.000000 2766.000000 0.000000
-0.67423999 -1.69627798 -1.22894800 802.000000 5.000000 2278.000000 0.000000
-0.67756999 -1.67468500 -1.21570003 792.000000 5.000000 2140.000000 0.000000
-0.66444403 -1.61382496 -1.17249894 996.000000 6.000000 2042.000000 0.000000
-0.67781502 -1.61800802 -1.17883503 1156.000000 7.000000 1762.000000 0.000000
-0.68548203 -1.60855603 -1.17480302 1062.000000 6.000000 1780.000000 0.000000
-0.69696802 -1.60806894 -1.17768300 1476.000000 10.000000 2039.000000 0.000000
-0.70715201 -1.60450995 -1.17825902 1539.000000 10.000000 2406.000000 0.000000
-0.72200698 -1.61132598 -1.18690002 1202.000000 8.000000 2355.000000 0.000000
-0.74206400 -1.62917495 -1.20418000 762.000000 4.000000 2128.000000 0.000000
-0.67711002 -1.62227702 -1.24328601 713.000000 6.000000 2050.000000 0.000000
-0.68330503 -1.60920501 -1.23614705 773.000000 7.000000 2034.000000 0.000000
-0.69031501 -1.59833300 -1.23079205 830.000000 7.000000 2113.000000 0.000000
-0.69850302 -1.59038305 -1.22781801 998.000000 9.000000 2147.000000 0.000000
-0.93901902 -1.67972004 -0.79426301 1893.000000 12.000000 3243.000000 0.000000
-0.94297498 -1.66278005 -0.78863800 2333.000000 16.000000 3134.000000 0.000000
-0.95636100 -1.66251600 -0.79145098 2432.000000 17.000000 3428.000000 0.000000
-0.96885401 -1.66057003 -0.79345900 1981.000000 13.000000 3179.000000 0.000000
-0.98509401 -1.66483498 -0.79868299 987.000000 6.000000 3714.000000 0.000000
-0.94114298 -1.66167402 -0.84061402 1744.000000 15.000000 2987.000000 0.000000
-0.95491898 -1.66216099 -0.84399700 2051.000000 22.000000 3391.000000 0.000000
-0.96737200 -1.66019106 -0.84611201 1795.000000 18.000000 3217.000000 0.000000
-0.98259300 -1.66281605 -0.85076398 1115.000000 10.000000 3041.000000 0.000000
-0.94468099 -1.66245198 -0.90287900 528.000000 3.000000 2061.000000 0.000000
-0.96157402 -1.66824698 -0.90957898 1297.000000 8.000000 2366.000000 0.000000
-0.97360098 -1.66540396 -0.91136599 1134.000000 7.000000 2731.000000 0.000000
-0.95022899 -1.66659796 -0.96213001 1473.000000 14.000000 3132.000000 0.000000
-0.95338398 -1.64847600 -0.95465100 1130.000000 10.000000 2831.000000 0.000000
-0.97684699 -1.66550100 -0.96867502 693.000000 6.000000 2978.000000 0.000000
-0.92878002 -1.67877305 -1.02716994 1831.000000 13.000000 2937.000000 0.000000
-0.93949002 -1.67380202 -1.02766097 1998.000000 14.000000 3199.000000 0.000000
-0.95017397 -1.66876304 -1.02815199 1894.000000 13.000000 3113.000000 0.000000
-0.95079702 -1.64630902 -1.01735497 1348.000000 9.000000 3150.000000 0.000000
-0.92430699 -1.68271399 -1.08629203 1127.000000 10.000000 3222.000000 0.000000
-0.93378103 -1.67550695 -1.08527005 1377.000000 13.000000 2805.000000 0.000000
-0.94488698 -1.67124403 -1.08629203 1364.000000 13.000000 2929.000000 0.000000
-0.95129001 -1.65869403 -1.08169603 1264.000000 12.000000 3024.000000 0.000000
-0.91169602 -1.64461100 -1.13207304 1303.000000 8.000000 3246.000000 0.000000
-0.93090099 -1.65519202 -1.14381897 1288.000000 8.000000 2793.000000 0.000000
-0.93600500 -1.64064002 -1.13741195 918.000000 5.000000 2652.000000 0.000000
-0.94563001 -1.63413405 -1.13687801 826.000000 5.000000 3664.000000 0.000000
-0.95992398 -1.63558996 -1.14221704 1004.000000 6.000000 3557.000000 0.000000
-0.98033398 -1.64709997 -1.15503097 1254.000000 8.000000 3817.000000 0.000000
-0.98588997 -1.61115599 -1.13741195 1138.000000 7.000000 3736.000000 0.000000
