2.90142488 1.83277297 1.05261803 277.000000 6.000000 14527.000000 3.000000
2.91017699 1.81341302 1.05176198 353.000000 7.000000 14078.000000 3.000000
2.94620800 1.91413200 0.98606300 953.000000 13.000000 10247.000000 3.000000
2.94652200 1.88873196 0.98238999 1574.000000 24.000000 9390.000000 3.000000
2.96213388 1.87319505 0.98370099 1034.000000 14.000000 10330.000000 3.000000
2.96538305 1.84987998 0.98107803 451.000000 6.000000 11898.000000 3.000000
2.76346493 0.94902903 0.82523698 79.000000 1.000000 13556.000000 3.000000
2.90130997 1.85205603 0.87768602 946.000000 18.000000 11102.000000 3.000000
2.89865994 1.82540500 0.87362802 973.000000 18.000000 10088.000000 3.000000
2.59448910 2.02662706 0.59279299 828.000000 11.000000 9462.000000 3.000000
2.67611599 1.96123195 0.59714699 1450.000000 20.000000 9138.000000 3.000000
2.69049597 1.94650805 0.59764999 1462.000000 20.000000 9067.000000 3.000000
2.71720004 1.97104895 0.52161199 987.000000 18.000000 9610.000000 3.000000
2.74049807 1.96241903 0.52362400 1044.000000 19.000000 9040.000000 3.000000
2.80005598 1.95359695 0.52994502 999.000000 18.000000 9480.000000 3.000000
2.96103096 2.03926206 0.55623603 1068.000000 20.000000 9481.000000 3.000000
2.95385909 2.00768209 0.55278802 1375.000000 27.000000 9621.000000 3.000000
2.96776509 1.99062395 0.55307502 1444.000000 29.000000 9605.000000 3.000000
2.89086199 1.91328895 0.53755897 1395.000000 28.000000 9314.000000 3.000000
2.82223296 1.84293699 0.52362400 1567.000000 31.000000 9122.000000 3.000000
2.85842705 1.84169400 0.52793300 1272.000000 24.000000 9277.000000 3.000000
2.91463804 2.00295210 0.46164000 1352.000000 19.000000 8244.000000 3.000000
2.93858290 1.94076097 0.45984301 1085.000000 15.000000 7844.000000 3.000000
2.91299701 1.89831603 0.45445201 1376.000000 20.000000 8111.000000 3.000000
2.90704894 1.86913800 0.45193699 1596.000000 24.000000 8393.000000 3.000000
2.91846299 1.85126495 0.45193699 1463.000000 21.000000 8384.000000 3.000000
2.94407797 1.84227002 0.45397300 1592.000000 24.000000 8305.000000 3.000000
2.99166203 1.84658003 0.45912400 1517.000000 22.000000 8073.000000 3.000000
2.96646404 1.80600297 0.45397300 1817.000000 28.000000 8266.000000 3.000000
2.87227893 1.56229198 0.35101500 610.000000 11.000000 9339.000000 3.000000
2.68628311 1.41837704 0.32864299 510.000000 8.000000 9102.000000 3.000000
2.74876595 1.42995596 0.33450001 751.000000 12.000000 9542.000000 3.000000
2.71322393 1.39031100 0.32969901 1013.000000 16.000000 9133.000000 3.000000
2.93825102 1.15794301 0.34026101 876.000000 15.000000 9348.000000 3.000000
2.90447593 1.12403500 0.33603600 967.000000 16.000000 8921.000000 3.000000
2.86481595 1.08845699 0.33123499 746.000000 12.000000 9026.000000 3.000000
2.86864400 1.06981206 0.33094701 858.000000 14.000000 9148.000000 3.000000
2.86674595 1.04910004 0.33008301 902.000000 14.000000 9125.000000 3.000000
2.89027309 0.99778497 0.33056301 438.000000 7.000000 9319.000000 3.000000
2.83329105 2.33043694 0.29985899 1019.000000 14.000000 8403.000000 3.000000
2.84985995 2.31489396 0.30007401 1204.000000 17.000000 8463.000000 3.000000
2.87391210 2.24791789 0.29842600 574.000000 8.000000 8336.000000 3.000000
2.95161009 2.27960300 0.30423099 1404.000000 21.000000 8706.000000 3.000000
2.97188902 2.26628590 0.30480501 1378.000000 20.000000 8462.000000 3.000000
2.88245201 1.61391497 0.27362800 1695.000000 24.000000 8201.000000 3.000000
2.77875090 1.53359103 0.26431000 1495.000000 19.000000 8624.000000 3.000000
2.77660894 1.44469500 0.26115701 1073.000000 13.000000 7765.000000 3.000000
2.79518700 1.43263102 0.26194501 1635.000000 22.000000 8172.000000 3.000000
2.89565706 1.46171200 0.26932701 1371.000000 17.000000 8734.000000 3.000000
2.98197603 1.30404902 0.27011600 1015.000000 13.000000 8028.000000 3.000000
2.97159195 1.27785397 0.26868200 1722.000000 23.000000 8028.000000 3.000000
2.96651292 1.25416398 0.26767901 1482.000000 19.000000 7992.000000 3.000000
2.94283104 1.22293794 0.26524201 1253.000000 15.000000 7942.000000 3.000000
2.96136189 1.20937800 0.26610199 1213.000000 15.000000 7542.000000 3.000000
2.98724389 1.19860601 0.26753601 1040.000000 12.000000 7794.000000 3.000000
2.97226810 1.17148602 0.26581499 1189.000000 15.000000 7847.000000 3.000000
2.98126101 1.15394497 0.26595899 1544.000000 20.000000 7818.000000 3.000000
2.91019106 1.06531203 0.25893500 1511.000000 19.000000 8235.000000 3.000000
2.92418289 1.05012906 0.25950801 1370.000000 17.000000 9341.000000 3.000000
2.95755911 2.55637789 0.22468001 705.000000 12.000000 8610.000000 3.000000
2.94216394 2.48057103 0.22175400 583.000000 10.000000 8873.000000 3.000000
2.93662095 2.44519401 0.22045800 444.000000 8.000000 8393.000000 3.000000
2.87188792 2.33205700 0.21460500 1045.000000 19.000000 8122.000000 3.000000
2.90171504 2.32690501 0.21556500 1385.000000 26.000000 8138.000000 3.000000
2.93236899 2.32209611 0.21657200 1245.000000 23.000000 8363.000000 3.000000
2.93948603 2.29851389 0.21614000 1561.000000 31.000000 7968.000000 3.000000
2.93378401 2.26515293 0.21494099 1372.000000 26.000000 8324.000000 3.000000
2.97302699 2.26651406 0.21647599 471.000000 8.000000 8626.000000 3.000000
2.99405503 2.25364304 0.21690799 1061.000000 19.000000 8357.000000 3.000000
2.99975705 2.20075607 0.21561299 857.000000 15.000000 8270.000000 3.000000
2.96523190 1.80567598 0.20366600 1047.000000 19.000000 8027.000000 3.000000
2.86501288 1.72046995 0.19742900 1261.000000 23.000000 8050.000000 3.000000
2.89784598 1.71611702 0.19867601 1157.000000 21.000000 8556.000000 3.000000
2.94797206 1.72151899 0.20088300 1165.000000 21.000000 8161.000000 3.000000
2.97145510 1.71088898 0.20160300 1251.000000 23.000000 7954.000000 3.000000
2.96713996 1.68422496 0.20078699 1278.000000 23.000000 8297.000000 3.000000
2.73960304 1.53256595 0.18768901 1131.000000 19.000000 8121.000000 3.000000
2.73671699 1.50896001 0.18701801 1076.000000 18.000000 7837.000000 3.000000
2.75469494 1.49691904 0.18749700 1032.000000 17.000000 7945.000000 3.000000
2.75590801 1.47573495 0.18706600 1215.000000 20.000000 8064.000000 3.000000
2.77815390 1.46580505 0.18778500 1142.000000 19.000000 7974.000000 3.000000
2.81455302 1.46304595 0.18927300 1032.000000 17.000000 7991.000000 3.000000
2.84213591 1.45533204 0.19028001 930.000000 15.000000 7927.000000 3.000000
2.94480896 1.74505198 0.11822500 1130.000000 15.000000 6975.000000 3.000000
2.88293910 1.68461001 0.11624600 912.000000 11.000000 6677.000000 3.000000
2.77971792 1.60155499 0.11315900 1447.000000 18.000000 7376.000000 3.000000
2.78601503 1.58249605 0.11306500 1339.000000 17.000000 7297.000000 3.000000
2.83929706 1.58977401 0.11424300 1135.000000 14.000000 6605.000000 3.000000
2.84374499 1.56942594 0.11410200 854.000000 10.000000 6618.000000 3.000000
2.84014511 1.54478800 0.11374800 1177.000000 14.000000 7356.000000 3.000000
2.92509294 1.78117204 0.03819500 1068.000000 20.000000 6818.000000 3.000000
2.60270905 1.56254101 0.03819500 1159.000000 20.000000 7297.000000 3.000000
2.61740708 1.54960501 0.03819500 1421.000000 25.000000 7501.000000 3.000000
2.65189195 1.54816794 0.03819500 1087.000000 19.000000 7170.000000 3.000000
2.65354705 1.52736700 0.03819500 1421.000000 25.000000 7713.000000 3.000000
2.71849108 1.54271305 0.03819500 1134.000000 20.000000 7090.000000 3.000000
2.76889610 1.54900002 0.03819500 1022.000000 18.000000 7360.000000 3.000000
2.93411803 1.61811996 0.03819500 730.000000 13.000000 6958.000000 3.000000
2.72022891 1.41386902 0.03819500 946.000000 16.000000 7453.000000 3.000000
2.71995807 1.39258301 0.03819500 926.000000 15.000000 7516.000000 3.000000
2.73915911 1.38128400 0.03819500 786.000000 13.000000 7147.000000 3.000000
2.80707788 1.37266898 0.03819500 572.000000 9.000000 7433.000000 3.000000
2.82084990 1.35802901 0.03819500 1137.000000 20.000000 7590.000000 3.000000
2.69546604 1.27715099 0.03819500 846.000000 14.000000 7672.000000 3.000000
2.98411989 1.84406996 -0.04687500 985.000000 13.000000 6539.000000 3.000000
2.70102501 1.60134602 -0.03788400 1140.000000 14.000000 6334.000000 3.000000
2.70907307 1.58373404 -0.03783500 1000.000000 12.000000 6297.000000 3.000000
2.66242909 1.53465497 -0.03624700 951.000000 11.000000 6542.000000 3.000000
2.71874094 1.54494202 -0.03756600 1173.000000 14.000000 6747.000000 3.000000
2.73340392 1.53116000 -0.03771300 1256.000000 15.000000 6369.000000 3.000000
2.83641195 1.56602299 -0.04032700 1463.000000 18.000000 6375.000000 3.000000
2.81522608 1.53187895 -0.03947200 785.000000 9.000000 6157.000000 3.000000
2.88862801 1.52614903 -0.04098700 1380.000000 19.000000 6224.000000 3.000000
2.90059805 1.50977898 -0.04106000 1413.000000 19.000000 6114.000000 3.000000
2.91888690 1.77807701 -0.12468500 657.000000 11.000000 6215.000000 3.000000
2.93658710 1.76425600 -0.12506901 1089.000000 20.000000 5507.000000 3.000000
2.83686996 1.54234195 -0.11561700 937.000000 16.000000 6989.000000 3.000000
2.86475801 1.53483403 -0.11662500 1017.000000 17.000000 7030.000000 3.000000
2.88643909 2.20196199 -0.22389100 1067.000000 14.000000 6681.000000 3.000000
2.77478504 2.09004688 -0.21250100 1618.000000 24.000000 7018.000000 3.000000
2.99650002 2.22824097 -0.23143500 766.000000 10.000000 7155.000000 3.000000
2.98761392 2.71817303 -0.34884799 1481.000000 29.000000 7279.000000 3.000000
2.66703105 2.11529398 -0.28758800 1264.000000 24.000000 7753.000000 3.000000
2.66273499 2.08536792 -0.28547600 1075.000000 19.000000 7493.000000 3.000000
2.83328795 2.13622189 -0.30151099 923.000000 17.000000 6796.000000 3.000000
2.82240796 2.10093999 -0.29863000 1002.000000 18.000000 6922.000000 3.000000
2.87691998 2.11427903 -0.30362299 1113.000000 21.000000 6707.000000 3.000000
2.99489188 2.03263903 -0.39844701 1090.000000 15.000000 5681.000000 3.000000
2.99393106 1.97877502 -0.39470699 860.000000 11.000000 5203.000000 3.000000
2.96139598 2.73150301 -0.54277098 751.000000 13.000000 7300.000000 3.000000
2.97736907 2.71261406 -0.54262698 1168.000000 22.000000 7463.000000 3.000000
2.99763298 2.69760799 -0.54334599 1186.000000 22.000000 7474.000000 3.000000
2.81562901 2.35169101 -0.49047700 813.000000 15.000000 7048.000000 3.000000
2.83305693 2.33689308 -0.49105099 888.000000 16.000000 7024.000000 3.000000
2.87723994 2.34387302 -0.49665400 834.000000 15.000000 6743.000000 3.000000
2.78296900 2.18286991 -0.47136900 1015.000000 19.000000 7093.000000 3.000000
2.82288909 2.18638492 -0.47625399 948.000000 17.000000 7076.000000 3.000000
2.83939290 2.17143106 -0.47682899 1291.000000 25.000000 7134.000000 3.000000
2.85503101 2.15576005 -0.47725999 1474.000000 29.000000 6945.000000 3.000000
2.83570099 2.11391497 -0.47136900 981.000000 18.000000 6668.000000 3.000000
2.88843799 2.12584901 -0.47855300 1205.000000 23.000000 6548.000000 3.000000
2.87902808 2.09177399 -0.47453001 974.000000 18.000000 6591.000000 3.000000
2.77766705 2.78364491 -0.62865901 1095.000000 16.000000 6748.000000 3.000000
2.79889894 2.77070904 -0.62966901 660.000000 9.000000 5690.000000 3.000000
2.95359707 2.78363895 -0.65020299 861.000000 12.000000 6247.000000 3.000000
2.96484804 2.76009202 -0.64885700 1047.000000 15.000000 5911.000000 3.000000
2.93527508 2.69916105 -0.63808399 1485.000000 23.000000 6086.000000 3.000000
2.95105195 2.68043709 -0.63791603 1416.000000 22.000000 5722.000000 3.000000
2.71319103 2.31673002 -0.56638098 1139.000000 16.000000 6295.000000 3.000000
2.71378708 2.28860497 -0.56335199 1545.000000 23.000000 5940.000000 3.000000
2.71717191 2.26308298 -0.56099498 619.000000 8.000000 5594.000000 3.000000
2.72101307 2.21030998 -0.55577701 1376.000000 20.000000 6283.000000 3.000000
2.75605989 2.21083498 -0.56049001 971.000000 13.000000 5843.000000 3.000000
2.83063293 2.24221301 -0.57378697 1269.000000 18.000000 5897.000000 3.000000
2.89870310 2.26729488 -0.58556998 888.000000 12.000000 5508.000000 3.000000
2.93394208 1.96512401 -0.56015402 1048.000000 14.000000 5944.000000 3.000000
2.68040705 2.73300600 -0.70344001 1317.000000 25.000000 7111.000000 3.000000
2.67294788 2.69210505 -0.69673800 1072.000000 20.000000 6843.000000 3.000000
2.77004600 2.75603700 -0.71895099 542.000000 9.000000 6531.000000 3.000000
2.77501512 2.72728109 -0.71569598 968.000000 18.000000 6547.000000 3.000000
2.74807906 2.66777110 -0.70382297 494.000000 8.000000 6487.000000 3.000000
2.88810301 2.73587704 -0.73273897 481.000000 8.000000 5995.000000 3.000000
2.88478708 2.69930696 -0.72737700 875.000000 16.000000 5929.000000 3.000000
2.92805004 2.33108711 -0.68677998 1118.000000 21.000000 5793.000000 3.000000
2.75164008 2.79065108 -0.82179099 1035.000000 15.000000 5739.000000 3.000000
2.70236111 2.57760191 -0.78101301 438.000000 6.000000 5821.000000 3.000000
2.67831397 2.52348900 -0.76893097 657.000000 9.000000 5946.000000 3.000000
2.70232701 2.51498699 -0.77152002 527.000000 7.000000 5653.000000 3.000000
2.81751299 2.31665111 -0.76181102 1672.000000 26.000000 5934.000000 3.000000
2.79467511 2.24099302 -0.74735498 1004.000000 14.000000 5724.000000 3.000000
2.84053397 2.24924994 -0.75641698 1539.000000 23.000000 6092.000000 3.000000
2.83427596 2.21614790 -0.75080699 1271.000000 18.000000 6047.000000 3.000000
2.71118093 2.57509398 -0.87433898 1172.000000 22.000000 7198.000000 3.000000
2.72410011 2.55574989 -0.87338400 924.000000 17.000000 7141.000000 3.000000
2.74115396 2.54030800 -0.87386101 1036.000000 19.000000 7272.000000 3.000000
2.94059896 2.69215012 -0.93520802 1026.000000 19.000000 7365.000000 3.000000
2.78291512 2.51625991 -0.87744200 950.000000 17.000000 7385.000000 3.000000
2.86014891 2.52308297 -0.89271897 956.000000 18.000000 7540.000000 3.000000
2.89501691 2.46056390 -0.88913798 734.000000 13.000000 6994.000000 3.000000
2.92120695 2.45213103 -0.89271897 708.000000 13.000000 6927.000000 3.000000
2.83162498 2.34728408 -0.85930002 892.000000 16.000000 6656.000000 3.000000
2.86549306 2.34588003 -0.86550701 1163.000000 22.000000 6706.000000 3.000000
2.81570005 2.27628899 -0.84521699 1093.000000 21.000000 7173.000000 3.000000
2.78411889 2.22256804 -0.83089501 1160.000000 22.000000 6797.000000 3.000000
2.79846597 2.20604491 -0.83113301 1342.000000 26.000000 6762.000000 3.000000
2.82573104 2.19958496 -0.83543003 823.000000 15.000000 6382.000000 3.000000
2.84400797 2.15827608 -0.83280402 777.000000 14.000000 6891.000000 3.000000
2.84011507 2.12795591 -0.82755297 1054.000000 20.000000 7083.000000 3.000000
2.87027907 2.12321305 -0.83280402 995.000000 18.000000 6925.000000 3.000000
2.97415090 2.17209697 -0.86049402 1074.000000 20.000000 6609.000000 3.000000
2.68424511 2.59106708 -0.97155100 829.000000 12.000000 6227.000000 3.000000
2.70009303 2.57454801 -0.97155100 839.000000 12.000000 6035.000000 3.000000
2.64245200 2.45844889 -0.93840897 471.000000 6.000000 5946.000000 3.000000
2.72601795 2.47445107 -0.95813698 1307.000000 19.000000 5906.000000 3.000000
2.83939505 2.36313796 -0.96155602 887.000000 12.000000 5779.000000 3.000000
2.88217306 2.36894107 -0.97155100 971.000000 14.000000 5579.000000 3.000000
2.90489602 2.35789704 -0.97444499 949.000000 13.000000 5651.000000 3.000000
2.77924991 2.22784209 -0.92552102 1218.000000 18.000000 5975.000000 3.000000
2.76259899 2.18680596 -0.91500002 1680.000000 26.000000 5793.000000 3.000000
2.77444410 2.16862607 -0.91447401 1539.000000 23.000000 5821.000000 3.000000
2.77957296 2.06480789 -0.89842898 1426.000000 21.000000 6201.000000 3.000000
2.80075002 2.05398703 -0.90132201 1150.000000 16.000000 5993.000000 3.000000
2.94194794 2.10244203 -0.94025099 1057.000000 15.000000 5541.000000 3.000000
2.95006108 2.08101606 -0.93867201 1413.000000 21.000000 5460.000000 3.000000
2.97544599 2.07169199 -0.94288099 1388.000000 20.000000 5350.000000 3.000000
2.97299004 2.04301906 -0.93788302 1379.000000 20.000000 5373.000000 3.000000
2.98561811 2.91600704 -1.19794500 473.000000 8.000000 7028.000000 3.000000
2.56750798 2.41606402 -1.00481999 657.000000 12.000000 7008.000000 3.000000
2.72514606 2.44131804 -1.04453099 625.000000 11.000000 6962.000000 3.000000
2.68929911 2.35023189 -1.01853299 820.000000 15.000000 7088.000000 3.000000
2.78484106 2.40390992 -1.05052996 472.000000 8.000000 6774.000000 3.000000
2.89035201 2.37382007 -1.06881404 709.000000 13.000000 6861.000000 3.000000
2.95394301 2.39593601 -1.08766997 1048.000000 19.000000 6618.000000 3.000000
2.68958306 2.02146292 -0.95682502 894.000000 16.000000 6942.000000 3.000000
2.73730493 2.03123307 -0.96996599 1501.000000 30.000000 7246.000000 3.000000
2.75898600 2.02120590 -0.97339398 1514.000000 31.000000 6925.000000 3.000000
2.78064609 2.01098895 -0.97682297 826.000000 15.000000 6293.000000 3.000000
2.80462289 2.00225496 -0.98110801 1296.000000 25.000000 6735.000000 3.000000
2.75267291 1.93966806 -0.95768201 1069.000000 20.000000 6941.000000 3.000000
2.75666189 1.91726005 -0.95482498 1071.000000 20.000000 6421.000000 3.000000
2.97296691 1.47452199 -0.94311100 1026.000000 19.000000 7209.000000 3.000000
2.99831009 1.46426201 -0.94853997 1069.000000 20.000000 6652.000000 3.000000
2.82915807 2.12483406 -1.10603297 1613.000000 25.000000 5728.000000 3.000000
2.82686305 2.09611392 -1.09983599 1514.000000 23.000000 5642.000000 3.000000
2.95827889 1.84758699 -1.08961201 1028.000000 14.000000 5043.000000 3.000000
2.96540189 0.53946400 -1.01319897 691.000000 11.000000 7035.000000 3.000000
2.89341998 0.50794399 -0.98630798 807.000000 13.000000 7107.000000 3.000000
-1.87062597 -3.84291506 0.34336400 1591.000000 26.000000 7272.000000 3.000000
-1.89726698 -3.83762193 0.34386599 1126.000000 17.000000 7028.000000 3.000000
-1.89718795 -3.95965505 0.24780600 1616.000000 31.000000 7008.000000 3.000000
-1.91577601 -3.93625808 0.24718200 1407.000000 26.000000 7167.000000 3.000000
-1.95182204 -3.94861603 0.24847800 1788.000000 35.000000 6804.000000 3.000000
-1.98406506 -3.95264101 0.24934100 1481.000000 27.000000 6694.000000 3.000000
-1.99967802 -3.92347693 0.24843000 1684.000000 33.000000 6609.000000 3.000000
-1.93444896 -3.97392607 0.14171401 1414.000000 22.000000 6005.000000 3.000000
-1.99922705 -3.98204708 0.14256200 1133.000000 17.000000 5778.000000 3.000000
-1.97955596 -3.88332295 0.14027700 1143.000000 17.000000 6366.000000 3.000000
-1.99093294 -3.84713507 0.13964100 1020.000000 15.000000 5763.000000 3.000000
-1.90288103 -3.91142893 -0.16944900 1222.000000 22.000000 5477.000000 3.000000
-1.75133395 -3.89730501 -0.47783899 515.000000 7.000000 4405.000000 3.000000
1.45183802 -3.91881108 -0.98247099 1152.000000 21.000000 6270.000000 3.000000
1.42776597 -3.92764497 -0.98247099 1078.000000 19.000000 6386.000000 3.000000
1.68262899 -1.24664903 0.23761600 729.000000 5.000000 7197.000000 3.000000
1.68690705 -1.26589000 0.23905700 337.000000 3.000000 8243.000000 3.000000
1.73051000 -1.21524096 0.18819501 414.000000 2.000000 5846.000000 3.000000
1.68653798 -1.24725294 0.18697700 2494.000000 18.000000 5723.000000 3.000000
1.70997298 -1.28091896 0.18977199 216.000000 1.000000 5099.000000 3.000000
1.65907097 -1.23014700 0.13611300 2674.000000 27.000000 6221.000000 3.000000
1.67788506 -1.26004899 0.13769600 1296.000000 10.000000 5487.000000 3.000000
1.78838301 -1.32266998 0.08997700 5351.000000 119.000000 5758.000000 3.000000
1.66266894 -1.24543905 0.08651300 1265.000000 7.000000 4921.000000 3.000000
1.76485300 -1.33907402 0.08976500 365.000000 2.000000 5272.000000 3.000000
1.76056504 -1.35292602 0.08988200 1431.000000 9.000000 6808.000000 3.000000
1.74197900 -1.35571504 0.08957600 2117.000000 15.000000 7431.000000 3.000000
1.73205805 -1.36513901 0.08952900 2534.000000 20.000000 7375.000000 3.000000
1.72052503 -1.37324500 0.08943500 2820.000000 24.000000 7483.000000 3.000000
1.71206701 -1.38377595 0.08943500 2864.000000 24.000000 7281.000000 3.000000
1.70354402 -1.39425504 0.08943500 2967.000000 26.000000 7499.000000 3.000000
1.69495702 -1.40468097 0.08943500 2855.000000 24.000000 7670.000000 3.000000
1.69242895 -1.42019999 0.08962300 2688.000000 22.000000 7659.000000 3.000000
1.68596804 -1.43250096 0.08969400 2387.000000 18.000000 7893.000000 3.000000
1.68699396 -1.45130002 0.09000000 1791.000000 12.000000 7356.000000 3.000000
1.69086599 -1.47279406 0.09040100 554.000000 3.000000 6576.000000 3.000000
1.63119900 -1.20956194 0.03819500 3514.000000 46.000000 5739.000000 3.000000
1.64136302 -1.23272598 0.03819500 2577.000000 25.000000 4961.000000 3.000000
1.69992197 -1.29289997 0.03819500 224.000000 2.000000 5579.000000 3.000000
1.74177206 -1.42863703 0.03819500 2902.000000 37.000000 5144.000000 3.000000
1.72372901 -1.43164599 0.03819500 264.000000 2.000000 5360.000000 3.000000
1.79088402 -1.29034305 -0.01508900 575.000000 3.000000 3972.000000 3.000000
1.74903297 -1.27653396 -0.01406300 683.000000 3.000000 2498.000000 3.000000
1.70500898 -1.26047695 -0.01296300 4632.000000 85.000000 4132.000000 3.000000
1.69084406 -1.26611698 -0.01276800 909.000000 5.000000 2837.000000 3.000000
1.67985904 -1.27405000 -0.01267000 785.000000 4.000000 1668.000000 3.000000
1.69578302 -1.30261695 -0.01340300 235.000000 1.000000 1524.000000 3.000000
1.68775797 -1.31299806 -0.01340300 237.000000 1.000000 1456.000000 3.000000
1.70321703 -1.34190404 -0.01413600 163.000000 1.000000 1518.000000 3.000000
1.67151904 -1.33361006 -0.01340300 771.000000 4.000000 1619.000000 3.000000
1.66874504 -1.34824300 -0.01357400 1234.000000 7.000000 1939.000000 3.000000
1.69601500 -1.38759696 -0.01469800 193.000000 1.000000 1459.000000 3.000000
1.68823898 -1.39861596 -0.01472200 128.000000 1.000000 1468.000000 3.000000
1.67809403 -1.40766299 -0.01467300 119.000000 1.000000 1472.000000 3.000000
1.65571702 -1.40627599 -0.01423400 496.000000 2.000000 1491.000000 3.000000
1.65463305 -1.42293096 -0.01447800 93.000000 1.000000 2813.000000 3.000000
1.76776397 -1.30995297 -0.06620000 119.000000 1.000000 2063.000000 3.000000
1.75889301 -1.32017696 -0.06615200 150.000000 1.000000 2028.000000 3.000000
1.76588798 -1.34240305 -0.06706300 55.000000 1.000000 2918.000000 3.000000
1.75007105 -1.36458504 -0.06711100 73.000000 1.000000 1858.000000 3.000000
1.73774004 -1.37220895 -0.06687200 72.000000 1.000000 1705.000000 3.000000
1.72850597 -1.38222396 -0.06682400 49.000000 1.000000 2541.000000 3.000000
1.72077000 -1.39343095 -0.06687200 126.000000 1.000000 2992.000000 3.000000
1.77318299 -1.29418194 -0.11950300 116.000000 1.000000 2270.000000 3.000000
1.76520896 -1.30503798 -0.11950300 108.000000 1.000000 4233.000000 3.000000
1.80584502 -1.35234106 -0.12392800 293.000000 1.000000 1811.000000 3.000000
1.76812398 -1.34107804 -0.12124400 391.000000 2.000000 1567.000000 3.000000
1.74642205 -1.34156501 -0.12001100 189.000000 1.000000 1557.000000 3.000000
1.76176202 -1.37064195 -0.12218700 144.000000 1.000000 2901.000000 3.000000
1.65133500 -1.36800599 -0.11580300 62.000000 1.000000 1599.000000 3.000000
1.64367402 -1.37875402 -0.11587600 62.000000 1.000000 2282.000000 3.000000
1.78101695 -1.31783795 -0.17294100 138.000000 1.000000 1925.000000 3.000000
1.77369499 -1.32933700 -0.17303699 50.000000 1.000000 2647.000000 3.000000
1.75200903 -1.32998705 -0.17140400 174.000000 1.000000 2165.000000 3.000000
1.74776602 -1.34373903 -0.17188400 231.000000 1.000000 2052.000000 3.000000
1.73162401 -1.34833705 -0.17092399 158.000000 1.000000 2074.000000 3.000000
1.71314299 -1.35094202 -0.16967601 50.000000 1.000000 2500.000000 3.000000
1.84989500 -1.29918897 -0.23326799 70.000000 1.000000 1540.000000 3.000000
1.81844103 -1.29381204 -0.22976901 148.000000 1.000000 2723.000000 3.000000
1.81449294 -1.30785000 -0.23037300 2616.000000 20.000000 2877.000000 3.000000
1.79681802 -1.31192899 -0.22892500 945.000000 5.000000 2965.000000 3.000000
1.80548704 -1.33533502 -0.23145901 138.000000 1.000000 1988.000000 3.000000
1.78852403 -1.33983600 -0.23013100 177.000000 1.000000 2083.000000 3.000000
1.76445997 -1.33877504 -0.22771800 2867.000000 24.000000 3175.000000 3.000000
1.74834502 -1.34352303 -0.22651200 2004.000000 14.000000 3397.000000 3.000000
1.74241698 -1.35605597 -0.22687399 2829.000000 23.000000 3955.000000 3.000000
1.72471297 -1.35934198 -0.22542600 1994.000000 14.000000 3658.000000 3.000000
1.72642100 -1.37795603 -0.22699399 180.000000 1.000000 4149.000000 3.000000
1.85442996 -1.30095100 -0.28675899 61.000000 1.000000 1948.000000 3.000000
1.81976104 -1.29343200 -0.28201801 2048.000000 21.000000 3473.000000 3.000000
1.81259406 -1.30515003 -0.28216201 936.000000 8.000000 4108.000000 3.000000
1.78159797 -1.35043299 -0.28244901 722.000000 6.000000 2594.000000 3.000000
1.74969697 -1.34330201 -0.27813900 2545.000000 30.000000 3317.000000 3.000000
1.75706804 -1.36613405 -0.28101301 448.000000 3.000000 3549.000000 3.000000
1.69492996 -1.33474004 -0.27110001 1745.000000 17.000000 4655.000000 3.000000
1.68670797 -1.34511495 -0.27110001 1715.000000 17.000000 4469.000000 3.000000
1.72314298 -1.39142001 -0.27943200 376.000000 3.000000 4706.000000 3.000000
1.83524704 -1.27213895 -0.33848000 2258.000000 16.000000 3444.000000 3.000000
1.83224499 -1.28677797 -0.33949000 1511.000000 9.000000 2772.000000 3.000000
1.87328804 -1.33288395 -0.34975699 111.000000 1.000000 2829.000000 3.000000
1.76715696 -1.34082401 -0.33595499 2207.000000 16.000000 3577.000000 3.000000
1.75889695 -1.35164201 -0.33595499 2150.000000 15.000000 3511.000000 3.000000
1.70271301 -1.34198201 -0.32737100 1133.000000 7.000000 4696.000000 3.000000
1.69213605 -1.35055804 -0.32686600 2808.000000 23.000000 3931.000000 3.000000
1.69224703 -1.36773705 -0.32871699 1034.000000 6.000000 3686.000000 3.000000
1.82550597 -1.24486399 -0.38766599 929.000000 8.000000 5114.000000 3.000000
1.84208798 -1.27273595 -0.39341101 1447.000000 13.000000 3783.000000 3.000000
1.81975198 -1.27390897 -0.38996401 164.000000 1.000000 6160.000000 3.000000
1.76805604 -1.35444403 -0.39111301 2058.000000 22.000000 4147.000000 3.000000
1.75660598 -1.36286604 -0.39034700 1010.000000 9.000000 4417.000000 3.000000
1.66693294 -1.34335399 -0.37426099 2312.000000 26.000000 4642.000000 3.000000
1.66551304 -1.35912895 -0.37598500 1319.000000 12.000000 4420.000000 3.000000
1.74958801 -1.44542694 -0.39934701 153.000000 1.000000 5349.000000 3.000000
1.85384798 -1.23559999 -0.44809800 1143.000000 7.000000 4280.000000 3.000000
1.85755599 -1.25460994 -0.45111901 1865.000000 12.000000 3448.000000 3.000000
1.77225900 -1.34518194 -0.44745100 1504.000000 9.000000 3939.000000 3.000000
1.76397204 -1.35603094 -0.44745100 2339.000000 17.000000 3454.000000 3.000000
1.77949202 -1.38543797 -0.45414001 175.000000 1.000000 5312.000000 3.000000
1.64364302 -1.32887304 -0.42285499 2804.000000 23.000000 4080.000000 3.000000
1.64225399 -1.34450495 -0.42479700 1869.000000 12.000000 3788.000000 3.000000
1.75644302 -1.45621002 -0.45996499 421.000000 2.000000 4720.000000 3.000000
1.86111605 -1.23221898 -0.50387198 1614.000000 16.000000 4041.000000 3.000000
1.87208998 -1.25602603 -0.50936198 529.000000 5.000000 5945.000000 3.000000
1.79000103 -1.36728406 -0.50888401 159.000000 1.000000 2140.000000 3.000000
1.78311598 -1.37942696 -0.50936198 191.000000 1.000000 1893.000000 3.000000
1.75701201 -1.37659895 -0.50387198 63.000000 1.000000 3477.000000 3.000000
1.66801000 -1.35733700 -0.48382100 771.000000 6.000000 4574.000000 3.000000
1.61836803 -1.33365798 -0.47069201 2318.000000 26.000000 4730.000000 3.000000
1.63479900 -1.36404800 -0.47856900 834.000000 7.000000 3618.000000 3.000000
1.70515299 -1.44033694 -0.50387198 84.000000 1.000000 3537.000000 3.000000
1.88626504 -1.22452199 -0.56753498 807.000000 5.000000 2479.000000 3.000000
1.76893401 -1.36033595 -0.56280100 1141.000000 8.000000 2977.000000 3.000000
1.64729404 -1.33229899 -0.53202599 556.000000 3.000000 3815.000000 3.000000
1.62193000 -1.32831097 -0.52597600 1327.000000 8.000000 3591.000000 3.000000
1.60484195 -1.33084202 -0.52282000 2636.000000 21.000000 3495.000000 3.000000
1.61436903 -1.35556495 -0.52913302 772.000000 4.000000 3010.000000 3.000000
2.36923099 -1.40043795 -0.77427000 69.000000 1.000000 2941.000000 3.000000
1.90862298 -1.20952594 -0.62742603 755.000000 7.000000 5265.000000 3.000000
1.90520203 -1.22379696 -0.62885398 617.000000 6.000000 5136.000000 3.000000
1.58605301 -1.33589399 -0.57200199 2168.000000 24.000000 4902.000000 3.000000
1.65889704 -1.41446900 -0.60371399 559.000000 4.000000 4368.000000 3.000000
1.91639698 -1.19682896 -0.68928897 1364.000000 10.000000 3892.000000 3.000000
2.20544505 -1.45404601 -0.81384802 133.000000 1.000000 2083.000000 3.000000
2.19411111 -1.46596503 -0.81291801 150.000000 1.000000 3225.000000 3.000000
1.57046700 -1.32096303 -0.62174302 1927.000000 13.000000 4494.000000 3.000000
1.57535398 -1.34168005 -0.62731999 1596.000000 10.000000 4015.000000 3.000000
1.82112706 -1.57066500 -0.73669600 425.000000 3.000000 4393.000000 3.000000
1.93589997 -1.18868101 -0.75191802 959.000000 10.000000 4306.000000 3.000000
1.97260702 -1.45779002 -0.81566101 85.000000 1.000000 2685.000000 3.000000
1.55944204 -1.32489705 -0.67257100 674.000000 6.000000 5404.000000 3.000000
1.56059599 -1.34241903 -0.67688698 1852.000000 19.000000 4560.000000 3.000000
1.69056296 -1.47188199 -0.74129403 454.000000 4.000000 4009.000000 3.000000
1.96751499 -1.17946196 -0.82562798 1073.000000 7.000000 4003.000000 3.000000
1.66722202 -1.38555300 -0.77755600 83.000000 1.000000 1793.000000 3.000000
1.53253102 -1.32193899 -0.72271901 2388.000000 18.000000 4190.000000 3.000000
1.53916299 -1.34423602 -0.73019701 932.000000 5.000000 3071.000000 3.000000
1.69529796 -1.49922705 -0.81387699 337.000000 2.000000 3315.000000 3.000000
1.99975002 -1.17116702 -0.89613998 836.000000 10.000000 4085.000000 3.000000
1.51914704 -1.33315098 -0.77528203 1759.000000 18.000000 4353.000000 3.000000
1.65864301 -1.47314095 -0.85572797 570.000000 5.000000 3889.000000 3.000000
1.51220298 -1.42877603 -0.79945397 68.000000 1.000000 2181.000000 3.000000
1.50256097 -1.31359601 -0.82560199 915.000000 5.000000 4902.000000 3.000000
1.49652803 -1.32461298 -0.82680798 1623.000000 11.000000 4215.000000 3.000000
1.66080499 -1.48850501 -0.92846000 485.000000 3.000000 3825.000000 3.000000
1.33996201 -1.46175206 -0.81997699 89.000000 1.000000 1969.000000 3.000000
1.48449802 -1.32850397 -0.87910098 1564.000000 15.000000 4222.000000 3.000000
1.50659502 -1.36490297 -0.89813298 544.000000 4.000000 4572.000000 3.000000
1.14705098 -1.45132303 -0.81269997 86.000000 1.000000 1938.000000 3.000000
1.13085496 -1.44906402 -0.80720198 50.000000 1.000000 2123.000000 3.000000
1.56067502 -1.40107906 -0.99533898 1444.000000 11.000000 4167.000000 3.000000
0.96229202 -1.48325598 -0.83096600 114.000000 1.000000 1773.000000 3.000000
0.94883698 -1.48234701 -0.82694602 170.000000 1.000000 1863.000000 3.000000
0.94067800 -1.48965502 -0.82783902 147.000000 1.000000 1878.000000 3.000000
1.54622602 -1.40872097 -1.05375397 1110.000000 12.000000 4131.000000 3.000000
1.46203399 -1.34881198 -0.99952799 664.000000 6.000000 4060.000000 3.000000
0.74097902 -1.50652897 -0.83544701 104.000000 1.000000 1955.000000 3.000000
0.72939700 -1.50627995 -0.83264202 105.000000 1.000000 1874.000000 3.000000
0.71478701 -1.49956906 -0.82609701 89.000000 1.000000 1922.000000 3.000000
0.70670497 -1.50632405 -0.82749999 125.000000 1.000000 2114.000000 3.000000
0.68925202 -1.49299598 -0.81721503 86.000000 1.000000 2319.000000 3.000000
0.10922700 -1.55040503 -0.76953399 442.000000 2.000000 1787.000000 3.000000
0.09977100 -1.55192804 -0.77000099 319.000000 2.000000 1922.000000 3.000000
0.09298700 -1.59751201 -0.79384202 167.000000 1.000000 3341.000000 3.000000
1.46393394 -1.34927106 -1.06790197 1439.000000 9.000000 3940.000000 3.000000
1.45944703 -1.36179698 -1.07084703 888.000000 5.000000 4373.000000 3.000000
0.43207300 -1.50126898 -0.82645297 187.000000 1.000000 1991.000000 3.000000
0.42097199 -1.49717999 -0.82252699 182.000000 1.000000 1857.000000 3.000000
0.41453701 -1.50981998 -0.82841599 223.000000 1.000000 1798.000000 3.000000
0.40481499 -1.51065099 -0.82743400 214.000000 1.000000 1872.000000 3.000000
0.39575800 -1.51394999 -0.82792503 214.000000 1.000000 2003.000000 3.000000
0.38903400 -1.52648401 -0.83381402 163.000000 1.000000 2222.000000 3.000000
0.38342699 -1.54406703 -0.84264702 132.000000 1.000000 2502.000000 3.000000
0.07040400 -1.49346006 -0.78866500 310.000000 1.000000 1949.000000 3.000000
1.42541397 -1.33815503 -1.10722995 956.000000 9.000000 3474.000000 3.000000
0.26502499 -1.52472401 -0.86516201 232.000000 1.000000 1827.000000 3.000000
0.25263101 -1.50852299 -0.85443699 417.000000 2.000000 1613.000000 3.000000
0.24337000 -1.51004505 -0.85443699 367.000000 2.000000 1700.000000 3.000000
0.23517300 -1.51830399 -0.85852301 140.000000 1.000000 2036.000000 3.000000
2.99733210 -1.64532304 0.28194201 1394.000000 19.000000 7763.000000 3.000000
2.98021007 -1.65979803 0.28136799 679.000000 8.000000 6741.000000 3.000000
2.99005389 -1.59495294 0.19968399 1101.000000 19.000000 7378.000000 3.000000
2.99691105 -1.62228501 0.20059501 345.000000 5.000000 6924.000000 3.000000
2.95233202 -1.64535201 0.19925199 516.000000 8.000000 6531.000000 3.000000
2.77326298 -2.02648997 -0.71477503 758.000000 10.000000 5104.000000 3.000000
2.57390594 -1.14089406 -0.79312497 1059.000000 17.000000 6277.000000 3.000000
2.54513097 -1.20371699 -0.79312497 1036.000000 17.000000 6770.000000 3.000000
