-1.45811701 1.89017999 -1.06350100 334.000000 3.000000 3343.000000 0.000000
-1.44374001 1.89549196 -1.06138599 339.000000 4.000000 3586.000000 0.000000
-1.38138604 1.86075103 -1.03093505 983.000000 12.000000 3440.000000 0.000000
-1.35920298 1.85459399 -1.02247596 1701.000000 23.000000 3447.000000 0.000000
-1.34566700 1.85996604 -1.02078402 1816.000000 25.000000 3079.000000 0.000000
-1.33317399 1.86671495 -1.01993799 1524.000000 20.000000 2751.000000 0.000000
-1.31750703 1.86894202 -1.01655495 865.000000 10.000000 2752.000000 0.000000
-1.29926801 1.86733401 -1.01105702 568.000000 6.000000 3788.000000 0.000000
-1.20950401 1.83293903 -0.97426099 697.000000 7.000000 2256.000000 0.000000
-1.19625103 1.83729303 -0.97257000 728.000000 7.000000 2036.000000 0.000000
-1.19379699 1.85830402 -0.98018199 970.000000 10.000000 2479.000000 0.000000
-1.19502294 1.88547099 -0.99117899 570.000000 5.000000 3062.000000 0.000000
-1.47085202 1.89045405 -1.14407897 633.000000 5.000000 2933.000000 0.000000
-1.41350400 1.86343300 -1.11593902 591.000000 4.000000 3067.000000 0.000000
-1.39936399 1.86848903 -1.11370599 762.000000 6.000000 3233.000000 0.000000
-1.37246001 1.85616803 -1.10075200 1933.000000 19.000000 3356.000000 0.000000
-1.35682797 1.85877001 -1.09717906 2259.000000 24.000000 3317.000000 0.000000
-1.34539700 1.86706102 -1.09717906 2302.000000 24.000000 3072.000000 0.000000
-1.32614303 1.86433995 -1.09047902 1936.000000 19.000000 2731.000000 0.000000
-1.32854795 1.89222097 -1.10253894 762.000000 6.000000 2409.000000 0.000000
-1.44166005 2.08058000 -1.21197200 320.000000 3.000000 1997.000000 0.000000
-1.40363395 2.05244708 -1.18963897 340.000000 3.000000 2192.000000 0.000000
-1.36900902 2.02837801 -1.16998601 305.000000 3.000000 2639.000000 0.000000
-1.28815305 1.93393898 -1.10834599 740.000000 6.000000 3040.000000 0.000000
-1.21440101 1.84756398 -1.05206597 1247.000000 9.000000 2447.000000 0.000000
-1.20012295 1.85047495 -1.04938602 1561.000000 12.000000 2727.000000 0.000000
-1.18874598 1.85780394 -1.04938602 1493.000000 11.000000 2591.000000 0.000000
-1.18018794 1.86960399 -1.05206597 384.000000 2.000000 3362.000000 0.000000
-1.43291903 1.91677105 -1.21316004 757.000000 11.000000 3056.000000 0.000000
-1.37534904 1.86372900 -1.17249000 1065.000000 13.000000 2563.000000 0.000000
-1.35658205 1.86214399 -1.16594601 1248.000000 16.000000 2849.000000 0.000000
-1.34512997 1.87043202 -1.16594601 1194.000000 15.000000 2549.000000 0.000000
-1.33465397 1.88009000 -1.16688097 1122.000000 14.000000 2820.000000 0.000000
-1.33987796 1.91210401 -1.18230700 442.000000 5.000000 3257.000000 0.000000
-1.22826302 1.84808803 -1.12106895 624.000000 7.000000 2327.000000 0.000000
-1.21398306 1.85116005 -1.11826396 597.000000 7.000000 1979.000000 0.000000
-1.20115602 1.85634995 -1.11686206 522.000000 6.000000 2170.000000 0.000000
-1.18974304 1.86368501 -1.11686206 609.000000 7.000000 3006.000000 0.000000
-1.19895005 2.09769607 -1.22531402 163.000000 2.000000 2123.000000 0.000000
-1.45898700 1.92692006 -1.30788004 925.000000 9.000000 3764.000000 0.000000
-1.42211401 1.90232396 -1.28432405 984.000000 10.000000 3732.000000 0.000000
-1.37215805 1.85911405 -1.24800801 1383.000000 12.000000 2924.000000 0.000000
-1.35969996 1.86609006 -1.24702704 1549.000000 14.000000 2873.000000 0.000000
-1.34822404 1.87439799 -1.24702704 1470.000000 13.000000 2583.000000 0.000000
-1.33569002 1.88121295 -1.24604499 1484.000000 13.000000 2725.000000 0.000000
-1.32062399 1.88437700 -1.24260998 1094.000000 9.000000 3048.000000 0.000000
-1.22530496 1.84290600 -1.19304395 1095.000000 9.000000 2640.000000 0.000000
-1.21445096 1.85111904 -1.19353497 682.000000 5.000000 2228.000000 0.000000
-1.19455600 1.84536397 -1.18470097 1312.000000 11.000000 2409.000000 0.000000
-1.19070697 1.86441302 -1.19255304 888.000000 7.000000 2806.000000 0.000000
-1.35965395 1.87620902 -1.32223201 860.000000 13.000000 2649.000000 0.000000
-1.34259999 1.87683499 -1.31661403 1131.000000 14.000000 2539.000000 0.000000
-1.33006406 1.88363504 -1.31559300 935.000000 11.000000 2447.000000 0.000000
-1.31404495 1.88542104 -1.31099701 490.000000 5.000000 2338.000000 0.000000
-1.30489397 1.89698505 -1.31355000 665.000000 8.000000 2776.000000 0.000000
-1.29323006 1.90495598 -1.31355000 697.000000 8.000000 2733.000000 0.000000
-1.25992203 1.88075399 -1.29056895 578.000000 7.000000 2286.000000 0.000000
-1.22553301 1.85406697 -1.26605594 820.000000 10.000000 2355.000000 0.000000
-1.20942295 1.85435998 -1.26094902 942.000000 11.000000 2390.000000 0.000000
-1.20128906 1.86679995 -1.26452398 821.000000 10.000000 2451.000000 0.000000
-1.23621798 1.83822203 -1.34350097 776.000000 6.000000 2340.000000 0.000000
-1.22725201 1.84929705 -1.34617102 799.000000 6.000000 2034.000000 0.000000
-1.20755196 1.84405398 -1.33656096 987.000000 8.000000 2175.000000 0.000000
-1.19713104 1.85284996 -1.33762801 959.000000 8.000000 2336.000000 0.000000
-0.23485801 -1.55242896 -0.93612802 1148.000000 6.000000 3100.000000 0.000000
-0.24557000 -1.55847502 -0.94093299 1350.000000 8.000000 2856.000000 0.000000
-0.25457799 -1.55360198 -0.93879801 1222.000000 7.000000 2871.000000 0.000000
-0.26296499 -1.54534304 -0.93452698 643.000000 3.000000 2929.000000 0.000000
-0.12691000 -1.44120300 -0.90527302 138.000000 1.000000 1571.000000 0.000000
-0.13575099 -1.44039798 -0.90527302 140.000000 1.000000 1442.000000 0.000000
-0.22090299 -1.53592396 -0.97500098 517.000000 3.000000 2564.000000 0.000000
-0.23177800 -1.54442799 -0.98164099 1551.000000 11.000000 2422.000000 0.000000
-0.24124999 -1.54297698 -0.98164099 1507.000000 11.000000 2444.000000 0.000000
-0.25097600 -1.54311299 -0.98274797 1371.000000 10.000000 2275.000000 0.000000
0.00357100 -1.63162601 -1.09243500 817.000000 4.000000 3520.000000 0.000000
-0.09921700 -1.38939798 -0.92424202 110.000000 1.000000 1381.000000 0.000000
-0.11837800 -1.52404106 -1.01985800 359.000000 1.000000 2276.000000 0.000000
-0.12316800 -1.46952796 -0.98184198 855.000000 4.000000 3104.000000 0.000000
-0.12699699 -1.41175902 -0.94152200 505.000000 2.000000 3242.000000 0.000000
-0.21491501 -1.53738904 -1.03656197 403.000000 2.000000 2592.000000 0.000000
-0.22505701 -1.54089403 -1.04001796 1555.000000 9.000000 2586.000000 0.000000
-0.23525099 -1.54433203 -1.04347396 1657.000000 10.000000 2549.000000 0.000000
-0.24446499 -1.54124498 -1.04232204 1823.000000 11.000000 2658.000000 0.000000
-0.25431800 -1.54213500 -1.04404998 1450.000000 8.000000 2477.000000 0.000000
-0.26405299 -1.54215705 -1.04520202 1537.000000 9.000000 2592.000000 0.000000
-0.27307999 -1.53809297 -1.04347396 909.000000 5.000000 2378.000000 0.000000
-0.08274600 -1.58777595 -1.11893904 413.000000 3.000000 2236.000000 0.000000
-0.09310900 -1.59847295 -1.12726903 467.000000 3.000000 2578.000000 0.000000
-0.10929900 -1.54668999 -1.08978605 676.000000 5.000000 3235.000000 0.000000
-0.11937900 -1.55400503 -1.09573603 651.000000 5.000000 2994.000000 0.000000
-0.15786900 -1.65879095 -1.17546105 716.000000 5.000000 2847.000000 0.000000
-0.16292000 -1.60579896 -1.13678801 524.000000 4.000000 2954.000000 0.000000
-0.16138101 -1.49605405 -1.05587304 293.000000 1.000000 2184.000000 0.000000
-0.17144400 -1.50302398 -1.06182301 89.000000 1.000000 1450.000000 0.000000
-0.17954101 -1.49236405 -1.05468297 87.000000 1.000000 1717.000000 0.000000
-0.19962101 -1.57977903 -1.12072396 399.000000 3.000000 2287.000000 0.000000
-0.20745100 -1.56417704 -1.11001503 774.000000 6.000000 2441.000000 0.000000
-0.21563800 -1.55252099 -1.10228002 980.000000 8.000000 2622.000000 0.000000
-0.22368900 -1.54082406 -1.09454596 1242.000000 10.000000 2564.000000 0.000000
-0.23302200 -1.53862798 -1.09395099 1226.000000 10.000000 2569.000000 0.000000
-0.24135201 -1.53002000 -1.08859599 1061.000000 8.000000 2177.000000 0.000000
-0.25175801 -1.53485894 -1.09335601 1219.000000 10.000000 2758.000000 0.000000
-0.26050800 -1.52932096 -1.09038103 1167.000000 9.000000 2601.000000 0.000000
-0.03580100 -1.50264502 -1.11954999 1041.000000 6.000000 2525.000000 0.000000
-0.04494800 -1.50003803 -1.11769903 1112.000000 6.000000 2447.000000 0.000000
-0.05409300 -1.49816096 -1.11646402 1018.000000 5.000000 2497.000000 0.000000
-0.06508600 -1.53946400 -1.14917505 819.000000 4.000000 2396.000000 0.000000
-0.07550200 -1.55868304 -1.16460395 853.000000 5.000000 2045.000000 0.000000
-0.08689700 -1.59118605 -1.19052505 758.000000 4.000000 2536.000000 0.000000
-0.11402100 -1.56028402 -1.16769004 1216.000000 7.000000 3460.000000 0.000000
-0.12076200 -1.52426100 -1.13991702 1583.000000 10.000000 3404.000000 0.000000
-0.13065401 -1.52976203 -1.14485502 1339.000000 8.000000 3538.000000 0.000000
-0.14206900 -1.55086899 -1.16213500 862.000000 5.000000 3238.000000 0.000000
-0.17450400 -1.58318198 -1.18990803 1271.000000 8.000000 2828.000000 0.000000
-0.18146300 -1.55863702 -1.17139304 870.000000 5.000000 2784.000000 0.000000
-0.18938200 -1.54421997 -1.16090095 999.000000 6.000000 2396.000000 0.000000
-0.19905600 -1.54458904 -1.16213500 956.000000 5.000000 1994.000000 0.000000
-0.20821100 -1.54100001 -1.16028404 1053.000000 6.000000 2172.000000 0.000000
-0.21599901 -1.52800906 -1.15102601 1136.000000 7.000000 1938.000000 0.000000
-0.22467700 -1.52198505 -1.14732301 1152.000000 7.000000 2246.000000 0.000000
-0.23292799 -1.51357996 -1.14176905 509.000000 2.000000 1392.000000 0.000000
-0.23582500 -1.47250497 -1.11029303 137.000000 1.000000 1244.000000 0.000000
-0.24316600 -1.46094203 -1.10226905 79.000000 1.000000 1300.000000 0.000000
-0.26263401 -1.51988900 -1.15040898 421.000000 2.000000 1543.000000 0.000000
-0.27711600 -1.54690003 -1.17324400 1210.000000 7.000000 1838.000000 0.000000
-0.28544900 -1.53898299 -1.16830695 939.000000 5.000000 1762.000000 0.000000
-0.29354599 -1.53024900 -1.16275203 893.000000 5.000000 2740.000000 0.000000
-0.02363800 -1.50282800 -1.17662501 893.000000 7.000000 3272.000000 0.000000
-0.03283000 -1.50111103 -1.17535400 717.000000 5.000000 3176.000000 0.000000
-0.04265300 -1.52558303 -1.19568706 631.000000 5.000000 2849.000000 0.000000
-0.11666000 -1.51087201 -1.18679094 946.000000 8.000000 3188.000000 0.000000
-0.20355400 -1.53046203 -1.21030104 935.000000 7.000000 2256.000000 0.000000
-0.21190000 -1.52153301 -1.20394695 958.000000 8.000000 2019.000000 0.000000
-0.22155800 -1.52249801 -1.20585299 1010.000000 8.000000 2288.000000 0.000000
-0.23089600 -1.52111006 -1.20585299 1138.000000 9.000000 2064.000000 0.000000
-0.24058001 -1.52195406 -1.20775998 1065.000000 9.000000 2125.000000 0.000000
-0.24979100 -1.51968598 -1.20712399 1005.000000 8.000000 2236.000000 0.000000
-1.26907003 -1.58400595 -0.84046900 1294.000000 8.000000 3509.000000 0.000000
-1.28223002 -1.58045399 -0.84287900 2604.000000 21.000000 3751.000000 0.000000
-1.29597604 -1.57750702 -0.84569198 1550.000000 10.000000 4098.000000 0.000000
-1.17944598 -1.59083796 -0.87360299 537.000000 4.000000 3624.000000 0.000000
-1.19461095 -1.59082901 -0.87783200 936.000000 8.000000 3058.000000 0.000000
-1.24258995 -1.59290195 -0.89221197 269.000000 2.000000 3140.000000 0.000000
-1.25906396 -1.59379494 -0.89728701 1253.000000 12.000000 2714.000000 0.000000
-1.26881897 -1.58603895 -0.89728701 1463.000000 14.000000 2504.000000 0.000000
-1.27681994 -1.57610798 -0.89601803 1300.000000 12.000000 2466.000000 0.000000
-1.28875995 -1.57105100 -0.89771003 1541.000000 15.000000 2556.000000 0.000000
-1.29490995 -1.55892396 -0.89517301 1347.000000 13.000000 2950.000000 0.000000
-1.32947004 -1.58082199 -0.91335899 460.000000 4.000000 3734.000000 0.000000
-1.16609502 -1.58813500 -0.93191200 980.000000 6.000000 2780.000000 0.000000
-1.17742097 -1.58310294 -0.93325299 1268.000000 8.000000 2419.000000 0.000000
-1.18711305 -1.57584906 -0.93325299 1347.000000 8.000000 2473.000000 0.000000
-1.19676006 -1.56853497 -0.93325299 1241.000000 8.000000 3032.000000 0.000000
-1.22114503 -1.58026695 -0.94531202 853.000000 5.000000 3425.000000 0.000000
-1.22750700 -1.56851900 -0.94263202 1294.000000 8.000000 2617.000000 0.000000
-1.23432803 -1.55745399 -0.94039899 1793.000000 12.000000 2577.000000 0.000000
-1.26347804 -1.57425904 -0.95603299 2052.000000 15.000000 2582.000000 0.000000
-1.25899506 -1.54912901 -0.94486600 1643.000000 11.000000 2443.000000 0.000000
-1.28611600 -1.56277800 -0.95871198 2165.000000 16.000000 3264.000000 0.000000
-1.28364205 -1.54043198 -0.94933200 1376.000000 9.000000 3589.000000 0.000000
-1.36294401 -1.55622494 -0.98104602 756.000000 5.000000 3855.000000 0.000000
-1.37424898 -1.54983997 -0.98238599 733.000000 5.000000 3867.000000 0.000000
-1.38473403 -1.52359498 -0.97613299 851.000000 5.000000 3984.000000 0.000000
-1.17474103 -1.59537804 -0.99532002 648.000000 5.000000 2883.000000 0.000000
-1.17976499 -1.58175099 -0.99111301 909.000000 8.000000 3039.000000 0.000000
-1.18572903 -1.56953704 -0.98784101 818.000000 7.000000 2615.000000 0.000000
-1.19212306 -1.55801296 -0.98503602 748.000000 6.000000 2936.000000 0.000000
-1.19464099 -1.54156899 -0.97895902 814.000000 7.000000 3556.000000 0.000000
-1.21550703 -1.54883897 -0.98877603 1005.000000 9.000000 2678.000000 0.000000
-1.24473405 -1.56630898 -1.00560498 1184.000000 11.000000 2665.000000 0.000000
-1.25708497 -1.56209195 -1.00794196 1224.000000 11.000000 2616.000000 0.000000
-1.26887405 -1.55709505 -1.00981200 1239.000000 12.000000 2454.000000 0.000000
-1.28233194 -1.55406106 -1.01308405 1057.000000 10.000000 2654.000000 0.000000
-1.32406902 -1.58490002 -1.03972995 722.000000 7.000000 2919.000000 0.000000
-1.41888297 -1.63653398 -1.09302104 640.000000 6.000000 3421.000000 0.000000
-1.42016995 -1.61781502 -1.08600903 721.000000 7.000000 3616.000000 0.000000
-1.42831194 -1.60708499 -1.08460605 575.000000 5.000000 3518.000000 0.000000
-1.42475903 -1.56390297 -1.06637502 596.000000 6.000000 3289.000000 0.000000
-1.16652906 -1.62729001 -1.07428205 1177.000000 7.000000 4011.000000 0.000000
-1.17136705 -1.61305594 -1.06937504 1185.000000 7.000000 2738.000000 0.000000
-1.17607498 -1.59882295 -1.06446695 1230.000000 8.000000 2433.000000 0.000000
-1.17387795 -1.57551503 -1.05317998 999.000000 6.000000 2403.000000 0.000000
-1.18142200 -1.56550300 -1.05121696 1517.000000 10.000000 3294.000000 0.000000
-1.18888700 -1.55545700 -1.04925394 1347.000000 9.000000 4024.000000 0.000000
-1.20054400 -1.55088699 -1.05121696 968.000000 6.000000 3724.000000 0.000000
-1.24608696 -1.58940697 -1.08409703 928.000000 6.000000 3116.000000 0.000000
-1.24985099 -1.57422900 -1.07869899 1439.000000 11.000000 2474.000000 0.000000
-1.26440501 -1.57263899 -1.08311605 1777.000000 14.000000 3052.000000 0.000000
-1.27458096 -1.56552601 -1.08360600 1771.000000 14.000000 3614.000000 0.000000
-1.28582704 -1.55969203 -1.08507895 1806.000000 15.000000 2974.000000 0.000000
-1.30878496 -1.56781697 -1.09685695 1514.000000 11.000000 2606.000000 0.000000
-1.34990299 -1.59699905 -1.12433898 871.000000 6.000000 2442.000000 0.000000
-1.52700496 -1.76194596 -1.25978601 1109.000000 9.000000 3122.000000 0.000000
-1.43312597 -1.63341105 -1.17047000 798.000000 5.000000 2927.000000 0.000000
-1.47292805 -1.61770105 -1.17881203 1011.000000 8.000000 3173.000000 0.000000
-1.72673702 -1.57706404 -1.26371205 143.000000 1.000000 1949.000000 0.000000
-1.16473198 -1.59379494 -1.11846495 1049.000000 10.000000 3682.000000 0.000000
-1.16275895 -1.57069802 -1.10671902 1546.000000 16.000000 3915.000000 0.000000
-1.17545998 -1.56766796 -1.10978401 1276.000000 12.000000 3509.000000 0.000000
-1.20268500 -1.58374500 -1.12714696 958.000000 10.000000 3776.000000 0.000000
-1.21342504 -1.57770097 -1.12816894 1008.000000 11.000000 3782.000000 0.000000
-1.24521005 -1.59876299 -1.14961803 766.000000 8.000000 3470.000000 0.000000
-1.24915504 -1.58365405 -1.14400005 896.000000 9.000000 3111.000000 0.000000
-1.25510299 -1.57124901 -1.14042497 1016.000000 11.000000 3415.000000 0.000000
-1.26741600 -1.56686699 -1.14297903 962.000000 10.000000 2951.000000 0.000000
-1.25255597 -1.52907598 -1.11999798 1124.000000 10.000000 3774.000000 0.000000
-1.26793599 -1.52865505 -1.12561500 1054.000000 11.000000 3994.000000 0.000000
-1.27894700 -1.52282500 -1.12714696 1261.000000 14.000000 3656.000000 0.000000
-1.30659902 -1.53660297 -1.14400005 1062.000000 11.000000 2615.000000 0.000000
-1.35237205 -1.57098699 -1.17719495 907.000000 9.000000 2553.000000 0.000000
-1.36085904 -1.56136096 -1.17617404 818.000000 8.000000 2788.000000 0.000000
-1.39027596 -1.57558703 -1.19404805 1069.000000 11.000000 2636.000000 0.000000
-1.40734601 -1.57537699 -1.20068705 1077.000000 11.000000 2789.000000 0.000000
-1.42504203 -1.57565606 -1.20783699 969.000000 10.000000 3023.000000 0.000000
-1.43120694 -1.56307101 -1.20477200 578.000000 6.000000 2666.000000 0.000000
-1.43144000 -1.54415202 -1.19660103 338.000000 3.000000 2309.000000 0.000000
-1.45262897 -1.54790294 -1.20681500 95.000000 1.000000 1658.000000 0.000000
-1.46269000 -1.53958499 -1.20732605 85.000000 1.000000 2059.000000 0.000000
-1.53157997 -1.59267104 -1.25839496 424.000000 5.000000 2935.000000 0.000000
-1.13401902 -1.75470603 -1.26394904 1045.000000 7.000000 3937.000000 0.000000
-1.10302401 -1.68408501 -1.21589696 1116.000000 8.000000 4019.000000 0.000000
-1.07401502 -1.61813700 -1.17104900 1157.000000 7.000000 4152.000000 0.000000
-1.07400298 -1.59678996 -1.15983605 1250.000000 8.000000 4340.000000 0.000000
-1.08950102 -1.59854996 -1.16624296 1512.000000 10.000000 3845.000000 0.000000
-1.09784603 -1.58974898 -1.16464198 1148.000000 7.000000 3949.000000 0.000000
-1.10175705 -1.57467401 -1.15823495 1171.000000 7.000000 3954.000000 0.000000
-1.11237705 -1.56926298 -1.15930295 1194.000000 7.000000 3839.000000 0.000000
-1.12001002 -1.55966198 -1.15716696 1107.000000 7.000000 3410.000000 0.000000
-1.13354194 -1.55822694 -1.16143799 1333.000000 9.000000 3055.000000 0.000000
-1.14107394 -1.54852200 -1.15930295 1445.000000 9.000000 2933.000000 0.000000
-1.17029798 -1.56790304 -1.18012500 836.000000 6.000000 2300.000000 0.000000
-1.19929194 -1.58630896 -1.20041394 345.000000 2.000000 1929.000000 0.000000
-1.18070400 -1.54201698 -1.17104900 254.000000 1.000000 1907.000000 0.000000
-1.11805201 -1.44192004 -1.09683502 444.000000 2.000000 2751.000000 0.000000
-1.19326496 -1.51943696 -1.16464198 265.000000 1.000000 1927.000000 0.000000
-1.26683497 -1.59277499 -1.22977901 381.000000 2.000000 1954.000000 0.000000
-1.27658403 -1.58497095 -1.22977901 748.000000 5.000000 2370.000000 0.000000
-1.27130902 -1.55877197 -1.21482897 1216.000000 9.000000 2506.000000 0.000000
-1.25498295 -1.51966703 -1.18920100 1432.000000 11.000000 3390.000000 0.000000
-1.25451195 -1.50026906 -1.17959094 1620.000000 13.000000 3695.000000 0.000000
-1.28884804 -1.52221000 -1.20415103 1315.000000 10.000000 3381.000000 0.000000
-1.31138301 -1.52967000 -1.21696496 1242.000000 9.000000 3169.000000 0.000000
-1.34071398 -1.54456794 -1.23618603 1217.000000 9.000000 2379.000000 0.000000
-1.36804199 -1.55662405 -1.25327098 1235.000000 9.000000 2441.000000 0.000000
-0.89242101 -1.61661601 -1.17090094 123.000000 1.000000 1907.000000 0.000000
-0.87193203 -1.55653203 -1.12939703 67.000000 1.000000 1695.000000 0.000000
-0.88556302 -1.55840504 -1.13493097 97.000000 1.000000 1598.000000 0.000000
-0.89676499 -1.55583203 -1.13714397 106.000000 1.000000 1576.000000 0.000000
-0.90294600 -1.54454005 -1.13271701 105.000000 1.000000 1906.000000 0.000000
-0.91325200 -1.54040504 -1.13382399 142.000000 1.000000 2055.000000 0.000000
-1.02620602 -1.68436205 -1.25446296 481.000000 5.000000 3014.000000 0.000000
-1.10398304 -1.67050099 -1.27438605 760.000000 8.000000 3715.000000 0.000000
-1.15361297 -1.61312699 -1.26165795 1051.000000 11.000000 3159.000000 0.000000
-1.15569496 -1.59520805 -1.25280297 1011.000000 11.000000 2519.000000 0.000000
-1.16202295 -1.58337903 -1.24892998 989.000000 10.000000 2775.000000 0.000000
-1.16378999 -1.56550503 -1.24007499 1046.000000 11.000000 3539.000000 0.000000
-1.18136597 -1.56900001 -1.24892998 939.000000 10.000000 3113.000000 0.000000
-1.18442500 -1.55309606 -1.24173498 1142.000000 12.000000 3428.000000 0.000000
-1.20662200 -1.56230903 -1.25557005 1013.000000 11.000000 3482.000000 0.000000
-1.28612494 -1.48764503 -1.25058997 1084.000000 12.000000 3570.000000 0.000000
-1.26075804 -1.44016194 -1.21572602 1297.000000 13.000000 3921.000000 0.000000
-1.05218601 -1.58176005 -1.28136396 1620.000000 13.000000 3347.000000 0.000000
-1.24725401 -1.43405902 -1.28193998 1344.000000 10.000000 3857.000000 0.000000
