2.00709796 2.33432293 -0.25619000 1433.000000 24.000000 3407.000000 0.000000
2.02660394 2.32797599 -0.25695801 1164.000000 19.000000 4488.000000 0.000000
2.03953600 2.31400299 -0.25676599 1084.000000 17.000000 3504.000000 0.000000
2.04575396 2.29252195 -0.25561300 1187.000000 19.000000 3639.000000 0.000000
2.09908700 2.26690888 -0.25724599 641.000000 10.000000 5761.000000 0.000000
1.99461699 2.37613010 -0.33558500 1224.000000 13.000000 3034.000000 0.000000
2.00401402 2.35779810 -0.33462000 2333.000000 30.000000 3305.000000 0.000000
2.01261306 2.33868694 -0.33353400 2165.000000 27.000000 2884.000000 0.000000
2.01387501 2.31133103 -0.33112100 1668.000000 19.000000 2899.000000 0.000000
2.04247403 2.31530190 -0.33377501 1804.000000 21.000000 3537.000000 0.000000
2.05068803 2.29606509 -0.33268899 2265.000000 29.000000 3963.000000 0.000000
2.06407189 2.28270292 -0.33256900 2391.000000 31.000000 3840.000000 0.000000
2.08474493 2.27731395 -0.33377501 1889.000000 22.000000 3194.000000 0.000000
2.10138011 2.26739097 -0.33425799 1323.000000 14.000000 2883.000000 0.000000
1.99378002 2.35112691 -0.40542701 1274.000000 21.000000 4287.000000 0.000000
2.00688100 2.33734608 -0.40514001 1589.000000 28.000000 3781.000000 0.000000
2.02248192 2.32648301 -0.40542701 1490.000000 26.000000 4006.000000 0.000000
2.03802490 2.31551695 -0.40571401 1514.000000 26.000000 5343.000000 0.000000
2.04693389 2.29705095 -0.40456501 1726.000000 31.000000 5470.000000 0.000000
2.05966592 2.28297591 -0.40427801 2020.000000 39.000000 5197.000000 0.000000
2.07363605 2.27029610 -0.40427801 1521.000000 27.000000 5532.000000 0.000000
2.00285006 2.35643005 -0.48525199 1974.000000 24.000000 3273.000000 0.000000
2.01212502 2.33812094 -0.48390600 2317.000000 30.000000 2963.000000 0.000000
2.03161597 2.33167410 -0.48525199 2149.000000 27.000000 2898.000000 0.000000
2.04262304 2.31546998 -0.48441100 1720.000000 20.000000 3812.000000 0.000000
2.04036903 2.28451991 -0.48020300 2420.000000 32.000000 4353.000000 0.000000
2.05037904 2.26757312 -0.47919300 2586.000000 36.000000 4168.000000 0.000000
2.06691790 2.25785589 -0.47986600 1507.000000 17.000000 4929.000000 0.000000
2.00472593 2.33974600 -0.55771297 1355.000000 23.000000 3949.000000 0.000000
2.01326394 2.32072091 -0.55598998 1563.000000 27.000000 3508.000000 0.000000
2.02617311 2.30684805 -0.55560601 1396.000000 24.000000 4011.000000 0.000000
2.03312492 2.28629494 -0.55350000 1278.000000 21.000000 4956.000000 0.000000
2.03465509 2.25990200 -0.54986203 1969.000000 37.000000 4868.000000 0.000000
2.04650307 2.24519610 -0.54928702 2026.000000 39.000000 4917.000000 0.000000
2.05891109 2.23115206 -0.54890400 673.000000 10.000000 6481.000000 0.000000
1.99972999 2.35193801 -0.63796502 1249.000000 13.000000 4172.000000 0.000000
2.00775003 2.33222604 -0.63580799 2145.000000 27.000000 3172.000000 0.000000
2.02202201 2.31986308 -0.63580799 2280.000000 29.000000 2730.000000 0.000000
2.04462194 2.31692600 -0.63861299 1447.000000 16.000000 3453.000000 0.000000
2.03406596 2.27667809 -0.63041401 1849.000000 22.000000 4459.000000 0.000000
2.04209900 2.25763893 -0.62847197 2833.000000 42.000000 4217.000000 0.000000
2.05921197 2.24866605 -0.62955099 2545.000000 35.000000 4122.000000 0.000000
2.08492589 2.24887300 -0.63343501 682.000000 7.000000 5380.000000 0.000000
2.00064397 2.34153104 -0.71225899 1028.000000 17.000000 4390.000000 0.000000
2.01243591 2.32627010 -0.71130502 1593.000000 28.000000 3736.000000 0.000000
2.02667189 2.31387806 -0.71130502 1562.000000 27.000000 3516.000000 0.000000
2.03890109 2.29921699 -0.71058798 942.000000 15.000000 4316.000000 0.000000
2.04454899 2.27725792 -0.70748502 887.000000 14.000000 5275.000000 0.000000
2.03956890 2.24380708 -0.70056301 1873.000000 35.000000 5353.000000 0.000000
2.05132794 2.22910404 -0.69984698 1951.000000 37.000000 5303.000000 0.000000
2.07884789 2.23141408 -0.70485997 1147.000000 19.000000 4410.000000 0.000000
2.00515890 2.32840490 -0.79216403 1889.000000 22.000000 3106.000000 0.000000
2.01433396 2.31024289 -0.79005998 2229.000000 28.000000 2869.000000 0.000000
2.03230405 2.30217695 -0.79163802 1877.000000 22.000000 2590.000000 0.000000
2.02866793 2.24202394 -0.77874899 1631.000000 19.000000 3918.000000 0.000000
2.04564691 2.23308992 -0.78006500 2643.000000 37.000000 4273.000000 0.000000
2.05930996 2.22049594 -0.78006500 2645.000000 37.000000 4608.000000 0.000000
2.07818198 2.21344304 -0.78216898 1906.000000 23.000000 3622.000000 0.000000
2.15157294 2.26356101 -0.80584198 735.000000 7.000000 2215.000000 0.000000
1.85981596 2.38368011 -0.85511899 211.000000 3.000000 2606.000000 0.000000
1.88271105 2.38276100 -0.85911900 151.000000 2.000000 2841.000000 0.000000
2.01078200 2.33169198 -0.87168902 1349.000000 23.000000 4101.000000 0.000000
2.02505112 2.31930995 -0.87168902 1670.000000 30.000000 3801.000000 0.000000
2.03797603 2.30540299 -0.87111801 1714.000000 31.000000 3504.000000 0.000000
2.05335999 2.29428506 -0.87168902 841.000000 13.000000 3696.000000 0.000000
2.07100892 2.25760102 -0.86711800 856.000000 14.000000 4628.000000 0.000000
2.04835391 2.20548010 -0.85112000 1685.000000 30.000000 4439.000000 0.000000
2.06905890 2.20056009 -0.85426199 2085.000000 41.000000 4766.000000 0.000000
2.07856393 2.18365312 -0.85254800 1653.000000 30.000000 3652.000000 0.000000
2.10055590 2.17984009 -0.85626203 1014.000000 16.000000 3351.000000 0.000000
2.02776098 2.20974493 -0.93035001 2246.000000 29.000000 4664.000000 0.000000
2.03092289 2.18612003 -0.92539299 2741.000000 40.000000 4792.000000 0.000000
2.04364705 2.17292500 -0.92508298 2812.000000 41.000000 4198.000000 0.000000
2.05628490 2.15965700 -0.92477298 3014.000000 47.000000 4510.000000 0.000000
-0.01661400 2.22509289 -0.33713299 3056.000000 27.000000 4185.000000 0.000000
-0.00299700 2.27345300 -0.34538099 2370.000000 20.000000 3815.000000 0.000000
0.01127200 2.33257198 -0.35547999 2914.000000 28.000000 2669.000000 0.000000
0.02533400 2.31077504 -0.35177699 2459.000000 21.000000 3037.000000 0.000000
0.04052200 2.36773896 -0.36153901 330.000000 2.000000 4684.000000 0.000000
-0.07485100 2.23186111 -0.39226201 1236.000000 11.000000 4638.000000 0.000000
-0.06095500 2.22541094 -0.39092100 2377.000000 28.000000 5623.000000 0.000000
-0.04709600 2.21691203 -0.38919801 2952.000000 39.000000 5623.000000 0.000000
-0.03359200 2.22304702 -0.39034700 3090.000000 43.000000 5587.000000 0.000000
-0.01988700 2.21732306 -0.38919801 2834.000000 37.000000 5011.000000 0.000000
-0.00648500 2.26156998 -0.39781499 2283.000000 29.000000 4559.000000 0.000000
0.00737700 2.25175190 -0.39590001 1753.000000 18.000000 3632.000000 0.000000
0.02157700 2.30171895 -0.40566599 1908.000000 23.000000 3352.000000 0.000000
0.03603800 2.32607889 -0.41045401 456.000000 4.000000 2975.000000 0.000000
-0.08443300 2.22237301 -0.44723499 1420.000000 9.000000 5457.000000 0.000000
-0.07085600 2.22480202 -0.44766700 2741.000000 23.000000 5137.000000 0.000000
-0.05691000 2.21348095 -0.44507799 3309.000000 32.000000 4958.000000 0.000000
-0.04329000 2.21183610 -0.44464600 3570.000000 38.000000 4857.000000 0.000000
-0.02986800 2.22377610 -0.44723499 3825.000000 45.000000 4576.000000 0.000000
-0.01616400 2.21513009 -0.44529399 3321.000000 32.000000 3963.000000 0.000000
-0.00257600 2.22202206 -0.44680399 2691.000000 22.000000 3208.000000 0.000000
0.01155300 2.31085205 -0.46643800 2958.000000 29.000000 2608.000000 0.000000
0.02576700 2.31366611 -0.46708500 2206.000000 18.000000 3459.000000 0.000000
-0.07725000 2.21323800 -0.49957499 1529.000000 15.000000 5151.000000 0.000000
-0.06358000 2.21075797 -0.49885899 2103.000000 23.000000 5004.000000 0.000000
-0.04994200 2.20819402 -0.49814299 2867.000000 38.000000 5297.000000 0.000000
-0.03644600 2.21137190 -0.49885899 2725.000000 34.000000 4741.000000 0.000000
-0.02286400 2.21058297 -0.49862000 2624.000000 32.000000 4621.000000 0.000000
-0.00952700 2.24855399 -0.50792998 1933.000000 23.000000 3997.000000 0.000000
0.00427700 2.30489302 -0.52177399 1780.000000 21.000000 3157.000000 0.000000
0.01832800 2.29025698 -0.51819402 1853.000000 22.000000 3284.000000 0.000000
0.03215200 2.27165198 -0.51365900 755.000000 7.000000 5861.000000 0.000000
-0.08454600 2.23570204 -0.56437898 1002.000000 6.000000 4548.000000 0.000000
-0.06971700 2.20049906 -0.55464703 2578.000000 20.000000 3721.000000 0.000000
-0.05619000 2.19992089 -0.55438399 2609.000000 21.000000 3505.000000 0.000000
-0.04245400 2.18768406 -0.55096400 3303.000000 32.000000 4183.000000 0.000000
-0.02918900 2.20044494 -0.55438399 2913.000000 25.000000 3345.000000 0.000000
-0.01570600 2.20347691 -0.55517298 2800.000000 23.000000 3812.000000 0.000000
-0.00220500 2.25466490 -0.56911403 1919.000000 15.000000 2852.000000 0.000000
0.01189000 2.29998112 -0.58147597 2373.000000 20.000000 2363.000000 0.000000
0.02616200 2.31336999 -0.58515799 1476.000000 10.000000 3863.000000 0.000000
-0.06667200 2.20013309 -0.60999900 1056.000000 10.000000 4944.000000 0.000000
-0.05294700 2.19187903 -0.60742801 2148.000000 24.000000 4107.000000 0.000000
-0.03955400 2.19503689 -0.60828501 3054.000000 42.000000 5349.000000 0.000000
-0.02605800 2.19332194 -0.60771298 2464.000000 29.000000 4161.000000 0.000000
-0.01260000 2.19343996 -0.60771298 2382.000000 28.000000 4014.000000 0.000000
0.00081300 2.22510099 -0.61714101 1774.000000 21.000000 3657.000000 0.000000
0.01454700 2.24230409 -0.62228298 1701.000000 20.000000 3385.000000 0.000000
0.02899100 2.30541801 -0.64113897 938.000000 10.000000 5665.000000 0.000000
-0.06787200 2.20227695 -0.67100799 955.000000 6.000000 4681.000000 0.000000
-0.05415200 2.19409800 -0.66821998 2063.000000 16.000000 3120.000000 0.000000
-0.04067100 2.19343805 -0.66790998 2543.000000 23.000000 2906.000000 0.000000
-0.02715600 2.18889308 -0.66636097 2482.000000 22.000000 3382.000000 0.000000
-0.01375200 2.19377208 -0.66790998 2906.000000 28.000000 3684.000000 0.000000
-0.00028800 2.19856906 -0.66945899 2403.000000 21.000000 3236.000000 0.000000
0.01324600 2.20518494 -0.67162800 2280.000000 19.000000 2728.000000 0.000000
0.02785500 2.28967500 -0.69920498 1317.000000 9.000000 4223.000000 0.000000
-0.07074200 2.19699693 -0.72602201 845.000000 8.000000 4726.000000 0.000000
-0.05636500 2.16532993 -0.71473497 1767.000000 18.000000 4302.000000 0.000000
-0.04326300 2.17412305 -0.71772301 2445.000000 33.000000 4236.000000 0.000000
-0.02992200 2.17434692 -0.71772301 2442.000000 33.000000 4066.000000 0.000000
-0.01653500 2.16977406 -0.71606302 2652.000000 33.000000 4485.000000 0.000000
-0.00329400 2.19152999 -0.72369802 1952.000000 24.000000 3986.000000 0.000000
0.01037300 2.27074409 -0.75158602 1801.000000 21.000000 3084.000000 0.000000
0.02462500 2.30648088 -0.76420200 1296.000000 14.000000 4260.000000 0.000000
-0.06693100 2.18360209 -0.78396600 1379.000000 10.000000 4881.000000 0.000000
-0.05279500 2.15314293 -0.77221501 2192.000000 18.000000 3974.000000 0.000000
-0.03968200 2.15903211 -0.77435100 3100.000000 32.000000 4355.000000 0.000000
-0.02648800 2.16390705 -0.77613199 2756.000000 26.000000 3442.000000 0.000000
-0.01320000 2.16215992 -0.77542001 2413.000000 21.000000 3097.000000 0.000000
0.00007700 2.17715192 -0.78111702 1690.000000 13.000000 2673.000000 0.000000
0.01417100 2.28550410 -0.82242298 2018.000000 16.000000 2459.000000 0.000000
0.02836400 2.29845500 -0.82740802 798.000000 5.000000 2955.000000 0.000000
-0.07729000 2.23093796 -0.86139297 644.000000 6.000000 3751.000000 0.000000
-0.06107100 2.14807391 -0.82740200 1547.000000 18.000000 4180.000000 0.000000
-0.04773300 2.14192891 -0.82475799 2324.000000 31.000000 5016.000000 0.000000
-0.03460600 2.14310694 -0.82513601 2329.000000 31.000000 4464.000000 0.000000
-0.02146700 2.14420509 -0.82551301 2366.000000 32.000000 4083.000000 0.000000
-0.00835800 2.15262890 -0.82891297 1892.000000 23.000000 3703.000000 0.000000
0.00488000 2.24245596 -0.86554700 1577.000000 18.000000 3312.000000 0.000000
0.01884300 2.27386498 -0.87838900 1466.000000 16.000000 3319.000000 0.000000
-0.05216300 2.17374301 -0.90395099 1298.000000 9.000000 3052.000000 0.000000
-0.03833500 2.14563894 -0.89149600 1988.000000 16.000000 2945.000000 0.000000
-0.02509800 2.13942409 -0.88868302 2064.000000 17.000000 3810.000000 0.000000
-0.01200200 2.14594793 -0.89149600 2379.000000 21.000000 3481.000000 0.000000
0.00115700 2.13865495 -0.88828099 1852.000000 14.000000 2835.000000 0.000000
0.01444000 2.16058493 -0.89792401 1674.000000 13.000000 3005.000000 0.000000
-0.05815900 2.32398105 -1.03431797 1078.000000 13.000000 3495.000000 0.000000
-0.04026100 2.14853692 -0.95226902 1289.000000 14.000000 2739.000000 0.000000
-0.02702400 2.14511895 -0.95057702 1382.000000 15.000000 2486.000000 0.000000
-0.01377700 2.13527703 -0.94592500 1994.000000 25.000000 3346.000000 0.000000
-0.00068200 2.13804007 -0.94719398 2126.000000 27.000000 3428.000000 0.000000
0.01245500 2.14253497 -0.94930798 1561.000000 18.000000 3307.000000 0.000000
0.02618000 2.20040989 -0.97637600 933.000000 10.000000 3490.000000 0.000000
-0.04936100 2.13253093 -1.01320601 1569.000000 12.000000 2989.000000 0.000000
-0.03610000 2.12205911 -1.00784600 1695.000000 13.000000 3233.000000 0.000000
-0.02297800 2.11239910 -1.00293195 2539.000000 23.000000 4075.000000 0.000000
-0.01002000 2.11339498 -1.00337899 2666.000000 25.000000 4058.000000 0.000000
0.00294400 2.11162806 -1.00248599 2166.000000 18.000000 2758.000000 0.000000
0.01591600 2.11335897 -1.00337899 2095.000000 17.000000 3123.000000 0.000000
0.02890800 2.11501098 -1.00427198 2181.000000 18.000000 3272.000000 0.000000
0.04212300 2.12642193 -1.01007903 1894.000000 15.000000 3261.000000 0.000000
-1.99706495 2.22548795 -0.32195100 2262.000000 27.000000 3424.000000 0.000000
-1.98203003 2.17704105 -0.38531399 1553.000000 26.000000 5421.000000 0.000000
-1.96001995 2.17960691 -0.38344601 1411.000000 23.000000 5356.000000 0.000000
-1.99566495 2.30805898 -0.47818300 1593.000000 18.000000 3522.000000 0.000000
-1.99167895 2.21010900 -0.53703201 2060.000000 37.000000 4471.000000 0.000000
-1.97742701 2.22155499 -0.53684002 2024.000000 36.000000 4314.000000 0.000000
-1.99166703 2.26530600 -0.54507399 1781.000000 32.000000 3373.000000 0.000000
-1.98030806 2.28044510 -0.54584002 1866.000000 35.000000 3570.000000 0.000000
-1.97843695 2.30669188 -0.54947901 781.000000 12.000000 6233.000000 0.000000
-1.98033595 2.18051791 -0.60668099 3055.000000 44.000000 3948.000000 0.000000
-1.97408795 2.20062590 -0.60905403 2780.000000 37.000000 3778.000000 0.000000
-1.99679303 2.25364089 -0.62113601 2466.000000 33.000000 3231.000000 0.000000
-1.98485506 2.26805496 -0.62178397 1877.000000 22.000000 2511.000000 0.000000
-1.96069002 2.26836801 -0.61833102 1546.000000 17.000000 3358.000000 0.000000
-1.99893403 2.18492293 -0.68313801 1579.000000 26.000000 4349.000000 0.000000
-1.97701299 2.18779206 -0.68003500 2096.000000 38.000000 4233.000000 0.000000
-1.98103797 2.21941900 -0.68647999 1744.000000 30.000000 4223.000000 0.000000
-1.97252798 2.23735309 -0.68838900 1637.000000 29.000000 3531.000000 0.000000
-1.95748496 2.24795103 -0.68791199 1260.000000 21.000000 2896.000000 0.000000
-1.96458304 2.28418803 -0.69578898 1062.000000 17.000000 4400.000000 0.000000
-1.99387705 2.16929507 -0.75770700 1589.000000 17.000000 3525.000000 0.000000
-1.98117697 2.18220305 -0.75796998 2202.000000 26.000000 3182.000000 0.000000
-1.96774995 2.19431806 -0.75796998 2042.000000 23.000000 3032.000000 0.000000
-1.97854495 2.23380494 -0.76796502 2246.000000 29.000000 2908.000000 0.000000
-1.97749996 2.26043200 -0.77322602 2434.000000 32.000000 2736.000000 0.000000
-1.93648303 2.24112105 -0.76191503 1478.000000 16.000000 2600.000000 0.000000
-1.96150506 2.29847789 -0.77822298 936.000000 10.000000 6134.000000 0.000000
-1.98722899 2.16539598 -0.82997900 1354.000000 22.000000 3768.000000 0.000000
-1.97261596 2.17613101 -0.82940799 1765.000000 30.000000 3609.000000 0.000000
-1.96626794 2.19603705 -0.83254999 1458.000000 25.000000 3601.000000 0.000000
-1.96165895 2.21809912 -0.83655000 1517.000000 27.000000 3309.000000 0.000000
-1.95937705 2.24306893 -0.84169197 1775.000000 32.000000 3195.000000 0.000000
-1.94620395 2.25577402 -0.84197801 1426.000000 25.000000 3155.000000 0.000000
-1.94789004 2.28588796 -0.84912002 947.000000 15.000000 5062.000000 0.000000
-1.97879100 2.15660906 -0.90680200 2159.000000 27.000000 3260.000000 0.000000
-1.97126496 2.17505288 -0.90959001 2494.000000 34.000000 3190.000000 0.000000
-1.96548796 2.19561195 -0.91330898 2019.000000 25.000000 2938.000000 0.000000
-1.96267998 2.21974397 -0.91857600 2027.000000 25.000000 2998.000000 0.000000
-1.96027398 2.24464107 -0.92415297 2304.000000 30.000000 2574.000000 0.000000
-1.93839598 2.24726295 -0.92012501 2152.000000 27.000000 2774.000000 0.000000
-1.95353401 2.29314494 -0.93468797 1664.000000 19.000000 3186.000000 0.000000
-1.97504306 2.14396596 -0.97834003 1167.000000 19.000000 3112.000000 0.000000
-1.95803595 2.15186405 -0.97634798 1501.000000 26.000000 3267.000000 0.000000
-1.94668996 2.16593909 -0.97734398 1557.000000 28.000000 3574.000000 0.000000
-1.94841695 2.19475198 -0.98531199 1381.000000 24.000000 3431.000000 0.000000
-1.94051898 2.21304202 -0.98830003 1318.000000 22.000000 2838.000000 0.000000
-1.95350003 2.25553107 -1.00257599 1869.000000 35.000000 3252.000000 0.000000
-1.94269502 2.27105498 -1.00423598 1828.000000 34.000000 3539.000000 0.000000
-1.98861098 2.08948588 -1.05067396 1438.000000 16.000000 2987.000000 0.000000
-1.96487796 2.09007001 -1.04462004 2229.000000 27.000000 3540.000000 0.000000
-1.95455801 2.10482693 -1.04604495 2775.000000 41.000000 3885.000000 0.000000
-1.94286895 2.11815810 -1.04675698 2856.000000 43.000000 3917.000000 0.000000
-1.93171704 2.13211799 -1.04782498 2729.000000 40.000000 3866.000000 0.000000
-1.92046702 2.14601994 -1.04889297 2100.000000 26.000000 3315.000000 0.000000
-1.92396295 2.17667508 -1.05850804 1519.000000 17.000000 2981.000000 0.000000
-1.94681096 2.22998905 -1.07951701 2312.000000 30.000000 2476.000000 0.000000
-1.94345903 2.25392795 -1.08556998 2533.000000 35.000000 2532.000000 0.000000
-1.93988705 2.27790904 -1.09162402 1799.000000 21.000000 2608.000000 0.000000
-1.98276603 -1.75822401 -0.15258200 2419.000000 23.000000 3908.000000 0.000000
-1.99231100 -1.78864896 -0.21749400 1369.000000 20.000000 3383.000000 0.000000
-1.99134803 -1.76580703 -0.21595700 1424.000000 18.000000 3106.000000 0.000000
-1.99242306 -1.74501503 -0.21470900 1503.000000 19.000000 3667.000000 0.000000
-1.97001195 -1.70405495 -0.21048400 1637.000000 21.000000 3561.000000 0.000000
-1.98043096 -1.69193602 -0.21048400 1710.000000 23.000000 3671.000000 0.000000
-1.99533403 -1.68360996 -0.21106000 1235.000000 15.000000 3921.000000 0.000000
-1.98445702 -1.82540298 -0.28623700 2193.000000 24.000000 3691.000000 0.000000
-1.98679900 -1.80518603 -0.28478900 2462.000000 28.000000 3055.000000 0.000000
-1.99783802 -1.79296100 -0.28478900 2142.000000 23.000000 2067.000000 0.000000
-1.99319601 -1.76684797 -0.28225499 2277.000000 21.000000 2429.000000 0.000000
-1.97037494 -1.72517502 -0.27682501 2575.000000 26.000000 2862.000000 0.000000
-1.97716796 -1.70980799 -0.27622199 2616.000000 27.000000 2749.000000 0.000000
-1.98686600 -1.69699895 -0.27610201 2593.000000 26.000000 3060.000000 0.000000
-1.99648201 -1.68413699 -0.27598101 1090.000000 8.000000 3207.000000 0.000000
-1.97406006 -1.84159505 -0.34982800 1051.000000 15.000000 5490.000000 0.000000
-1.98096204 -1.82541800 -0.34896600 1960.000000 32.000000 4684.000000 0.000000
-1.98335505 -1.80522299 -0.34724200 2314.000000 41.000000 4607.000000 0.000000
-1.98998404 -1.78904295 -0.34638000 2183.000000 38.000000 4213.000000 0.000000
-1.95308805 -1.71285105 -0.33503100 1389.000000 17.000000 4329.000000 0.000000
-1.97700799 -1.71251798 -0.33761701 1765.000000 24.000000 3665.000000 0.000000
-1.98747802 -1.70035505 -0.33761701 1765.000000 24.000000 3804.000000 0.000000
-1.99032402 -1.68172896 -0.33618000 1136.000000 14.000000 4769.000000 0.000000
-1.95734894 -1.82278097 -0.41388601 1771.000000 18.000000 3647.000000 0.000000
-1.97140002 -1.81340396 -0.41455901 3141.000000 43.000000 3168.000000 0.000000
-1.98176003 -1.80061102 -0.41439101 3019.000000 40.000000 2925.000000 0.000000
-1.98102796 -1.77788901 -0.41169801 2441.000000 28.000000 3186.000000 0.000000
-1.96607101 -1.74282801 -0.40580699 2071.000000 19.000000 3173.000000 0.000000
-1.97153401 -1.72618794 -0.40462801 2441.000000 24.000000 2776.000000 0.000000
-1.97835898 -1.71083701 -0.40378699 2443.000000 24.000000 2745.000000 0.000000
-1.98656905 -1.69674599 -0.40328199 2218.000000 21.000000 3365.000000 0.000000
-1.97378695 -1.82257998 -0.48073199 1827.000000 29.000000 4314.000000 0.000000
-1.97841597 -1.80447304 -0.47900900 2493.000000 46.000000 4312.000000 0.000000
-1.99236298 -1.79493105 -0.47977501 1913.000000 31.000000 3936.000000 0.000000
-1.97917402 -1.76110601 -0.47345501 776.000000 11.000000 5404.000000 0.000000
-1.97153699 -1.73270297 -0.46866801 1463.000000 19.000000 3843.000000 0.000000
-1.97102797 -1.71090603 -0.46579599 1718.000000 23.000000 3437.000000 0.000000
-1.98446500 -1.70133901 -0.46656200 1603.000000 21.000000 3604.000000 0.000000
-1.98738599 -1.68277705 -0.46464700 841.000000 10.000000 5205.000000 0.000000
-1.96312106 -1.85012102 -0.55187798 916.000000 8.000000 3288.000000 0.000000
-1.96228099 -1.82673705 -0.54821002 2528.000000 29.000000 3148.000000 0.000000
-1.97201502 -1.81334102 -0.54777902 3201.000000 45.000000 3204.000000 0.000000
-1.97587299 -1.79464495 -0.54562098 2647.000000 32.000000 3183.000000 0.000000
-1.97812200 -1.77466702 -0.54303199 824.000000 7.000000 4427.000000 0.000000
-1.94729900 -1.72560406 -0.53073400 2250.000000 21.000000 2883.000000 0.000000
-1.96740699 -1.72197902 -0.53353900 2581.000000 26.000000 2652.000000 0.000000
-1.97350097 -1.70604503 -0.53224403 2369.000000 23.000000 2738.000000 0.000000
-1.98393202 -1.69390404 -0.53224403 1409.000000 11.000000 4240.000000 0.000000
-1.96708202 -1.84399903 -0.61797202 821.000000 11.000000 4959.000000 0.000000
-1.96982098 -1.82396495 -0.61510700 1927.000000 32.000000 4382.000000 0.000000
-1.97882903 -1.80987501 -0.61439103 2416.000000 44.000000 4227.000000 0.000000
-1.97694397 -1.78596199 -0.61009502 1608.000000 25.000000 4439.000000 0.000000
-1.97484004 -1.76214099 -0.60579801 884.000000 12.000000 4747.000000 0.000000
-1.97470200 -1.74034202 -0.60221702 1537.000000 23.000000 3473.000000 0.000000
-1.97876000 -1.72244501 -0.60006899 1730.000000 27.000000 3407.000000 0.000000
-1.98782098 -1.70900297 -0.59959197 1542.000000 24.000000 3780.000000 0.000000
-1.99752998 -1.69614398 -0.59935302 556.000000 7.000000 5126.000000 0.000000
-1.95216405 -1.83916795 -0.68563598 1013.000000 9.000000 3318.000000 0.000000
-1.96977103 -1.83306801 -0.68800402 2544.000000 30.000000 3316.000000 0.000000
-1.97671795 -1.81703198 -0.68642598 2861.000000 36.000000 2811.000000 0.000000
-1.97496700 -1.79320097 -0.68169099 2269.000000 25.000000 3175.000000 0.000000
-1.95790803 -1.75594103 -0.67143297 1437.000000 13.000000 2947.000000 0.000000
-1.95925295 -1.73558295 -0.66801298 2397.000000 27.000000 2438.000000 0.000000
-1.96114898 -1.71590900 -0.66485697 2440.000000 28.000000 2537.000000 0.000000
-1.97675300 -1.70825601 -0.66669798 2069.000000 22.000000 2962.000000 0.000000
-1.96875203 -1.82867396 -0.75484300 1360.000000 20.000000 4305.000000 0.000000
-1.97640896 -1.81331503 -0.75341398 1940.000000 32.000000 3665.000000 0.000000
-1.98111606 -1.79535306 -0.75084299 1979.000000 33.000000 3548.000000 0.000000
-1.96571100 -1.75947499 -0.74027300 1675.000000 26.000000 3815.000000 0.000000
-1.97001696 -1.74165797 -0.73770201 1786.000000 29.000000 3367.000000 0.000000
-1.97850394 -1.72764301 -0.73684400 1750.000000 28.000000 3275.000000 0.000000
-1.98399401 -1.71108103 -0.73484498 1409.000000 21.000000 3762.000000 0.000000
-1.98318398 -1.86513495 -0.84018499 1210.000000 11.000000 3584.000000 0.000000
-1.95138299 -1.81283104 -0.82097399 1884.000000 19.000000 2539.000000 0.000000
-1.96036696 -1.79889596 -0.82004499 2005.000000 21.000000 2177.000000 0.000000
-1.96009099 -1.77662301 -0.81508702 1515.000000 14.000000 1912.000000 0.000000
-1.94402504 -1.74047697 -0.80331302 572.000000 4.000000 1797.000000 0.000000
-1.93400300 -1.71026099 -0.79432702 184.000000 1.000000 1640.000000 0.000000
-1.96523702 -1.71648896 -0.80331302 655.000000 5.000000 1764.000000 0.000000
-1.95198500 -1.86535203 -0.90264499 1225.000000 18.000000 3349.000000 0.000000
-1.93462503 -1.82610095 -0.88870102 1684.000000 27.000000 3662.000000 0.000000
-1.94097102 -1.80968595 -0.88637698 1898.000000 31.000000 3526.000000 0.000000
-1.95273197 -1.79838204 -0.88670897 1770.000000 28.000000 3011.000000 0.000000
-1.96094203 -1.78382301 -0.88538098 1617.000000 25.000000 2726.000000 0.000000
-1.97325206 -1.77302098 -0.88604498 1502.000000 23.000000 3145.000000 0.000000
-1.96507096 -1.74394500 -0.87708098 1667.000000 26.000000 3145.000000 0.000000
-1.97148502 -1.72811699 -0.87508899 1638.000000 26.000000 3213.000000 0.000000
-1.98846102 -1.72155499 -0.87807697 1439.000000 22.000000 3741.000000 0.000000
-1.90422404 -1.83484697 -0.95915997 1765.000000 18.000000 2377.000000 0.000000
-1.92086399 -1.82827997 -0.96200800 2382.000000 27.000000 2342.000000 0.000000
-1.93136501 -1.81581998 -0.96165198 2289.000000 26.000000 2108.000000 0.000000
-1.93630505 -1.79821503 -0.95844799 1789.000000 18.000000 1908.000000 0.000000
-1.94523501 -1.78440595 -0.95737898 1751.000000 18.000000 1635.000000 0.000000
-1.94229198 -1.75989497 -0.95025802 1935.000000 20.000000 2143.000000 0.000000
-1.94539106 -1.74109304 -0.94634098 2204.000000 24.000000 2377.000000 0.000000
-1.95603704 -1.72912395 -0.94634098 2279.000000 25.000000 2412.000000 0.000000
0.00235100 -1.82656097 -0.35942200 1524.000000 8.000000 3443.000000 0.000000
-0.00851400 -1.76502597 -0.34582901 2574.000000 18.000000 2961.000000 0.000000
-0.01887500 -1.72490895 -0.33698300 2964.000000 22.000000 2798.000000 0.000000
-0.02938900 -1.72085595 -0.33612001 3295.000000 28.000000 2930.000000 0.000000
-0.03994700 -1.72064304 -0.33612001 3289.000000 27.000000 3010.000000 0.000000
-0.05053400 -1.72134197 -0.33633599 3180.000000 26.000000 3192.000000 0.000000
-0.06095300 -1.71709597 -0.33547300 2679.000000 19.000000 3490.000000 0.000000
-0.07215000 -1.73229897 -0.33892500 753.000000 3.000000 4914.000000 0.000000
-0.01479200 -1.72606397 -0.37950701 1590.000000 11.000000 4509.000000 0.000000
-0.02532300 -1.72108495 -0.37831399 2785.000000 26.000000 3560.000000 0.000000
-0.03577500 -1.71507204 -0.37688199 2979.000000 29.000000 3668.000000 0.000000
-0.04644100 -1.72064495 -0.37831399 2711.000000 24.000000 3604.000000 0.000000
-0.05702800 -1.72129798 -0.37855300 2646.000000 24.000000 4021.000000 0.000000
-0.06748100 -1.71800494 -0.37783700 1918.000000 15.000000 4457.000000 0.000000
-0.08120000 -1.79129303 -0.39597800 690.000000 4.000000 5596.000000 0.000000
-0.00860400 -1.72787094 -0.42549899 1547.000000 9.000000 3263.000000 0.000000
-0.01912500 -1.72103298 -0.42365700 2733.000000 20.000000 2634.000000 0.000000
-0.02975500 -1.72474098 -0.42470899 3018.000000 23.000000 2850.000000 0.000000
-0.04033700 -1.72452605 -0.42470899 3024.000000 23.000000 3040.000000 0.000000
-0.05083000 -1.72135401 -0.42392001 2706.000000 19.000000 3005.000000 0.000000
-0.06167200 -1.72872198 -0.42602500 2166.000000 14.000000 3656.000000 0.000000
-0.07371500 -1.76204801 -0.43523100 333.000000 1.000000 5225.000000 0.000000
-0.01237800 -1.78039706 -0.48458201 1321.000000 9.000000 4001.000000 0.000000
-0.02269000 -1.72375000 -0.46772599 2468.000000 21.000000 3327.000000 0.000000
-0.03320100 -1.71974599 -0.46658301 2778.000000 26.000000 3238.000000 0.000000
-0.04375300 -1.71950996 -0.46658301 2774.000000 26.000000 3667.000000 0.000000
-0.05433100 -1.72016704 -0.46686900 2638.000000 24.000000 3951.000000 0.000000
-0.06498600 -1.72267401 -0.46772599 2188.000000 18.000000 4130.000000 0.000000
-0.07686700 -1.75383997 -0.47715399 651.000000 4.000000 5088.000000 0.000000
0.00046400 -1.83346701 -0.55047798 1324.000000 8.000000 3933.000000 0.000000
-0.01023900 -1.75071895 -0.52352101 2256.000000 15.000000 2790.000000 0.000000
-0.02061700 -1.72210205 -0.51422602 2562.000000 18.000000 2677.000000 0.000000
-0.03100400 -1.71243703 -0.51112700 2693.000000 19.000000 2670.000000 0.000000
-0.04151100 -1.71221399 -0.51112700 2798.000000 21.000000 3103.000000 0.000000
-0.05213500 -1.71572900 -0.51236701 2486.000000 17.000000 3216.000000 0.000000
-0.06308600 -1.72677803 -0.51608503 1876.000000 11.000000 3181.000000 0.000000
-0.07793300 -1.82419705 -0.54799902 346.000000 1.000000 3271.000000 0.000000
0.00209900 -1.83591497 -0.59853601 831.000000 6.000000 4523.000000 0.000000
-0.00911100 -1.81608498 -0.59156400 1793.000000 16.000000 3466.000000 0.000000
-0.01955600 -1.73770499 -0.56400800 2058.000000 16.000000 3213.000000 0.000000
-0.03003300 -1.72529101 -0.55969203 2213.000000 18.000000 3080.000000 0.000000
-0.04043900 -1.71658695 -0.55670398 2371.000000 20.000000 3413.000000 0.000000
-0.05112600 -1.72196400 -0.55869597 2272.000000 19.000000 3822.000000 0.000000
-0.06150100 -1.71596098 -0.55670398 2039.000000 16.000000 3890.000000 0.000000
-0.07326100 -1.74665594 -0.56765997 1032.000000 7.000000 4211.000000 0.000000
0.01133600 -1.82202399 -0.64580399 1911.000000 12.000000 3224.000000 0.000000
0.00017900 -1.78655005 -0.63227302 2274.000000 15.000000 2506.000000 0.000000
-0.01057400 -1.75568104 -0.62052202 2339.000000 15.000000 2556.000000 0.000000
-0.02081500 -1.71447098 -0.60485500 2503.000000 17.000000 2527.000000 0.000000
-0.03133400 -1.71431100 -0.60485500 2668.000000 19.000000 2636.000000 0.000000
-0.04204100 -1.72156000 -0.60770297 2460.000000 17.000000 2879.000000 0.000000
-0.05234000 -1.71286297 -0.60449803 2371.000000 16.000000 2997.000000 0.000000
-0.06291900 -1.71437800 -0.60521102 1665.000000 10.000000 3437.000000 0.000000
-0.07706200 -1.79704595 -0.63690197 614.000000 3.000000 3240.000000 0.000000
0.01777400 -1.83496404 -0.69936901 1112.000000 9.000000 3926.000000 0.000000
0.00625200 -1.78966796 -0.68086201 1927.000000 17.000000 3054.000000 0.000000
-0.00472800 -1.78319204 -0.67821902 2253.000000 22.000000 2922.000000 0.000000
-0.01547100 -1.75257397 -0.66575497 2053.000000 16.000000 2912.000000 0.000000
-0.02601500 -1.73578000 -0.65895700 2027.000000 16.000000 2880.000000 0.000000
-0.03647400 -1.72540498 -0.65480298 2233.000000 18.000000 3153.000000 0.000000
-0.04683000 -1.71589196 -0.65102601 2246.000000 19.000000 3265.000000 0.000000
-0.05730000 -1.71372104 -0.65026999 2067.000000 16.000000 3485.000000 0.000000
-0.06815800 -1.72258997 -0.65404701 1584.000000 11.000000 3613.000000 0.000000
0.03275000 -1.82151794 -0.74926299 1389.000000 8.000000 3028.000000 0.000000
0.02150200 -1.81527495 -0.74645001 2231.000000 15.000000 2934.000000 0.000000
0.01035800 -1.81445706 -0.74604797 2633.000000 20.000000 2921.000000 0.000000
-0.00072600 -1.77236199 -0.72756600 2061.000000 14.000000 2861.000000 0.000000
-0.01142000 -1.74760103 -0.71671802 1976.000000 12.000000 2891.000000 0.000000
-0.02169900 -1.71453404 -0.70225400 2206.000000 14.000000 2811.000000 0.000000
-0.03229100 -1.71803105 -0.70386100 2360.000000 16.000000 3007.000000 0.000000
-0.04254900 -1.70681500 -0.69903898 2254.000000 15.000000 3287.000000 0.000000
-0.05302100 -1.70652199 -0.69903898 2086.000000 13.000000 3546.000000 0.000000
-0.06411700 -1.72263598 -0.70627099 1408.000000 8.000000 3197.000000 0.000000
0.04435200 -1.80946803 -0.79409099 1280.000000 10.000000 3067.000000 0.000000
0.03296700 -1.79611599 -0.78774703 1463.000000 12.000000 2490.000000 0.000000
0.02189300 -1.79266000 -0.78605503 1831.000000 16.000000 2175.000000 0.000000
0.01091600 -1.79547906 -0.78732401 1599.000000 14.000000 2292.000000 0.000000
-0.00012200 -1.78645098 -0.78309500 1735.000000 15.000000 2770.000000 0.000000
-0.01111500 -1.79457200 -0.78690100 1619.000000 14.000000 3187.000000 0.000000
-0.02162800 -1.74463403 -0.76363999 1809.000000 16.000000 2702.000000 0.000000
-0.03183600 -1.71366298 -0.74926001 2053.000000 16.000000 2734.000000 0.000000
-0.04233000 -1.71252894 -0.74883699 2110.000000 17.000000 2894.000000 0.000000
-0.05296600 -1.71676600 -0.75095201 2014.000000 16.000000 3242.000000 0.000000
-0.06356100 -1.71822000 -0.75179797 1890.000000 15.000000 3384.000000 0.000000
-0.07528200 -1.74677098 -0.76533198 967.000000 7.000000 2967.000000 0.000000
0.08165700 -1.70527101 -0.80059302 564.000000 2.000000 1420.000000 0.000000
0.07100900 -1.70126998 -0.79835898 511.000000 2.000000 1382.000000 0.000000
0.06056900 -1.70167398 -0.79835898 514.000000 2.000000 1436.000000 0.000000
0.05043400 -1.71274602 -0.80371898 424.000000 2.000000 1441.000000 0.000000
0.03992400 -1.71302295 -0.80371898 419.000000 2.000000 1527.000000 0.000000
0.03017300 -1.75975394 -0.82694602 649.000000 3.000000 1555.000000 0.000000
0.01942100 -1.76437902 -0.82917899 934.000000 5.000000 1639.000000 0.000000
0.00862300 -1.77162302 -0.83275300 1441.000000 8.000000 1716.000000 0.000000
-0.00221200 -1.75464296 -0.82426602 1781.000000 11.000000 1857.000000 0.000000
-0.01277300 -1.72954500 -0.81175900 1947.000000 13.000000 2067.000000 0.000000
-0.02319300 -1.71601498 -0.80505902 2341.000000 16.000000 2090.000000 0.000000
-0.03407000 -1.73283696 -0.81354600 2151.000000 15.000000 2174.000000 0.000000
-0.04420200 -1.71381295 -0.80416602 2449.000000 17.000000 2425.000000 0.000000
-0.05486300 -1.71798003 -0.80639899 2290.000000 16.000000 2871.000000 0.000000
-0.06623800 -1.73906803 -0.81711900 1598.000000 10.000000 3125.000000 0.000000
-0.02650600 -1.73438299 -0.86489701 1684.000000 15.000000 2368.000000 0.000000
-0.03696300 -1.72446501 -0.85975498 1723.000000 15.000000 2378.000000 0.000000
-0.04745500 -1.72067106 -0.85788500 1715.000000 15.000000 2412.000000 0.000000
-0.05804000 -1.72123098 -0.85835201 1673.000000 15.000000 2651.000000 0.000000
-0.06893000 -1.72967601 -0.86302698 1352.000000 11.000000 2919.000000 0.000000
2.01051903 -1.70799196 -0.15171100 2719.000000 28.000000 3554.000000 0.000000
2.01285005 -1.73135900 -0.15294500 2241.000000 21.000000 3287.000000 0.000000
2.00369191 -1.74498796 -0.15309000 2314.000000 22.000000 2808.000000 0.000000
2.02061510 -1.78166902 -0.15577400 2646.000000 32.000000 4044.000000 0.000000
2.01113200 -1.79536295 -0.15591900 1860.000000 19.000000 4256.000000 0.000000
1.98824406 -1.79696298 -0.15475801 176.000000 1.000000 3553.000000 0.000000
2.01598191 -1.69153702 -0.21307699 1298.000000 16.000000 3413.000000 0.000000
1.99265301 -1.69293797 -0.21144500 1544.000000 20.000000 3943.000000 0.000000
2.00867295 -1.72781205 -0.21480501 1291.000000 16.000000 4306.000000 0.000000
2.00930691 -1.74989402 -0.21624500 1410.000000 18.000000 3086.000000 0.000000
2.00750303 -1.77007699 -0.21739800 1699.000000 27.000000 3542.000000 0.000000
1.99288702 -1.77905202 -0.21691801 1356.000000 17.000000 4729.000000 0.000000
1.99450302 -1.80257499 -0.21855000 578.000000 8.000000 5355.000000 0.000000
2.03537703 -1.68714297 -0.27984199 2283.000000 21.000000 3164.000000 0.000000
2.02346611 -1.69832301 -0.27960101 2705.000000 28.000000 3094.000000 0.000000
2.01149511 -1.70942104 -0.27935901 2569.000000 26.000000 3388.000000 0.000000
2.02353311 -1.74116600 -0.28297901 1604.000000 15.000000 3881.000000 0.000000
2.05321288 -1.78878200 -0.28949401 2280.000000 25.000000 2852.000000 0.000000
2.03996611 -1.79937506 -0.28913200 2697.000000 33.000000 3154.000000 0.000000
2.03480697 -1.81715095 -0.29009801 2396.000000 27.000000 3685.000000 0.000000
2.03613210 -1.84092605 -0.29214901 1228.000000 11.000000 4829.000000 0.000000
2.02655506 -1.67696905 -0.33977199 1189.000000 14.000000 4494.000000 0.000000
2.01470804 -1.68810296 -0.33948499 1768.000000 24.000000 3830.000000 0.000000
2.00506806 -1.70107198 -0.33962801 1880.000000 26.000000 4069.000000 0.000000
2.00361300 -1.72106802 -0.34135199 1265.000000 16.000000 4504.000000 0.000000
2.05507302 -1.78714001 -0.35327601 928.000000 13.000000 5036.000000 0.000000
2.05373597 -1.80820405 -0.35514399 1704.000000 27.000000 3757.000000 0.000000
2.04112291 -1.81945598 -0.35485700 1826.000000 29.000000 3537.000000 0.000000
2.03580594 -1.83724201 -0.35600600 897.000000 12.000000 4478.000000 0.000000
2.04750896 -1.67611301 -0.40900499 1450.000000 12.000000 4249.000000 0.000000
2.03187609 -1.68423796 -0.40782601 2424.000000 24.000000 3092.000000 0.000000
2.02452207 -1.69921005 -0.40849999 2535.000000 25.000000 3373.000000 0.000000
2.01330709 -1.71096206 -0.40833101 2243.000000 21.000000 3375.000000 0.000000
2.05131793 -1.76509798 -0.41927201 728.000000 6.000000 5142.000000 0.000000
2.05159307 -1.78736901 -0.42179701 2285.000000 25.000000 3611.000000 0.000000
2.07088399 -1.82667303 -0.42869800 3103.000000 42.000000 3538.000000 0.000000
2.04640794 -1.82752001 -0.42566800 1643.000000 16.000000 3737.000000 0.000000
2.03222990 -1.67810905 -0.47077501 1398.000000 21.000000 3990.000000 0.000000
2.02415705 -1.69243205 -0.47134900 1640.000000 25.000000 3629.000000 0.000000
2.01373410 -1.70482004 -0.47134900 1622.000000 25.000000 3813.000000 0.000000
2.03830409 -1.74711394 -0.48034900 971.000000 14.000000 4798.000000 0.000000
2.05055499 -1.77949703 -0.48628601 932.000000 13.000000 4630.000000 0.000000
2.05953002 -1.80950701 -0.49145600 2263.000000 40.000000 4627.000000 0.000000
2.04692006 -1.82080805 -0.49107301 2035.000000 34.000000 4201.000000 0.000000
2.02767611 -1.82612002 -0.48896599 567.000000 7.000000 5413.000000 0.000000
2.04097605 -1.67134905 -0.53871697 2017.000000 21.000000 3305.000000 0.000000
2.02842903 -1.68197000 -0.53806901 2393.000000 27.000000 3004.000000 0.000000
2.01806998 -1.69438398 -0.53806901 2332.000000 26.000000 3301.000000 0.000000
2.03812504 -1.73268104 -0.54691601 1566.000000 15.000000 4050.000000 0.000000
2.04668808 -1.76172495 -0.55252498 1626.000000 16.000000 3778.000000 0.000000
2.06380010 -1.79864204 -0.56072402 3199.000000 45.000000 4017.000000 0.000000
2.05418897 -1.81256497 -0.56115597 2569.000000 30.000000 3877.000000 0.000000
2.04957891 -1.83099198 -0.56309700 564.000000 4.000000 5033.000000 0.000000
2.04169798 -1.68116796 -0.60531998 1686.000000 27.000000 3983.000000 0.000000
2.03059697 -1.69304395 -0.60508198 1668.000000 26.000000 3527.000000 0.000000
2.01794100 -1.70359504 -0.60436600 1648.000000 26.000000 3852.000000 0.000000
2.03849292 -1.74239898 -0.61439103 1185.000000 17.000000 3877.000000 0.000000
2.06158495 -1.78405595 -0.62537199 1891.000000 31.000000 4276.000000 0.000000
2.05206203 -1.79795003 -0.62584901 2391.000000 43.000000 4818.000000 0.000000
2.04972005 -1.81822801 -0.62871301 1308.000000 19.000000 4282.000000 0.000000
2.04418302 -1.67456806 -0.67485201 2261.000000 25.000000 3187.000000 0.000000
2.03758097 -1.69016099 -0.67616701 2153.000000 23.000000 3012.000000 0.000000
2.04194188 -1.71504903 -0.68142802 2299.000000 26.000000 3312.000000 0.000000
2.03284907 -1.72879601 -0.68195403 2211.000000 24.000000 3323.000000 0.000000
2.06970501 -1.78217995 -0.69905102 2689.000000 33.000000 3560.000000 0.000000
2.04710007 -1.78469598 -0.69484299 2209.000000 24.000000 3131.000000 0.000000
2.07876801 -1.83491302 -0.71036100 510.000000 4.000000 2909.000000 0.000000
2.04510307 -1.67864096 -0.74255800 1609.000000 25.000000 3958.000000 0.000000
2.03550196 -1.69176900 -0.74284399 1806.000000 29.000000 3511.000000 0.000000
2.02434897 -1.70361102 -0.74255800 1584.000000 25.000000 3759.000000 0.000000
2.03869104 -1.73709500 -0.75227201 1437.000000 22.000000 3625.000000 0.000000
2.04325104 -1.76269400 -0.75827098 1944.000000 32.000000 4635.000000 0.000000
2.03528810 -1.77771604 -0.75941402 1916.000000 32.000000 5603.000000 0.000000
2.02649808 -1.79207206 -0.76027101 1877.000000 31.000000 6733.000000 0.000000
2.02690291 -1.81468296 -0.76484197 1221.000000 18.000000 5582.000000 0.000000
1.95175600 -1.70446205 -0.79742599 189.000000 1.000000 1510.000000 0.000000
