2.04003191 -2.09081006 -0.90494299 1099.000000 11.000000 2693.000000 0.000000
1.96331000 -2.22045708 -0.91888601 798.000000 8.000000 2097.000000 0.000000
2.04485011 -2.13925505 -0.99394399 963.000000 15.000000 2436.000000 0.000000
1.96488702 -2.08120894 -0.95974803 1243.000000 20.000000 2158.000000 0.000000
1.94885802 -2.08978200 -0.95808798 1474.000000 24.000000 2011.000000 0.000000
1.93855906 -2.10447192 -0.95941597 1405.000000 23.000000 2116.000000 0.000000
1.95803595 -2.15186405 -0.97634798 1202.000000 20.000000 1920.000000 0.000000
1.99910700 -2.22409606 -1.00489998 890.000000 14.000000 2012.000000 0.000000
-0.03332000 -2.31537104 -0.89538401 481.000000 5.000000 1684.000000 0.000000
-0.04785600 -2.33271194 -0.90256000 418.000000 4.000000 1772.000000 0.000000
0.10523000 -2.16632104 -0.90153998 1457.000000 10.000000 3054.000000 0.000000
0.09159200 -2.15869093 -0.89792401 2092.000000 17.000000 3537.000000 0.000000
0.07834500 -2.15921211 -0.89792401 1996.000000 16.000000 3005.000000 0.000000
0.06493200 -2.15416002 -0.89551401 1572.000000 11.000000 2194.000000 0.000000
0.05171400 -2.15451789 -0.89551401 1728.000000 13.000000 2385.000000 0.000000
0.03858700 -2.16028810 -0.89792401 1759.000000 13.000000 2763.000000 0.000000
0.02547400 -2.17330408 -0.90354902 1485.000000 11.000000 2115.000000 0.000000
0.01227400 -2.20089102 -0.91560298 1039.000000 7.000000 2188.000000 0.000000
0.10805600 -2.18339396 -0.96960902 1227.000000 13.000000 2240.000000 0.000000
0.09346800 -2.15776491 -0.95734400 1336.000000 15.000000 2220.000000 0.000000
0.07955400 -2.14109397 -0.94930798 1541.000000 18.000000 2141.000000 0.000000
0.06653400 -2.14516401 -0.95099998 1419.000000 16.000000 2156.000000 0.000000
0.05329700 -2.14281511 -0.94973099 1359.000000 15.000000 1954.000000 0.000000
0.04009200 -2.14038301 -0.94846201 1271.000000 14.000000 2058.000000 0.000000
0.02669400 -2.12246799 -0.94000399 1665.000000 19.000000 2214.000000 0.000000
0.01388400 -2.14796305 -0.95184600 1468.000000 16.000000 2317.000000 0.000000
0.00078100 -2.18153596 -0.96749401 887.000000 9.000000 2088.000000 0.000000
0.08908200 -2.14288306 -1.01901197 1570.000000 12.000000 1899.000000 0.000000
0.07552700 -2.13176489 -1.01320601 1585.000000 12.000000 1906.000000 0.000000
0.06244500 -2.13218808 -1.01320601 1645.000000 12.000000 1683.000000 0.000000
0.04952200 -2.13968706 -1.01677895 1780.000000 14.000000 1891.000000 0.000000
0.03643600 -2.14263391 -1.01811898 1990.000000 16.000000 2088.000000 0.000000
0.02335300 -2.14908004 -1.02124596 1590.000000 12.000000 1768.000000 0.000000
1.97710395 1.88696802 -0.29070100 2215.000000 24.000000 3670.000000 0.000000
2.00381994 1.88909400 -0.29323500 2440.000000 28.000000 3301.000000 0.000000
1.97103906 1.83551705 -0.28587499 1890.000000 19.000000 2719.000000 0.000000
1.96399105 1.80659604 -0.28285801 2305.000000 25.000000 2286.000000 0.000000
1.97062802 1.79050803 -0.28213400 2114.000000 19.000000 2276.000000 0.000000
1.99192500 1.78766000 -0.28382400 1503.000000 14.000000 3223.000000 0.000000
1.99345601 1.90609300 -0.35830501 1731.000000 27.000000 3224.000000 0.000000
2.00152206 1.89042306 -0.35758600 1806.000000 29.000000 3492.000000 0.000000
1.97695100 1.84430003 -0.35040301 1381.000000 20.000000 3638.000000 0.000000
1.98096204 1.82541800 -0.34896600 1755.000000 28.000000 2958.000000 0.000000
1.96654403 1.78987706 -0.34393799 1599.000000 24.000000 2695.000000 0.000000
1.97381496 1.77446306 -0.34322000 1233.000000 15.000000 3361.000000 0.000000
1.99793398 1.93038297 -0.43155900 868.000000 7.000000 4066.000000 0.000000
2.00974202 1.91808796 -0.43155900 2790.000000 35.000000 2692.000000 0.000000
2.01070905 1.89558196 -0.42903399 2235.000000 24.000000 2944.000000 0.000000
1.96384501 1.82882404 -0.41540101 1902.000000 19.000000 2634.000000 0.000000
1.96994805 1.81207001 -0.41422200 2272.000000 25.000000 2246.000000 0.000000
1.97373104 1.79332399 -0.41253901 2228.000000 24.000000 2196.000000 0.000000
1.99497294 1.79039204 -0.41489601 1455.000000 14.000000 3049.000000 0.000000
1.99864602 1.91504598 -0.49662599 1735.000000 27.000000 3027.000000 0.000000
2.01107001 1.90342295 -0.49681801 1807.000000 29.000000 3296.000000 0.000000
1.97903502 1.85009694 -0.48513699 1262.000000 18.000000 3144.000000 0.000000
1.96514595 1.81457698 -0.47843400 1621.000000 25.000000 2690.000000 0.000000
1.96610403 1.79321098 -0.47575301 1512.000000 23.000000 2519.000000 0.000000
1.98143995 1.78506100 -0.47690201 1333.000000 20.000000 2868.000000 0.000000
1.98942602 1.77025497 -0.47613600 351.000000 4.000000 4317.000000 0.000000
1.99999595 1.93170500 -0.57021701 2142.000000 23.000000 2880.000000 0.000000
2.01746511 1.92478597 -0.57194400 2834.000000 36.000000 2825.000000 0.000000
2.01217508 1.89630699 -0.56676501 1255.000000 11.000000 2861.000000 0.000000
1.96514106 1.82939601 -0.54907298 2099.000000 22.000000 2357.000000 0.000000
1.96410501 1.80607402 -0.54540497 2206.000000 24.000000 2179.000000 0.000000
1.97370303 1.79267597 -0.54497403 1839.000000 18.000000 1869.000000 0.000000
1.99266398 1.78770101 -0.54734701 1255.000000 11.000000 2516.000000 0.000000
1.98633206 1.93210804 -0.63635200 1281.000000 19.000000 3273.000000 0.000000
1.99745095 1.91920996 -0.63611299 2177.000000 38.000000 3306.000000 0.000000
2.01411295 1.91160405 -0.63778400 1298.000000 19.000000 3181.000000 0.000000
1.99962699 1.87459803 -0.62895203 1104.000000 16.000000 3470.000000 0.000000
1.96128201 1.81603503 -0.61224300 1648.000000 26.000000 2680.000000 0.000000
1.97024202 1.80199695 -0.61152703 1550.000000 24.000000 2365.000000 0.000000
1.97694397 1.78596199 -0.61009502 1365.000000 20.000000 2542.000000 0.000000
1.96905100 1.75696003 -0.60388798 467.000000 6.000000 3136.000000 0.000000
1.96319306 1.87240899 -0.69405299 822.000000 7.000000 1802.000000 0.000000
1.88921905 1.75818002 -0.65801799 139.000000 1.000000 1247.000000 0.000000
1.93621302 1.77983499 -0.67143297 351.000000 2.000000 1227.000000 0.000000
1.98211300 1.79968297 -0.68432099 809.000000 7.000000 1466.000000 0.000000
1.99455500 1.78877401 -0.68484700 826.000000 7.000000 1735.000000 0.000000
0.00841100 1.74865198 -0.21176600 2882.000000 27.000000 3017.000000 0.000000
0.01913200 1.74757802 -0.21162200 2713.000000 24.000000 3611.000000 0.000000
0.02989900 1.75039601 -0.21205300 2738.000000 25.000000 3073.000000 0.000000
0.04068000 1.75215805 -0.21234100 2793.000000 26.000000 3382.000000 0.000000
0.05188600 1.76869297 -0.21478300 2368.000000 20.000000 3728.000000 0.000000
0.06418600 1.81186104 -0.22110400 594.000000 3.000000 4671.000000 0.000000
-0.00265200 1.80818796 -0.26593500 797.000000 4.000000 3964.000000 0.000000
0.00820400 1.76381302 -0.25836101 2984.000000 23.000000 2255.000000 0.000000
0.01902600 1.76372898 -0.25836101 3013.000000 23.000000 2400.000000 0.000000
0.02981300 1.76160800 -0.25802401 3123.000000 25.000000 2542.000000 0.000000
0.04064500 1.76237702 -0.25819200 3115.000000 24.000000 2379.000000 0.000000
0.05145800 1.76209497 -0.25819200 3005.000000 23.000000 2582.000000 0.000000
0.06418900 1.81494105 -0.26728100 2161.000000 13.000000 4195.000000 0.000000
0.07711300 1.85686195 -0.27451900 465.000000 2.000000 4173.000000 0.000000
0.13511200 1.86836898 -0.27704400 510.000000 2.000000 4011.000000 0.000000
-0.01612300 1.86695004 -0.32083499 447.000000 2.000000 4106.000000 0.000000
0.00662600 1.76002502 -0.29996201 2194.000000 17.000000 2942.000000 0.000000
0.01742500 1.75995100 -0.29996201 2602.000000 23.000000 2911.000000 0.000000
0.02825000 1.76177299 -0.30034500 2846.000000 26.000000 2850.000000 0.000000
0.03906000 1.76156700 -0.30034500 2725.000000 25.000000 3042.000000 0.000000
0.04994500 1.76423800 -0.30091900 2374.000000 20.000000 3436.000000 0.000000
0.06155900 1.78842294 -0.30570599 2299.000000 19.000000 4050.000000 0.000000
0.07426200 1.83312702 -0.31451499 1369.000000 9.000000 4973.000000 0.000000
0.13276000 1.86327803 -0.32102600 354.000000 2.000000 4585.000000 0.000000
0.00851900 1.76600301 -0.34604499 2734.000000 19.000000 2345.000000 0.000000
0.01934400 1.76494098 -0.34582901 2853.000000 21.000000 2074.000000 0.000000
0.03027700 1.77064705 -0.34712401 2858.000000 21.000000 2400.000000 0.000000
0.04093100 1.76164198 -0.34518200 3027.000000 23.000000 2540.000000 0.000000
0.05162100 1.75745404 -0.34431899 2532.000000 17.000000 2768.000000 0.000000
0.06350100 1.78735399 -0.35100701 2838.000000 21.000000 3361.000000 0.000000
0.07620400 1.82790399 -0.36006901 1760.000000 10.000000 4116.000000 0.000000
0.00420600 1.76399398 -0.38881701 1906.000000 14.000000 3334.000000 0.000000
0.01502400 1.76296401 -0.38857800 2549.000000 22.000000 2947.000000 0.000000
0.02581700 1.76089704 -0.38810101 2597.000000 23.000000 3035.000000 0.000000
0.03662100 1.76070595 -0.38810101 2632.000000 23.000000 3075.000000 0.000000
0.04735200 1.75753498 -0.38738501 2423.000000 20.000000 3368.000000 0.000000
0.05867300 1.77468300 -0.39168099 2282.000000 19.000000 3933.000000 0.000000
0.07078100 1.80728400 -0.39979699 1616.000000 12.000000 4744.000000 0.000000
0.14362299 1.88964701 -0.42104200 486.000000 3.000000 4136.000000 0.000000
-0.00202800 1.80411005 -0.44627801 729.000000 3.000000 3510.000000 0.000000
0.00870900 1.74620199 -0.43049601 2350.000000 15.000000 2313.000000 0.000000
0.01958400 1.75962198 -0.43417901 2644.000000 18.000000 2223.000000 0.000000
0.03036300 1.75850403 -0.43391600 2614.000000 18.000000 2112.000000 0.000000
0.04115200 1.75828397 -0.43391600 2623.000000 18.000000 2296.000000 0.000000
0.05176500 1.75221300 -0.43233699 2309.000000 15.000000 2603.000000 0.000000
0.06367500 1.78367901 -0.44101700 2099.000000 13.000000 3209.000000 0.000000
0.07576700 1.81024396 -0.44838199 518.000000 2.000000 4218.000000 0.000000
0.00146900 1.76989806 -0.48143899 1424.000000 10.000000 3646.000000 0.000000
0.01228800 1.76123095 -0.47886801 2480.000000 21.000000 3126.000000 0.000000
0.02311500 1.76303899 -0.47943899 2697.000000 24.000000 2953.000000 0.000000
0.03394900 1.76382196 -0.47972500 2583.000000 23.000000 3216.000000 0.000000
0.04455000 1.75399995 -0.47686800 2371.000000 20.000000 3263.000000 0.000000
0.05561900 1.76423097 -0.48001099 1819.000000 14.000000 3398.000000 0.000000
0.06834200 1.81748903 -0.49600899 847.000000 5.000000 4457.000000 0.000000
0.01018900 1.74311304 -0.52104300 2128.000000 13.000000 2312.000000 0.000000
0.02105400 1.75632703 -0.52538002 2524.000000 17.000000 2186.000000 0.000000
0.03183000 1.75616503 -0.52538002 2476.000000 17.000000 2182.000000 0.000000
0.04260500 1.75593698 -0.52538002 2441.000000 16.000000 2472.000000 0.000000
0.05317100 1.74899006 -0.52321100 2146.000000 13.000000 2419.000000 0.000000
0.06503600 1.77903497 -0.53312701 876.000000 4.000000 3398.000000 0.000000
-0.00209000 1.83308494 -0.59754002 679.000000 5.000000 3212.000000 0.000000
0.00894600 1.75665796 -0.57064801 1987.000000 15.000000 2897.000000 0.000000
0.01969000 1.75279701 -0.56932002 2338.000000 20.000000 2659.000000 0.000000
0.03050200 1.75641596 -0.57064801 2115.000000 17.000000 2810.000000 0.000000
0.04127800 1.75619602 -0.57064801 2083.000000 16.000000 2806.000000 0.000000
0.05213100 1.75873804 -0.57164401 1819.000000 14.000000 3000.000000 0.000000
0.06500400 1.82060695 -0.59355599 626.000000 4.000000 3935.000000 0.000000
-0.00013200 1.85850298 -0.65969199 1324.000000 8.000000 2567.000000 0.000000
0.01051000 1.74633706 -0.61696100 2194.000000 14.000000 2338.000000 0.000000
0.02123700 1.74717402 -0.61731702 2492.000000 17.000000 2216.000000 0.000000
0.03194000 1.74607694 -0.61696100 2629.000000 19.000000 2216.000000 0.000000
0.04265300 1.74584794 -0.61696100 2457.000000 17.000000 2202.000000 0.000000
0.05371600 1.75676095 -0.62123400 2298.000000 15.000000 2636.000000 0.000000
0.01545300 1.74979603 -0.66462201 2044.000000 16.000000 2326.000000 0.000000
0.02610800 1.74318695 -0.66197801 2229.000000 18.000000 2483.000000 0.000000
0.03682100 1.74391997 -0.66235602 2319.000000 19.000000 2644.000000 0.000000
0.04752100 1.74366105 -0.66235602 2108.000000 17.000000 2912.000000 0.000000
0.05893600 1.76647401 -0.67179799 1528.000000 11.000000 2872.000000 0.000000
-1.99495399 1.80548406 -0.08975700 1891.000000 31.000000 5050.000000 0.000000
-1.99711204 1.82981801 -0.09062100 1654.000000 26.000000 3674.000000 0.000000
-1.97338200 1.83050799 -0.08980500 594.000000 8.000000 4244.000000 0.000000
-1.99551404 1.78140700 -0.15439500 3295.000000 40.000000 4406.000000 0.000000
-1.98750401 1.79629397 -0.15468600 2782.000000 34.000000 4515.000000 0.000000
-1.97865200 1.81047595 -0.15490299 1029.000000 9.000000 3870.000000 0.000000
-1.99721098 1.69679797 -0.21202099 1964.000000 27.000000 3264.000000 0.000000
-1.99356198 1.71485305 -0.21288501 1686.000000 22.000000 3722.000000 0.000000
-1.99352396 1.73618901 -0.21422900 1100.000000 13.000000 3398.000000 0.000000
-1.98059106 1.74641705 -0.21394099 1662.000000 22.000000 3210.000000 0.000000
-1.98099005 1.76846302 -0.21538100 1884.000000 26.000000 4040.000000 0.000000
-1.97084105 1.78125203 -0.21547700 1492.000000 19.000000 4100.000000 0.000000
-1.97016895 1.80270302 -0.21682200 588.000000 6.000000 5207.000000 0.000000
-1.98968601 1.71201301 -0.27754900 2422.000000 23.000000 2792.000000 0.000000
-1.98587704 1.73006201 -0.27863500 1849.000000 16.000000 2627.000000 0.000000
-1.97448099 1.74155700 -0.27851501 2474.000000 24.000000 3086.000000 0.000000
-1.96671796 1.75628603 -0.27899700 3100.000000 36.000000 3851.000000 0.000000
-1.95590401 1.76831996 -0.27899700 3054.000000 35.000000 4182.000000 0.000000
-1.94209003 1.77760601 -0.27851501 1711.000000 14.000000 4158.000000 0.000000
-1.99826801 1.69532001 -0.33833501 1750.000000 23.000000 2807.000000 0.000000
-1.98707604 1.70690596 -0.33819199 1726.000000 23.000000 2800.000000 0.000000
-1.98703301 1.72814298 -0.34020299 1434.000000 18.000000 3413.000000 0.000000
-1.97416103 1.73834395 -0.33977199 1190.000000 14.000000 3955.000000 0.000000
-1.95532095 1.74319196 -0.33819199 2028.000000 29.000000 3906.000000 0.000000
-1.94385302 1.75449502 -0.33804801 2501.000000 39.000000 4195.000000 0.000000
-1.93378198 1.76705599 -0.33819199 2062.000000 29.000000 4763.000000 0.000000
-1.92508602 1.78090096 -0.33862299 708.000000 8.000000 4920.000000 0.000000
-1.99003196 1.69116199 -0.40311399 2354.000000 22.000000 2228.000000 0.000000
-1.98185802 1.70527101 -0.40361801 2161.000000 20.000000 2268.000000 0.000000
-1.97432899 1.71999002 -0.40429199 2049.000000 18.000000 2772.000000 0.000000
-1.98442805 1.75033998 -0.40900499 726.000000 5.000000 3997.000000 0.000000
-1.94866395 1.74014699 -0.40328199 2385.000000 23.000000 2992.000000 0.000000
-1.94891298 1.76199305 -0.40580699 3103.000000 36.000000 3304.000000 0.000000
-1.93588495 1.77192104 -0.40530199 3289.000000 40.000000 3808.000000 0.000000
-1.92497599 1.78376496 -0.40530199 1935.000000 17.000000 3501.000000 0.000000
-1.92189896 1.80296600 -0.40715301 451.000000 3.000000 4249.000000 0.000000
-1.98607397 1.70247805 -0.46694499 1722.000000 23.000000 2551.000000 0.000000
-1.97707498 1.71591699 -0.46732801 1545.000000 20.000000 2477.000000 0.000000
-1.96429396 1.72607505 -0.46675301 850.000000 10.000000 3443.000000 0.000000
-1.94880700 1.75529599 -0.46828499 1556.000000 20.000000 3409.000000 0.000000
-1.93146396 1.76127899 -0.46656200 2352.000000 36.000000 3986.000000 0.000000
-1.92134297 1.77376199 -0.46675301 2413.000000 37.000000 4636.000000 0.000000
-1.91329503 1.78819394 -0.46751899 1125.000000 13.000000 3657.000000 0.000000
-1.98681402 1.68901598 -0.53202802 2211.000000 21.000000 2276.000000 0.000000
-1.97049499 1.69607604 -0.53030199 2412.000000 23.000000 2284.000000 0.000000
-1.96520197 1.71262801 -0.53181303 2119.000000 19.000000 2381.000000 0.000000
-1.96929300 1.73758197 -0.53612798 1002.000000 9.000000 2814.000000 0.000000
-1.94058299 1.75506401 -0.53397000 2083.000000 19.000000 2753.000000 0.000000
-1.92833805 1.76561904 -0.53353900 3112.000000 36.000000 3255.000000 0.000000
-1.91389000 1.77409697 -0.53245997 3252.000000 40.000000 4008.000000 0.000000
-1.91150796 1.79383004 -0.53504902 1924.000000 17.000000 3531.000000 0.000000
-1.99342406 1.68296003 -0.59648800 750.000000 10.000000 2774.000000 0.000000
-1.98971200 1.70082796 -0.59863698 1575.000000 24.000000 2622.000000 0.000000
-1.96820998 1.70348895 -0.59505600 1782.000000 24.000000 2613.000000 0.000000
-1.96869004 1.72511697 -0.59863698 1475.000000 22.000000 2699.000000 0.000000
-1.95515800 1.73459101 -0.59768200 617.000000 8.000000 2503.000000 0.000000
-1.95027196 1.77345502 -0.60317200 1021.000000 14.000000 2810.000000 0.000000
-1.93362999 1.78013504 -0.60126299 2079.000000 35.000000 3467.000000 0.000000
-1.91982603 1.78932202 -0.60030800 2607.000000 49.000000 3975.000000 0.000000
-1.89961505 1.79241800 -0.59720498 1728.000000 27.000000 4196.000000 0.000000
-1.89842701 1.81341600 -0.60054600 499.000000 6.000000 3075.000000 0.000000
-1.98362803 1.68689501 -0.66433102 1670.000000 16.000000 2145.000000 0.000000
-1.96666300 1.69336605 -0.66196400 1813.000000 18.000000 1774.000000 0.000000
-1.96059704 1.70920706 -0.66354197 2229.000000 24.000000 2159.000000 0.000000
-1.95007205 1.72120500 -0.66354197 1593.000000 15.000000 2414.000000 0.000000
-1.98419499 1.81744504 -0.68800402 1228.000000 11.000000 2647.000000 0.000000
-1.92068005 1.78101504 -0.66853899 2768.000000 34.000000 2794.000000 0.000000
-1.90549695 1.78880203 -0.66696101 3077.000000 41.000000 3238.000000 0.000000
-1.89588296 1.80179000 -0.66748703 2953.000000 38.000000 3735.000000 0.000000
-1.93065596 1.85756099 -0.68484700 1211.000000 11.000000 3113.000000 0.000000
-1.97858799 1.70707798 -0.73284501 1928.000000 32.000000 2510.000000 0.000000
1.94305301 -2.13868594 -0.45057899 1943.000000 22.000000 2570.000000 0.000000
1.92594600 -2.14616394 -0.44956899 2207.000000 26.000000 1936.000000 0.000000
1.91470098 -2.16015506 -0.45007399 2121.000000 24.000000 1804.000000 0.000000
1.90530503 -2.17631507 -0.45108399 2011.000000 23.000000 2402.000000 0.000000
1.97804105 -2.16815400 -0.52917999 589.000000 8.000000 4252.000000 0.000000
1.92916703 -2.14092493 -0.51884001 1414.000000 23.000000 3482.000000 0.000000
1.91272700 -2.14906096 -0.51788199 1886.000000 33.000000 2982.000000 0.000000
1.90080202 -2.16222906 -0.51826501 1184.000000 18.000000 3412.000000 0.000000
1.93899798 -2.13496089 -0.59308797 2531.000000 32.000000 3494.000000 0.000000
1.93107605 -2.15263510 -0.59481400 2773.000000 37.000000 2693.000000 0.000000
1.91330004 -2.15932488 -0.59330398 1892.000000 21.000000 2531.000000 0.000000
1.88394701 -2.15264702 -0.58791000 449.000000 4.000000 3664.000000 0.000000
1.94576097 -2.12695909 -0.66380298 1095.000000 17.000000 3890.000000 0.000000
1.93006504 -2.13597894 -0.66284800 1993.000000 36.000000 3534.000000 0.000000
1.91498005 -2.14561105 -0.66213202 1909.000000 34.000000 3040.000000 0.000000
1.89792001 -2.15295506 -0.66070002 1063.000000 16.000000 3624.000000 0.000000
1.93971395 -2.11031389 -0.73587501 2079.000000 24.000000 3421.000000 0.000000
1.92089498 -2.11574411 -0.73350799 2776.000000 37.000000 2880.000000 0.000000
1.91173899 -2.13180208 -0.73508602 2460.000000 31.000000 2382.000000 0.000000
1.89606500 -2.14060211 -0.73403400 1689.000000 18.000000 2072.000000 0.000000
1.89305401 -2.16381907 -0.73824298 461.000000 4.000000 2637.000000 0.000000
1.94168603 -2.09005594 -0.80426699 899.000000 13.000000 3994.000000 0.000000
1.92493200 -2.09769893 -0.80255300 1489.000000 24.000000 2725.000000 0.000000
1.91137898 -2.10876203 -0.80226701 1615.000000 27.000000 2387.000000 0.000000
1.89904404 -2.12116289 -0.80255300 1242.000000 19.000000 2454.000000 0.000000
1.89934599 -2.14783311 -0.80855203 528.000000 7.000000 2388.000000 0.000000
1.98034000 -2.05466104 -0.88294399 1684.000000 18.000000 2203.000000 0.000000
1.96310902 -2.06195092 -0.88077497 1756.000000 19.000000 2037.000000 0.000000
1.93739998 -2.06009889 -0.87457800 1927.000000 22.000000 2064.000000 0.000000
1.92407596 -2.07125092 -0.87426800 1927.000000 22.000000 2025.000000 0.000000
1.91197300 -2.08371902 -0.87457800 2363.000000 29.000000 2306.000000 0.000000
1.90425706 -2.10104990 -0.87705702 2072.000000 24.000000 2093.000000 0.000000
1.90527403 -2.12828588 -0.88387299 1619.000000 17.000000 1974.000000 0.000000
0.09852100 -2.20070505 -0.27770799 1233.000000 11.000000 4313.000000 0.000000
0.08513600 -2.20423508 -0.27813900 2410.000000 28.000000 4234.000000 0.000000
0.07120300 -2.19284701 -0.27641499 2659.000000 33.000000 3750.000000 0.000000
0.05810800 -2.20610309 -0.27828300 2144.000000 23.000000 2979.000000 0.000000
0.04489700 -2.22125912 -0.28043801 1685.000000 17.000000 2655.000000 0.000000
0.09790000 -2.20918608 -0.33477700 2013.000000 14.000000 3979.000000 0.000000
0.08367600 -2.19201493 -0.33174700 2971.000000 26.000000 3666.000000 0.000000
0.07041100 -2.19839811 -0.33275700 3270.000000 31.000000 3149.000000 0.000000
0.05699500 -2.20174503 -0.33326200 3463.000000 35.000000 3231.000000 0.000000
0.04352200 -2.20402503 -0.33359799 2844.000000 24.000000 3102.000000 0.000000
0.03079300 -2.26536012 -0.34403399 1837.000000 12.000000 2296.000000 0.000000
0.01717700 -2.30690694 -0.35110301 215.000000 1.000000 4080.000000 0.000000
0.08756900 -2.20782399 -0.38766599 1291.000000 12.000000 3826.000000 0.000000
0.07374300 -2.20047307 -0.38613400 2475.000000 29.000000 4355.000000 0.000000
0.06029700 -2.20284605 -0.38651699 3106.000000 43.000000 4455.000000 0.000000
0.04678000 -2.20317507 -0.38651699 3124.000000 44.000000 4301.000000 0.000000
0.03319400 -2.19949508 -0.38575101 2496.000000 30.000000 3933.000000 0.000000
0.02004600 -2.23204494 -0.39207000 1509.000000 15.000000 2953.000000 0.000000
0.00649400 -2.26353312 -0.39819801 237.000000 2.000000 2685.000000 0.000000
0.08337500 -2.19407606 -0.44097799 2545.000000 20.000000 4287.000000 0.000000
0.06978900 -2.19064307 -0.44011500 3163.000000 29.000000 4334.000000 0.000000
0.05632100 -2.19005299 -0.43990001 3236.000000 30.000000 3498.000000 0.000000
0.04279000 -2.18547702 -0.43882099 2733.000000 22.000000 2785.000000 0.000000
0.02947900 -2.19350910 -0.44054699 1908.000000 13.000000 2379.000000 0.000000
0.01647800 -2.26199794 -0.45565000 625.000000 4.000000 2507.000000 0.000000
0.07589700 -2.17636108 -0.49050400 2153.000000 24.000000 5082.000000 0.000000
0.06254200 -2.17678595 -0.49050400 2923.000000 39.000000 5473.000000 0.000000
0.04906500 -2.17227507 -0.48931101 3209.000000 46.000000 4860.000000 0.000000
0.03587800 -2.18030190 -0.49122000 2719.000000 34.000000 3747.000000 0.000000
0.02273500 -2.19990206 -0.49599499 1408.000000 13.000000 2559.000000 0.000000
0.00958000 -2.25729299 -0.51007801 380.000000 3.000000 4320.000000 0.000000
0.08149500 -2.15375209 -0.54202098 1777.000000 12.000000 3670.000000 0.000000
0.06842800 -2.15903306 -0.54333699 3138.000000 29.000000 3760.000000 0.000000
0.05532400 -2.16519904 -0.54491502 3678.000000 41.000000 4112.000000 0.000000
0.04189200 -2.15778089 -0.54281002 3265.000000 31.000000 3248.000000 0.000000
0.02900600 -2.18597388 -0.55043799 2300.000000 17.000000 2115.000000 0.000000
0.01587000 -2.22856092 -0.56201202 563.000000 3.000000 4149.000000 0.000000
0.07954800 -2.18340302 -0.60514200 794.000000 7.000000 4143.000000 0.000000
0.06538000 -2.15990400 -0.59799999 2227.000000 25.000000 4201.000000 0.000000
0.05202600 -2.15643311 -0.59685701 2751.000000 35.000000 4138.000000 0.000000
0.03879300 -2.15671206 -0.59685701 2951.000000 40.000000 3949.000000 0.000000
0.02557200 -2.15786695 -0.59714299 2331.000000 27.000000 3293.000000 0.000000
0.01255600 -2.18769097 -0.60599899 986.000000 9.000000 3080.000000 0.000000
0.08027900 -2.17141390 -0.66109300 1297.000000 8.000000 3734.000000 0.000000
0.06646600 -2.15570998 -0.65582597 2814.000000 24.000000 3740.000000 0.000000
0.05319100 -2.15417600 -0.65520602 3257.000000 31.000000 3647.000000 0.000000
0.03997300 -2.15446210 -0.65520602 3253.000000 31.000000 3093.000000 0.000000
0.02671900 -2.15181494 -0.65427703 2434.000000 19.000000 2404.000000 0.000000
0.01381600 -2.20518088 -0.67162800 1062.000000 7.000000 3304.000000 0.000000
0.06955400 -2.16211605 -0.71373898 1661.000000 17.000000 3499.000000 0.000000
0.05612900 -2.15684390 -0.71174699 2221.000000 25.000000 3328.000000 0.000000
0.04268800 -2.14771700 -0.70842701 2407.000000 28.000000 3291.000000 0.000000
0.02964200 -2.15642691 -0.71141499 2111.000000 23.000000 3191.000000 0.000000
0.01671400 -2.18863893 -0.72270298 1277.000000 14.000000 2433.000000 0.000000
0.00336700 -2.21322489 -0.73133397 528.000000 5.000000 3103.000000 0.000000
0.09396000 -2.18821692 -0.78610200 658.000000 4.000000 3004.000000 0.000000
0.07924700 -2.15326691 -0.77257103 2190.000000 18.000000 3111.000000 0.000000
0.06597800 -2.15184498 -0.77185899 2589.000000 23.000000 2812.000000 0.000000
0.05255000 -2.14286709 -0.76829797 2884.000000 25.000000 2794.000000 0.000000
0.03961600 -2.15529490 -0.77292699 2605.000000 24.000000 2573.000000 0.000000
0.02658600 -2.17231703 -0.77933699 1711.000000 13.000000 1845.000000 0.000000
0.01346100 -2.20981598 -0.79358000 1288.000000 9.000000 2410.000000 0.000000
-0.00004800 -2.13323212 -0.76438099 562.000000 3.000000 2556.000000 0.000000
0.08888600 -2.18139100 -0.84137601 1099.000000 11.000000 3441.000000 0.000000
0.07448700 -2.15413594 -0.83004600 1873.000000 23.000000 2900.000000 0.000000
0.06121200 -2.15270209 -0.82928997 1917.000000 23.000000 2832.000000 0.000000
0.04780000 -2.14470601 -0.82589102 2096.000000 26.000000 2768.000000 0.000000
0.03484000 -2.15606809 -0.83042300 1764.000000 21.000000 2625.000000 0.000000
0.02218500 -2.20438600 -0.85006303 1313.000000 14.000000 2020.000000 0.000000
0.00871800 -2.21466589 -0.85421699 1183.000000 12.000000 1945.000000 0.000000
-0.00484400 -2.13412189 -0.82135898 619.000000 6.000000 1608.000000 0.000000
-1.93363595 -2.30863309 -0.39508301 594.000000 8.000000 3116.000000 0.000000
-1.94329095 -2.29143500 -0.39407700 1160.000000 18.000000 3289.000000 0.000000
-1.94379604 -2.26368403 -0.39105999 1905.000000 33.000000 4193.000000 0.000000
-1.95570505 -2.24947095 -0.39062899 2182.000000 40.000000 4104.000000 0.000000
-1.96620500 -2.23371005 -0.38991100 1335.000000 21.000000 3530.000000 0.000000
-1.98447704 -2.22678208 -0.39091700 297.000000 4.000000 2912.000000 0.000000
-1.96045399 -2.33546710 -0.47784600 1483.000000 16.000000 2866.000000 0.000000
-1.92365098 -2.26332903 -0.46438101 2365.000000 29.000000 3254.000000 0.000000
-1.93878901 -2.25297689 -0.46471801 3018.000000 43.000000 3893.000000 0.000000
-1.95516801 -2.24400902 -0.46539101 2224.000000 26.000000 3266.000000 0.000000
-1.97999096 -2.24453306 -0.46825200 982.000000 9.000000 3706.000000 0.000000
-1.96880698 -2.32650089 -0.55120200 1326.000000 22.000000 3058.000000 0.000000
-1.93649697 -2.25990891 -0.53722298 1851.000000 32.000000 4056.000000 0.000000
-1.93748200 -2.23313999 -0.53339303 2245.000000 42.000000 4019.000000 0.000000
-1.95567596 -2.22637701 -0.53473401 1833.000000 32.000000 3979.000000 0.000000
-1.96995103 -2.21507001 -0.53492498 675.000000 10.000000 4643.000000 0.000000
-1.96013105 -2.33426309 -0.62933499 1585.000000 18.000000 2792.000000 0.000000
-1.94657302 -2.28947306 -0.61984199 2086.000000 26.000000 2653.000000 0.000000
-1.93317699 -2.24567699 -0.61056399 2821.000000 38.000000 3552.000000 0.000000
-1.94820404 -2.23524404 -0.61099601 2849.000000 39.000000 3519.000000 0.000000
-1.96382201 -2.22544408 -0.61164302 1539.000000 16.000000 3343.000000 0.000000
-1.96622896 -2.32998800 -0.70462102 1346.000000 23.000000 3454.000000 0.000000
-1.94710505 -2.27870607 -0.69196999 1641.000000 29.000000 3845.000000 0.000000
-1.95280397 -2.25715804 -0.68886602 1744.000000 32.000000 3840.000000 0.000000
-1.94872797 -2.22465611 -0.68218303 2187.000000 41.000000 4276.000000 0.000000
-1.96813095 -2.21920300 -0.68433100 1200.000000 19.000000 4173.000000 0.000000
-1.94477105 -2.31517506 -0.77874899 1657.000000 19.000000 2510.000000 0.000000
-1.94518101 -2.28703594 -0.77296299 1935.000000 23.000000 2923.000000 0.000000
-1.93083298 -2.24217200 -0.76112598 2214.000000 26.000000 3130.000000 0.000000
-1.93884504 -2.22374010 -0.75875902 2345.000000 29.000000 3186.000000 0.000000
-1.96267402 -2.22337008 -0.76296800 1790.000000 21.000000 3268.000000 0.000000
-1.94259703 -2.30920506 -0.85340500 1120.000000 18.000000 3058.000000 0.000000
-1.93501401 -2.27167892 -0.84340602 1389.000000 24.000000 2533.000000 0.000000
-1.92267001 -2.22924805 -0.83140701 1203.000000 20.000000 2446.000000 0.000000
-1.93253601 -2.21307302 -0.82969302 1211.000000 19.000000 2264.000000 0.000000
-1.94544494 -2.20045400 -0.82940799 1158.000000 18.000000 2322.000000 0.000000
-1.95890999 -2.18847609 -0.82940799 1166.000000 18.000000 2712.000000 0.000000
-1.97615695 -2.18068099 -0.83112198 527.000000 8.000000 2644.000000 0.000000
-1.91910398 -2.19728303 -0.90370297 1846.000000 20.000000 2978.000000 0.000000
-1.93192005 -2.18475389 -0.90339398 2123.000000 25.000000 3168.000000 0.000000
-1.94846201 -2.17639899 -0.90494299 1861.000000 22.000000 2901.000000 0.000000
-1.96177900 -2.16440201 -0.90494299 1540.000000 17.000000 2507.000000 0.000000
1.95249295 1.90849197 -0.69878799 2166.000000 23.000000 2972.000000 0.000000
1.96416700 1.89647603 -0.69878799 2284.000000 25.000000 2442.000000 0.000000
-1.96518600 1.71666896 -0.73170203 1861.000000 30.000000 2491.000000 0.000000
-1.96036601 1.73376501 -0.73398799 1264.000000 18.000000 2742.000000 0.000000
-1.84551501 1.71492803 -0.70484698 137.000000 1.000000 1547.000000 0.000000
-1.84963703 1.73998499 -0.71084702 185.000000 2.000000 1946.000000 0.000000
-1.86464202 1.77571404 -0.72141701 1183.000000 17.000000 2968.000000 0.000000
-1.86407495 1.79708302 -0.72570300 1640.000000 26.000000 3908.000000 0.000000
-1.85301399 1.80848706 -0.72570300 1743.000000 28.000000 4299.000000 0.000000
-1.84939206 1.82721996 -0.72884500 1080.000000 15.000000 3025.000000 0.000000
1.92446899 1.92433000 -0.76512802 1476.000000 22.000000 2728.000000 0.000000
1.93283606 1.90911305 -0.76369900 1752.000000 28.000000 2753.000000 0.000000
1.94314396 1.89587700 -0.76312798 2262.000000 40.000000 2948.000000 0.000000
1.95680702 1.88591599 -0.76398498 1743.000000 28.000000 2721.000000 0.000000
1.96735001 1.82736802 -0.75427097 1542.000000 24.000000 2662.000000 0.000000
1.96512699 1.80293298 -0.74884301 1750.000000 28.000000 2487.000000 0.000000
1.97544301 1.79019594 -0.74855798 1782.000000 29.000000 2640.000000 0.000000
1.99708700 1.78764498 -0.75284302 857.000000 12.000000 2599.000000 0.000000
-1.96433699 1.69431901 -0.79835498 2086.000000 22.000000 2002.000000 0.000000
-1.95605099 1.70821702 -0.79928499 2155.000000 23.000000 2060.000000 0.000000
-1.94695699 1.72144699 -0.79990500 1950.000000 20.000000 2114.000000 0.000000
-1.99328697 1.80653906 -0.82964998 1508.000000 14.000000 1694.000000 0.000000
-1.91144001 1.75377703 -0.79835498 2121.000000 23.000000 1714.000000 0.000000
-1.89298296 1.75835001 -0.79494703 1841.000000 19.000000 1652.000000 0.000000
-1.87246704 1.76080894 -0.79060900 1989.000000 21.000000 1587.000000 0.000000
-1.86713398 1.77751195 -0.79308802 1914.000000 20.000000 1731.000000 0.000000
-1.84866500 1.78167403 -0.78968000 2429.000000 28.000000 2068.000000 0.000000
-1.84109902 1.79630494 -0.79122901 2120.000000 23.000000 2651.000000 0.000000
-1.83680296 1.81425297 -0.79432702 2011.000000 21.000000 2628.000000 0.000000
-1.91606605 1.75183904 -0.86612499 1489.000000 23.000000 2327.000000 0.000000
-1.90181398 1.76036501 -0.86446500 1432.000000 22.000000 2267.000000 0.000000
-1.90338504 1.78359199 -0.87044102 1145.000000 16.000000 1955.000000 0.000000
-1.87801301 1.78162599 -0.86346900 1381.000000 21.000000 2235.000000 0.000000
-1.87181497 1.79768205 -0.86579299 1777.000000 29.000000 3096.000000 0.000000
-1.86819994 1.81635499 -0.86944503 1374.000000 21.000000 3037.000000 0.000000
0.06953500 1.89086497 -0.67251098 1408.000000 8.000000 3188.000000 0.000000
-0.00666500 1.86096394 -0.70994401 1572.000000 13.000000 2788.000000 0.000000
0.00472600 1.77856195 -0.67632997 1834.000000 16.000000 2522.000000 0.000000
-0.02199900 1.86014295 -0.76613802 1491.000000 9.000000 1861.000000 0.000000
-0.01054400 1.85200095 -0.76252198 1527.000000 9.000000 1767.000000 0.000000
0.00081100 1.84470499 -0.75930703 1608.000000 10.000000 1982.000000 0.000000
0.01148000 1.75584197 -0.72033399 1907.000000 12.000000 2300.000000 0.000000
0.02224100 1.75482297 -0.71993202 2107.000000 13.000000 2224.000000 0.000000
0.03300800 1.75465298 -0.71993202 2091.000000 13.000000 2359.000000 0.000000
0.04375000 1.75350201 -0.71952999 1951.000000 12.000000 2450.000000 0.000000
0.05488800 1.76509905 -0.72475398 1887.000000 12.000000 2774.000000 0.000000
0.06690000 1.79584205 -0.73841399 1773.000000 11.000000 3658.000000 0.000000
-0.02305400 1.87239397 -0.82327402 1410.000000 12.000000 2436.000000 0.000000
-0.01110700 1.81813300 -0.79789799 1884.000000 17.000000 2336.000000 0.000000
0.00008700 1.80185604 -0.79028499 1782.000000 16.000000 2274.000000 0.000000
0.01104200 1.77554297 -0.77802002 1681.000000 15.000000 2269.000000 0.000000
0.02189100 1.77091098 -0.77590501 1776.000000 16.000000 2176.000000 0.000000
0.03233300 1.74446797 -0.76363999 1963.000000 18.000000 2430.000000 0.000000
0.04319700 1.75148499 -0.76702303 1758.000000 15.000000 2695.000000 0.000000
0.05430300 1.76386702 -0.77294499 1622.000000 14.000000 2716.000000 0.000000
0.02377000 1.75627303 -0.82515901 1932.000000 13.000000 2099.000000 0.000000
0.03443600 1.75072706 -0.82247901 2032.000000 14.000000 2258.000000 0.000000
0.04503500 1.74511600 -0.81979901 2055.000000 14.000000 2411.000000 0.000000
0.05603500 1.75374901 -0.82426602 1914.000000 12.000000 2569.000000 0.000000
