-0.99290401 3.96899605 1.93869102 1383.000000 26.000000 10098.000000 3.000000
-0.96917802 3.97765398 1.93996203 836.000000 15.000000 10392.000000 3.000000
-0.94433397 3.98176289 1.93911505 683.000000 12.000000 10857.000000 3.000000
-0.91129398 3.95041800 1.92132497 387.000000 7.000000 10925.000000 3.000000
-1.00490296 3.95495701 1.81504703 736.000000 12.000000 10721.000000 3.000000
0.15560500 3.93192506 1.75121403 571.000000 9.000000 9608.000000 3.000000
0.17998099 3.93638611 1.75362206 143.000000 2.000000 9955.000000 3.000000
-0.99419701 3.91552997 1.67749202 47.000000 2.000000 14222.000000 3.000000
-0.98801100 3.99342990 1.70774496 652.000000 11.000000 12126.000000 3.000000
-0.94824898 3.93643308 1.68127406 912.000000 16.000000 9884.000000 3.000000
-0.92747301 3.95659494 1.68732405 837.000000 15.000000 9928.000000 3.000000
0.18191101 3.96154404 1.64723897 186.000000 3.000000 10603.000000 3.000000
-0.00372000 3.94768190 1.41894996 144.000000 3.000000 10883.000000 3.000000
0.02071100 3.99762106 1.43655503 842.000000 15.000000 10218.000000 3.000000
0.19221000 3.99021792 1.43555796 1155.000000 21.000000 9322.000000 3.000000
1.20659101 3.99191809 1.49733996 771.000000 13.000000 9698.000000 3.000000
1.23078501 3.98353791 1.49700797 733.000000 13.000000 10523.000000 3.000000
-1.30755198 3.81549001 1.34144604 149.000000 2.000000 9150.000000 3.000000
-1.29409695 3.85319304 1.35165501 758.000000 11.000000 7628.000000 3.000000
-1.28913498 3.91797495 1.37114406 964.000000 15.000000 7021.000000 3.000000
-1.25895202 3.90680194 1.36464798 1074.000000 17.000000 7954.000000 3.000000
-1.21637905 3.85549903 1.34454000 808.000000 12.000000 9043.000000 3.000000
-1.59929204 3.92893410 0.96643901 510.000000 7.000000 8051.000000 3.000000
-1.57370496 3.93504500 0.96557897 1067.000000 17.000000 7853.000000 3.000000
-1.60993004 3.99496603 0.87253201 314.000000 5.000000 7987.000000 3.000000
-1.09520602 3.74083805 0.79275101 453.000000 8.000000 7728.000000 3.000000
-1.09060502 3.84339404 0.71218997 372.000000 5.000000 7401.000000 3.000000
-1.06095302 3.82816005 0.70833898 1233.000000 19.000000 7471.000000 3.000000
-0.94488299 3.76601791 0.69309998 768.000000 11.000000 6716.000000 3.000000
-0.63398701 3.78266001 0.68506199 585.000000 8.000000 7898.000000 3.000000
-0.25290599 3.64394808 0.56456798 197.000000 4.000000 8577.000000 3.000000
-0.22857399 3.61481500 0.56011498 421.000000 7.000000 8227.000000 3.000000
-0.20156300 3.53316212 0.54804701 944.000000 18.000000 7664.000000 3.000000
-0.18008600 3.53828502 0.54862100 946.000000 18.000000 7855.000000 3.000000
-0.15959600 3.56601501 0.55250001 783.000000 14.000000 7577.000000 3.000000
-0.70698500 3.78174400 0.49913400 1127.000000 17.000000 6828.000000 3.000000
-0.70314002 3.89348602 0.51231098 750.000000 11.000000 6602.000000 3.000000
-0.69165498 3.96913004 0.52105600 939.000000 14.000000 6223.000000 3.000000
-0.65120500 3.87734294 0.50931603 1412.000000 22.000000 6518.000000 3.000000
-0.63024700 3.89890790 0.51147300 1276.000000 20.000000 6804.000000 3.000000
-0.60509598 3.89485407 0.51051402 1281.000000 20.000000 6732.000000 3.000000
-0.57987100 3.88965511 0.50943601 1165.000000 18.000000 6644.000000 3.000000
-0.55403399 3.87937903 0.50775898 996.000000 15.000000 6743.000000 3.000000
-0.52861202 3.87090111 0.50632203 916.000000 13.000000 6675.000000 3.000000
-0.36860400 3.96219397 0.51506603 686.000000 10.000000 6662.000000 3.000000
-0.34471300 3.96932602 0.51566499 928.000000 14.000000 6405.000000 3.000000
-0.18477800 3.70465589 0.48248300 1477.000000 23.000000 6709.000000 3.000000
-0.16161300 3.69580102 0.48128501 1770.000000 29.000000 6519.000000 3.000000
-0.14177699 3.77311611 0.49050900 1569.000000 25.000000 6624.000000 3.000000
-0.12232400 3.89299297 0.50488400 1347.000000 21.000000 6540.000000 3.000000
-0.09509300 3.75968409 0.48871201 1660.000000 27.000000 6285.000000 3.000000
-0.07403800 3.86739993 0.50164998 1170.000000 18.000000 6427.000000 3.000000
-0.05005500 3.84792709 0.49925399 1576.000000 25.000000 6116.000000 3.000000
-0.02658000 3.86901093 0.50177002 1242.000000 19.000000 6206.000000 3.000000
-0.00281900 3.81747603 0.49553999 933.000000 14.000000 6778.000000 3.000000
0.60358298 3.93172193 0.32207799 883.000000 13.000000 6616.000000 3.000000
-1.28375602 3.71941304 0.03819500 491.000000 8.000000 5017.000000 3.000000
-1.25994599 3.72437906 0.03819500 1201.000000 22.000000 5288.000000 3.000000
-1.26042199 3.80225801 0.03819500 1065.000000 20.000000 6634.000000 3.000000
-1.23582900 3.80611706 0.03819500 974.000000 18.000000 6164.000000 3.000000
-0.87707698 3.67256999 -0.05342300 1030.000000 15.000000 5142.000000 3.000000
-0.85904402 3.69736004 -0.05391100 1070.000000 16.000000 5525.000000 3.000000
-0.69846398 3.85605907 -0.05691700 1130.000000 17.000000 5978.000000 3.000000
-0.88350999 3.70138311 -0.14330100 658.000000 11.000000 5316.000000 3.000000
-0.85147798 3.66685200 -0.14133400 770.000000 13.000000 4004.000000 3.000000
-0.79736501 3.86072898 -0.14987400 450.000000 7.000000 4976.000000 3.000000
-0.74844599 3.74020696 -0.14373299 599.000000 10.000000 5821.000000 3.000000
-0.73063898 3.77119994 -0.14502800 891.000000 16.000000 5405.000000 3.000000
-0.61950302 3.97513294 -0.15376000 326.000000 5.000000 5552.000000 3.000000
0.42508700 3.87123799 -0.43186900 623.000000 9.000000 4991.000000 3.000000
-0.04495300 1.52135801 -0.70813298 499.000000 2.000000 1648.000000 3.000000
-0.03559700 1.52071095 -0.70768601 530.000000 2.000000 1635.000000 3.000000
-0.02635400 1.52626801 -0.71036601 417.000000 1.000000 1696.000000 3.000000
-0.01708900 1.53624201 -0.71527898 397.000000 1.000000 1634.000000 3.000000
-0.00766600 1.53721297 -0.71572602 417.000000 1.000000 1644.000000 3.000000
0.00177600 1.54170406 -0.71795899 313.000000 1.000000 1717.000000 3.000000
0.01122100 1.53987503 -0.71706599 295.000000 1.000000 1704.000000 3.000000
0.02066900 1.53977704 -0.71706599 268.000000 1.000000 1710.000000 3.000000
0.03006200 1.53693795 -0.71572602 324.000000 1.000000 1941.000000 3.000000
0.03961000 1.54119694 -0.71795899 222.000000 1.000000 2035.000000 3.000000
0.04915400 1.54360700 -0.71929902 200.000000 1.000000 2102.000000 3.000000
0.05876400 1.54685295 -0.72108603 236.000000 1.000000 2421.000000 3.000000
0.49709401 1.56721401 -0.67131603 147.000000 1.000000 1943.000000 3.000000
0.51320797 1.58416605 -0.68055701 203.000000 1.000000 1664.000000 3.000000
0.52378398 1.58359396 -0.68176198 266.000000 1.000000 1675.000000 3.000000
0.53495902 1.58468795 -0.68377101 210.000000 1.000000 1906.000000 3.000000
0.54825902 1.59176195 -0.68859297 182.000000 1.000000 2826.000000 3.000000
0.32478401 1.57942104 -0.70189101 161.000000 1.000000 1916.000000 3.000000
0.33484000 1.57917202 -0.70273697 183.000000 1.000000 1834.000000 3.000000
0.34471500 1.57797396 -0.70315999 180.000000 1.000000 1848.000000 3.000000
0.35439000 1.57582903 -0.70315999 192.000000 1.000000 2244.000000 3.000000
0.36425501 1.57450795 -0.70358300 181.000000 1.000000 2746.000000 3.000000
-0.39302099 1.49816895 -0.72153300 245.000000 1.000000 2270.000000 3.000000
-0.38271600 1.49621797 -0.71929902 281.000000 1.000000 2561.000000 3.000000
-0.36390600 1.49906194 -0.71840602 405.000000 1.000000 2296.000000 3.000000
-0.35367599 1.49691200 -0.71617299 310.000000 1.000000 2255.000000 3.000000
-0.34428501 1.49818206 -0.71572602 280.000000 1.000000 2171.000000 3.000000
-0.33508599 1.50026703 -0.71572602 339.000000 1.000000 2180.000000 3.000000
-0.32493001 1.49792194 -0.71349299 259.000000 1.000000 1934.000000 3.000000
-0.31573200 1.49988699 -0.71349299 322.000000 1.000000 1981.000000 3.000000
-0.30723599 1.50530303 -0.71527898 431.000000 1.000000 1797.000000 3.000000
-0.29661199 1.50013697 -0.71170598 648.000000 3.000000 2058.000000 3.000000
-0.28823799 1.50632405 -0.71393901 555.000000 2.000000 1954.000000 3.000000
-0.27834201 1.50454402 -0.71215302 549.000000 2.000000 1664.000000 3.000000
-0.26894900 1.50534296 -0.71170598 458.000000 2.000000 1674.000000 3.000000
