2.39851594 1.39787400 -0.78141201 958.000000 15.000000 4177.000000 0.000000
2.31828690 1.48807096 -0.85071999 1223.000000 15.000000 4409.000000 0.000000
2.33139110 1.47635996 -0.85226899 1091.000000 13.000000 3950.000000 0.000000
2.33556604 1.45900702 -0.85040998 1205.000000 14.000000 3450.000000 0.000000
2.36084390 1.39544904 -0.84669203 1839.000000 25.000000 4294.000000 0.000000
2.34799790 1.36849904 -0.83863598 1593.000000 18.000000 4443.000000 0.000000
2.32584000 1.33655405 -0.82717103 2121.000000 27.000000 4586.000000 0.000000
2.32985997 1.31991601 -0.82562202 1658.000000 19.000000 4257.000000 0.000000
2.30304098 1.28614295 -0.81260800 1079.000000 11.000000 3560.000000 0.000000
2.36421204 1.30130303 -0.83243901 1210.000000 13.000000 4527.000000 0.000000
2.37048006 1.28586602 -0.83181900 1272.000000 14.000000 4457.000000 0.000000
2.25203204 1.45138001 -0.89534098 1139.000000 17.000000 4910.000000 0.000000
2.22033811 1.41166103 -0.87840903 1653.000000 27.000000 5241.000000 0.000000
2.21698403 1.39047396 -0.87342900 1178.000000 18.000000 5077.000000 0.000000
2.34086990 1.42867994 -0.91758400 1511.000000 26.000000 4587.000000 0.000000
2.30679798 1.38844395 -0.89998901 1348.000000 21.000000 4940.000000 0.000000
2.32418799 1.37957299 -0.90364099 1366.000000 21.000000 4786.000000 0.000000
2.32854199 1.36289799 -0.90198100 1354.000000 21.000000 4967.000000 0.000000
2.29767895 1.32589400 -0.88604498 1049.000000 15.000000 5059.000000 0.000000
2.35849404 1.28494596 -0.89766502 1275.000000 19.000000 5174.000000 0.000000
2.33311796 1.25255203 -0.88438499 1164.000000 17.000000 5789.000000 0.000000
2.40241098 1.27094603 -0.90895301 781.000000 12.000000 4821.000000 0.000000
2.25038695 1.36722898 -0.95488697 1435.000000 16.000000 3922.000000 0.000000
2.27236509 1.36155295 -0.96094000 1589.000000 18.000000 4462.000000 0.000000
2.25492406 1.33238602 -0.94954598 1497.000000 17.000000 5142.000000 0.000000
2.25901890 1.31617498 -0.94776499 1270.000000 14.000000 4803.000000 0.000000
2.29217792 1.31670594 -0.95880401 1211.000000 13.000000 4257.000000 0.000000
2.30428100 1.30491698 -0.96058398 2152.000000 28.000000 4225.000000 0.000000
2.32285404 1.29666901 -0.96521300 1303.000000 14.000000 3719.000000 0.000000
2.32421589 1.27879095 -0.96236497 1471.000000 17.000000 4067.000000 0.000000
2.29825711 1.17419195 -0.93494600 2095.000000 27.000000 5124.000000 0.000000
2.30541801 1.16006804 -0.93494600 2155.000000 28.000000 4897.000000 0.000000
2.28853989 1.27222395 -1.01888502 1063.000000 16.000000 3853.000000 0.000000
2.25249100 1.23406303 -0.99849099 1373.000000 21.000000 5230.000000 0.000000
2.29991007 1.24183905 -1.01699698 1014.000000 15.000000 4329.000000 0.000000
2.35103011 1.23249400 -1.03361499 999.000000 15.000000 4549.000000 0.000000
2.34621811 1.21165299 -1.02795005 1017.000000 15.000000 5027.000000 0.000000
2.32864904 1.16654503 -1.01321995 1122.000000 17.000000 4991.000000 0.000000
2.31501889 1.14196098 -1.00377798 1208.000000 18.000000 5380.000000 0.000000
2.31865406 1.12611103 -1.00226700 874.000000 13.000000 5335.000000 0.000000
2.23933697 1.35893595 -1.09922004 1042.000000 11.000000 3813.000000 0.000000
2.26099491 1.35315800 -1.10605001 1057.000000 11.000000 3436.000000 0.000000
2.21401191 1.27033305 -1.06989002 1234.000000 14.000000 4985.000000 0.000000
2.21379304 1.25222003 -1.06587195 1251.000000 14.000000 5138.000000 0.000000
2.24543595 1.25197899 -1.07792497 1134.000000 12.000000 4986.000000 0.000000
2.27073598 1.24787104 -1.08676505 1247.000000 14.000000 4356.000000 0.000000
2.28479409 1.23739898 -1.08997905 1745.000000 21.000000 4372.000000 0.000000
2.32062697 1.23843205 -1.10404205 1176.000000 13.000000 4397.000000 0.000000
2.31764293 1.21863496 -1.09881794 1110.000000 12.000000 4363.000000 0.000000
2.29254293 1.18755996 -1.08274698 1254.000000 14.000000 4908.000000 0.000000
2.28999591 1.16848195 -1.07792497 1376.000000 16.000000 5074.000000 0.000000
2.29303002 1.15235496 -1.07591605 1488.000000 17.000000 5387.000000 0.000000
2.24587607 1.11148500 -1.04939795 1206.000000 13.000000 5076.000000 0.000000
2.31193900 1.12653303 -1.07832694 1030.000000 11.000000 4774.000000 0.000000
2.35706401 1.11291802 -1.09359503 1245.000000 14.000000 5081.000000 0.000000
2.32231593 1.07916200 -1.07350600 995.000000 11.000000 5013.000000 0.000000
2.34771609 0.93713099 -1.05904102 1263.000000 14.000000 5341.000000 0.000000
1.27591801 1.61902297 -0.67788303 829.000000 7.000000 5103.000000 0.000000
1.28582895 1.61116397 -0.67788303 732.000000 6.000000 5130.000000 0.000000
1.31772304 1.57043695 -0.67389899 1008.000000 9.000000 4931.000000 0.000000
1.27232599 1.51219296 -0.70455801 287.000000 1.000000 4126.000000 0.000000
1.35723400 1.37411201 -0.68746603 1880.000000 12.000000 4212.000000 0.000000
1.36365604 1.36377800 -0.68639803 1896.000000 12.000000 4355.000000 0.000000
1.30332601 1.27194202 -0.64544803 720.000000 4.000000 4679.000000 0.000000
1.30529296 1.24297500 -0.63832700 1613.000000 10.000000 4300.000000 0.000000
1.24484098 1.26900899 -0.67595202 1147.000000 9.000000 3698.000000 0.000000
1.28189600 1.29097998 -0.69294798 517.000000 3.000000 4025.000000 0.000000
1.27603900 1.26934505 -0.68501699 1293.000000 10.000000 4231.000000 0.000000
1.28577995 1.26344299 -0.68615001 1152.000000 9.000000 4125.000000 0.000000
1.33129597 1.29237700 -0.70767802 1473.000000 12.000000 4527.000000 0.000000
1.29385197 1.24050403 -0.68199497 1951.000000 17.000000 4856.000000 0.000000
1.26174700 1.18014395 -0.65555799 1934.000000 15.000000 4897.000000 0.000000
1.37618399 1.27191496 -0.71523100 1410.000000 11.000000 4820.000000 0.000000
1.31503403 1.20024204 -0.67708600 1508.000000 12.000000 4755.000000 0.000000
1.29011905 1.16293597 -0.65933502 1867.000000 14.000000 5251.000000 0.000000
1.29999006 1.15746701 -0.66084498 1926.000000 15.000000 5500.000000 0.000000
1.32649601 1.16663599 -0.67141998 1560.000000 11.000000 5646.000000 0.000000
1.36223102 1.18343794 -0.68690503 1392.000000 11.000000 5314.000000 0.000000
1.39009702 1.10650504 -0.67557502 2001.000000 15.000000 5537.000000 0.000000
1.38741302 1.09049404 -0.67066503 2124.000000 17.000000 5527.000000 0.000000
1.39626896 1.08366895 -0.67179799 391.000000 2.000000 3336.000000 0.000000
1.30595601 1.65062106 -0.87341499 818.000000 5.000000 4870.000000 0.000000
1.31376803 1.63971996 -0.87180799 1102.000000 7.000000 4799.000000 0.000000
1.30744696 1.33873105 -0.77095902 1239.000000 7.000000 4093.000000 0.000000
1.29566395 1.31051195 -0.75850397 1302.000000 7.000000 3281.000000 0.000000
1.28941798 1.28830802 -0.74966502 843.000000 4.000000 4130.000000 0.000000
1.29925501 1.28230000 -0.75086999 755.000000 4.000000 4426.000000 0.000000
1.31300497 1.28005302 -0.75448602 1390.000000 8.000000 4763.000000 0.000000
1.32347500 1.27451098 -0.75609303 1465.000000 9.000000 5096.000000 0.000000
1.32927799 1.26447499 -0.75488800 1469.000000 9.000000 4920.000000 0.000000
1.34702897 1.26569295 -0.76091498 1678.000000 10.000000 4938.000000 0.000000
1.34872496 1.25180197 -0.75729901 2283.000000 16.000000 4680.000000 0.000000
1.32058096 1.21073198 -0.73600399 1093.000000 6.000000 3819.000000 0.000000
1.32187200 1.19707799 -0.73238802 1883.000000 12.000000 4875.000000 0.000000
1.30870295 1.17064500 -0.72033399 1629.000000 9.000000 4806.000000 0.000000
1.34333003 1.18682504 -0.73640603 2029.000000 13.000000 5169.000000 0.000000
1.34506297 1.17374694 -0.73319101 1732.000000 11.000000 4658.000000 0.000000
1.36056900 1.17263997 -0.73801303 797.000000 4.000000 3937.000000 0.000000
1.43166900 1.20354402 -0.77055800 1277.000000 7.000000 5154.000000 0.000000
1.37275302 1.09776902 -0.72113800 980.000000 5.000000 4010.000000 0.000000
1.31618094 1.03943300 -0.68577999 1620.000000 9.000000 3833.000000 0.000000
1.25967002 0.98239702 -0.65082502 664.000000 3.000000 2828.000000 0.000000
1.34320199 1.72243297 -0.96876299 893.000000 9.000000 4548.000000 0.000000
1.27816105 1.53867495 -0.88290697 1029.000000 9.000000 4463.000000 0.000000
1.28408694 1.52663505 -0.88037002 1388.000000 13.000000 4283.000000 0.000000
1.30573797 1.53324103 -0.88925099 394.000000 3.000000 3303.000000 0.000000
1.26978397 1.35023499 -0.81439197 587.000000 4.000000 3526.000000 0.000000
1.27866900 1.34307599 -0.81481498 628.000000 4.000000 3182.000000 0.000000
1.29002202 1.33847404 -0.81693000 862.000000 6.000000 3385.000000 0.000000
1.25401604 1.28503299 -0.78732401 1088.000000 8.000000 4067.000000 0.000000
1.26568902 1.28119099 -0.78986198 1548.000000 13.000000 4412.000000 0.000000
1.27927995 1.27918100 -0.79366797 1820.000000 16.000000 4661.000000 0.000000
1.28324604 1.26747799 -0.79113102 1579.000000 13.000000 4669.000000 0.000000
1.29229295 1.26084900 -0.79197699 1696.000000 14.000000 4257.000000 0.000000
1.29805195 1.25100398 -0.79070801 1652.000000 14.000000 4340.000000 0.000000
1.30373895 1.24113703 -0.78943902 1707.000000 14.000000 4259.000000 0.000000
1.31330597 1.23498094 -0.79070801 1597.000000 13.000000 4472.000000 0.000000
1.31489599 1.22133505 -0.78690100 1676.000000 14.000000 4792.000000 0.000000
1.32436395 1.21508706 -0.78816998 1599.000000 13.000000 4122.000000 0.000000
1.33849502 1.21303797 -0.79239899 1246.000000 10.000000 3707.000000 0.000000
1.35855305 1.18640304 -0.79113102 610.000000 4.000000 3992.000000 0.000000
1.36032903 1.17329705 -0.78774703 1238.000000 10.000000 4596.000000 0.000000
1.36819100 1.16551697 -0.78816998 1524.000000 13.000000 5191.000000 0.000000
1.38915706 1.16880000 -0.79662901 1585.000000 13.000000 5051.000000 0.000000
1.36221802 1.13179803 -0.77590501 1415.000000 11.000000 5223.000000 0.000000
1.33767498 1.09747803 -0.75687301 1833.000000 14.000000 4979.000000 0.000000
1.33806002 1.08410001 -0.75306702 1851.000000 14.000000 5106.000000 0.000000
1.34609902 1.07700503 -0.75391197 1935.000000 15.000000 5099.000000 0.000000
1.35339105 1.06928897 -0.75433499 1507.000000 11.000000 4108.000000 0.000000
1.24030006 1.68904805 -0.99444598 1228.000000 9.000000 4016.000000 0.000000
1.32194197 1.56669700 -0.97166598 1358.000000 9.000000 4161.000000 0.000000
1.34474003 1.44367898 -0.93325299 1626.000000 11.000000 4575.000000 0.000000
1.35725904 1.43930399 -0.93593299 2081.000000 15.000000 4577.000000 0.000000
1.33762503 1.40120006 -0.91538602 2236.000000 17.000000 4672.000000 0.000000
1.34557498 1.39232302 -0.91493899 1237.000000 8.000000 4522.000000 0.000000
1.35346699 1.38340199 -0.91449302 987.000000 6.000000 4110.000000 0.000000
1.37074995 1.38396394 -0.92074603 1429.000000 9.000000 4492.000000 0.000000
1.37921596 1.37552702 -0.92074603 2134.000000 16.000000 4727.000000 0.000000
1.38125205 1.36076403 -0.91627902 2095.000000 15.000000 4555.000000 0.000000
1.30872905 1.27369905 -0.85999900 1836.000000 12.000000 4880.000000 0.000000
1.36944699 1.31645000 -0.89662600 2025.000000 15.000000 4880.000000 0.000000
1.41190898 1.34064996 -0.92029899 2210.000000 17.000000 4877.000000 0.000000
1.43316901 1.34419298 -0.92923301 1539.000000 10.000000 4747.000000 0.000000
1.34564698 1.06078994 -0.80371898 861.000000 4.000000 4728.000000 0.000000
1.32457805 1.03110301 -0.78629899 1407.000000 8.000000 4589.000000 0.000000
1.31519997 1.76416004 -1.11125195 843.000000 8.000000 3480.000000 0.000000
1.38673401 1.63962495 -1.08320403 1056.000000 11.000000 3253.000000 0.000000
1.32161999 1.54297400 -1.02196598 1166.000000 11.000000 3873.000000 0.000000
1.32759595 1.53082097 -1.01916099 1114.000000 10.000000 4082.000000 0.000000
1.33580005 1.52131498 -1.01822603 1184.000000 11.000000 4139.000000 0.000000
1.33027303 1.44185102 -0.98503602 1176.000000 11.000000 3935.000000 0.000000
1.30297506 1.39482105 -0.95698798 1363.000000 13.000000 4078.000000 0.000000
1.32423401 1.40031600 -0.96680498 1259.000000 12.000000 3662.000000 0.000000
1.35298097 1.39604700 -0.97568703 1101.000000 10.000000 4083.000000 0.000000
1.34175396 1.36748302 -0.96072799 1351.000000 13.000000 4173.000000 0.000000
1.34949803 1.35859597 -0.96025997 1165.000000 11.000000 4486.000000 0.000000
1.31653094 1.30905604 -0.92940700 812.000000 6.000000 4665.000000 0.000000
1.32894301 1.30530000 -0.93268001 759.000000 5.000000 4427.000000 0.000000
1.39263499 1.35142004 -0.97381699 993.000000 9.000000 4512.000000 0.000000
1.39899099 1.34100997 -0.97241402 1109.000000 10.000000 4445.000000 0.000000
1.41744196 1.34214795 -0.97989398 902.000000 8.000000 4212.000000 0.000000
1.37024105 1.28137195 -0.93969202 1639.000000 16.000000 4566.000000 0.000000
1.37418997 1.26933205 -0.93688703 1379.000000 13.000000 4604.000000 0.000000
1.35783994 1.23877501 -0.91959101 1550.000000 13.000000 4697.000000 0.000000
1.34968805 1.21618104 -0.90837097 1936.000000 17.000000 4962.000000 0.000000
1.36371398 1.21377003 -0.91304600 1512.000000 13.000000 4660.000000 0.000000
1.36119795 1.19660103 -0.90603399 854.000000 6.000000 4122.000000 0.000000
1.32395697 1.54700696 -1.09342098 1492.000000 12.000000 3687.000000 0.000000
1.35854995 1.56781006 -1.11501503 1288.000000 10.000000 4109.000000 0.000000
1.36715603 1.21862900 -0.97809500 1299.000000 8.000000 4725.000000 0.000000
1.34254205 1.18202996 -0.95404798 1078.000000 6.000000 4976.000000 0.000000
1.28787398 1.57238603 -1.15319300 1359.000000 15.000000 3992.000000 0.000000
1.29604399 1.52413499 -1.13429701 1339.000000 15.000000 3923.000000 0.000000
1.29306197 1.50179303 -1.12306201 1239.000000 13.000000 4079.000000 0.000000
1.31633997 1.51006401 -1.13582897 1435.000000 16.000000 3841.000000 0.000000
1.31763601 1.49291694 -1.12867904 1218.000000 13.000000 3616.000000 0.000000
1.35185301 0.94896501 -1.04140794 1365.000000 11.000000 4650.000000 0.000000
1.35765004 0.94065201 -1.04140794 1387.000000 12.000000 4880.000000 0.000000
1.36339700 0.93230402 -1.04140794 1178.000000 9.000000 4650.000000 0.000000
1.04984200 1.54901695 -0.77095902 2137.000000 14.000000 3492.000000 0.000000
1.06970501 1.55763602 -0.77899498 1920.000000 12.000000 3599.000000 0.000000
1.08081400 1.55329704 -0.78020000 1158.000000 6.000000 3820.000000 0.000000
1.04929101 1.54983497 -0.82285100 1197.000000 9.000000 3772.000000 0.000000
1.06388998 1.55085099 -0.82708001 1785.000000 15.000000 3699.000000 0.000000
1.09804702 1.59589899 -0.91538602 517.000000 3.000000 3395.000000 0.000000
1.09245300 1.56712401 -0.90198600 1831.000000 13.000000 3741.000000 0.000000
1.10773098 1.56842601 -0.90689898 1308.000000 8.000000 3543.000000 0.000000
1.06323099 1.64656305 -0.98410100 920.000000 8.000000 2828.000000 0.000000
1.04967296 1.60371101 -0.96119499 1267.000000 12.000000 2770.000000 0.000000
1.05900598 1.59650302 -0.96072799 1311.000000 12.000000 2790.000000 0.000000
1.06730795 1.58776999 -0.95932502 1454.000000 14.000000 2811.000000 0.000000
1.07653403 1.58045995 -0.95885801 1392.000000 13.000000 2931.000000 0.000000
1.08621097 1.57382500 -0.95885801 1392.000000 13.000000 3356.000000 0.000000
1.10342205 1.57801402 -0.96587002 1232.000000 11.000000 3452.000000 0.000000
1.11308396 1.57121396 -0.96587002 1008.000000 9.000000 3490.000000 0.000000
1.04976106 1.60589898 -1.02716994 1343.000000 9.000000 2642.000000 0.000000
1.05766797 1.59652400 -1.02520704 1618.000000 11.000000 2583.000000 0.000000
1.06695795 1.58928096 -1.02471602 1738.000000 12.000000 2675.000000 0.000000
1.07374597 1.57838404 -1.02177203 1767.000000 12.000000 2688.000000 0.000000
1.08390605 1.57248294 -1.02226198 1704.000000 12.000000 2866.000000 0.000000
1.09103703 1.56223202 -1.01980901 1661.000000 11.000000 2946.000000 0.000000
1.09606802 1.54911101 -1.01539195 1597.000000 11.000000 3301.000000 0.000000
1.11825597 1.56005096 -1.02766097 1282.000000 8.000000 3059.000000 0.000000
1.13059795 1.53709102 -1.02128100 1399.000000 9.000000 4202.000000 0.000000
1.04744399 1.59148502 -1.07761002 996.000000 9.000000 2707.000000 0.000000
1.03959894 1.55852199 -1.05871403 1092.000000 10.000000 3424.000000 0.000000
1.03426802 1.52999794 -1.04288304 1321.000000 13.000000 4012.000000 0.000000
1.03586698 1.49242902 -1.02500904 1747.000000 15.000000 4168.000000 0.000000
1.05584800 1.50154305 -1.03624403 1464.000000 14.000000 3455.000000 0.000000
1.05957305 1.48731995 -1.03062606 1560.000000 16.000000 4209.000000 0.000000
1.07068503 1.48358405 -1.03266895 1458.000000 14.000000 4268.000000 0.000000
1.08128500 1.47907305 -1.03420103 1498.000000 15.000000 4132.000000 0.000000
1.12043703 1.49394202 -1.05513895 1476.000000 15.000000 4228.000000 0.000000
-0.56953502 1.76806796 -0.87563300 1161.000000 6.000000 4339.000000 0.000000
-0.57590902 1.96025598 -1.02804303 689.000000 7.000000 4567.000000 0.000000
-0.58549702 2.03847909 -1.06918001 846.000000 8.000000 4647.000000 0.000000
-0.50763100 1.08007598 -1.09168303 217.000000 1.000000 2367.000000 0.000000
-0.42449099 0.83760101 -0.88767499 295.000000 1.000000 2712.000000 0.000000
-0.39620900 0.79447103 -0.83567899 511.000000 3.000000 2973.000000 0.000000
-0.37911701 0.77238601 -0.80790001 551.000000 3.000000 2781.000000 0.000000
-0.39817899 0.82321799 -0.86274499 452.000000 2.000000 2918.000000 0.000000
-0.49052200 1.02725804 -1.08995998 344.000000 2.000000 2352.000000 0.000000
-0.44128001 0.95500702 -1.00234997 415.000000 2.000000 3029.000000 0.000000
-0.46652600 1.09506905 -1.14266801 474.000000 3.000000 2850.000000 0.000000
-1.10616195 1.07274604 -1.08264601 580.000000 3.000000 3016.000000 0.000000
-1.14672804 1.12554395 -1.13143301 455.000000 3.000000 3002.000000 0.000000
-0.83184701 0.85083902 -0.87391502 825.000000 4.000000 3513.000000 0.000000
-0.84462500 0.87462699 -0.89428198 1630.000000 9.000000 3741.000000 0.000000
-0.83870000 0.87922299 -0.89366502 1334.000000 7.000000 3691.000000 0.000000
-0.77293497 0.82014000 -0.82454199 1627.000000 9.000000 3788.000000 0.000000
-1.15120196 0.93968499 -1.16264606 217.000000 1.000000 2603.000000 0.000000
-1.11497903 0.92174000 -1.13023996 627.000000 4.000000 3539.000000 0.000000
-1.01548898 0.85056299 -1.02984595 722.000000 4.000000 3828.000000 0.000000
-0.97539902 0.82743597 -0.99235803 1116.000000 7.000000 3864.000000 0.000000
-0.97853100 0.84041899 -1.00125301 1232.000000 8.000000 3607.000000 0.000000
-0.97277099 0.84590203 -1.00061798 877.000000 5.000000 3661.000000 0.000000
-0.95942199 0.84474200 -0.99172199 951.000000 6.000000 3734.000000 0.000000
-0.94785899 0.84498501 -0.98473299 1063.000000 6.000000 3884.000000 0.000000
-0.92712700 0.83687401 -0.96757698 909.000000 5.000000 3562.000000 0.000000
-0.82988101 0.75903398 -0.86527699 760.000000 4.000000 3273.000000 0.000000
-0.91678703 0.84818900 -0.96757698 1021.000000 6.000000 3547.000000 0.000000
-0.89516300 0.83855301 -0.94915003 1244.000000 8.000000 3373.000000 0.000000
-0.71341902 0.67787403 -0.74963301 1588.000000 10.000000 3761.000000 0.000000
-1.06397295 0.87416798 -1.13861704 198.000000 1.000000 3143.000000 0.000000
-1.00587499 0.85784799 -1.09064698 1150.000000 6.000000 3453.000000 0.000000
-0.99831301 0.86203098 -1.08801901 1116.000000 6.000000 3253.000000 0.000000
-1.05763304 0.92477500 -1.16293001 811.000000 4.000000 3158.000000 0.000000
-0.99329799 0.87921900 -1.09458995 1120.000000 6.000000 3389.000000 0.000000
-0.97722900 0.87572700 -1.08210504 1081.000000 6.000000 3212.000000 0.000000
-1.03708601 0.94104302 -1.15898705 792.000000 4.000000 2745.000000 0.000000
-1.03628302 0.95198399 -1.16490102 768.000000 4.000000 2631.000000 0.000000
-1.01884305 0.94753200 -1.15110195 635.000000 3.000000 3130.000000 0.000000
-0.88793802 0.73479903 -0.99023402 156.000000 1.000000 3780.000000 0.000000
-0.92430598 0.77420002 -1.03879297 160.000000 1.000000 3083.000000 0.000000
-0.83949798 0.77670002 -0.98214102 645.000000 4.000000 3084.000000 0.000000
-0.64480400 0.60549802 -0.74541599 1170.000000 7.000000 2893.000000 0.000000
-0.64322799 0.61146599 -0.74811399 671.000000 4.000000 3065.000000 0.000000
-0.95716798 0.91774201 -1.14872599 263.000000 1.000000 3126.000000 0.000000
-0.93078202 0.90361899 -1.12242305 762.000000 5.000000 3400.000000 0.000000
-0.93156302 0.91549999 -1.13051605 692.000000 5.000000 3437.000000 0.000000
-0.94116402 0.93624198 -1.15007496 824.000000 6.000000 3311.000000 0.000000
-0.92495799 0.93155998 -1.13658595 622.000000 4.000000 3205.000000 0.000000
-0.91247702 0.93039101 -1.12781799 561.000000 4.000000 3733.000000 0.000000
-0.89186901 0.58310801 -0.96783298 910.000000 5.000000 3302.000000 0.000000
-0.90502298 0.59970301 -0.98731500 602.000000 3.000000 3079.000000 0.000000
-0.75359899 0.59817499 -0.86764002 244.000000 1.000000 3274.000000 0.000000
-0.82203400 0.66095501 -0.95739597 888.000000 5.000000 3428.000000 0.000000
-0.81629401 0.66462398 -0.95530897 1206.000000 7.000000 3533.000000 0.000000
-0.81386101 0.67099297 -0.95739597 969.000000 5.000000 3339.000000 0.000000
-0.88406903 0.73822600 -1.05132699 372.000000 1.000000 2814.000000 0.000000
-0.88204902 0.60868198 -1.02229404 648.000000 4.000000 3250.000000 0.000000
-0.83443201 0.58372802 -0.96816099 1035.000000 6.000000 3628.000000 0.000000
-0.82278800 0.58319497 -0.95819002 1051.000000 6.000000 3719.000000 0.000000
-0.81118298 0.58254200 -0.94821799 833.000000 5.000000 3603.000000 0.000000
-0.66345000 0.48378700 -0.76801300 986.000000 6.000000 3773.000000 0.000000
-0.63798797 0.50228101 -0.75875401 328.000000 2.000000 3347.000000 0.000000
-0.65420097 0.52137798 -0.78368300 866.000000 5.000000 3256.000000 0.000000
-0.64495099 0.52056998 -0.77584797 1044.000000 6.000000 3111.000000 0.000000
-0.64502198 0.52716202 -0.78012198 958.000000 6.000000 3012.000000 0.000000
-0.65699399 0.54354602 -0.80006498 536.000000 3.000000 3139.000000 0.000000
-0.59287399 0.60501200 -0.79436702 138.000000 1.000000 3340.000000 0.000000
-0.60978299 0.62969500 -0.82428300 519.000000 3.000000 3532.000000 0.000000
1.61171401 1.39435697 -0.70245099 1616.000000 16.000000 4479.000000 0.000000
1.67322099 1.42988801 -0.72701800 1875.000000 22.000000 4807.000000 0.000000
1.65245497 1.39459503 -0.71340698 1406.000000 13.000000 5065.000000 0.000000
1.64289403 1.36929703 -0.70510697 1219.000000 11.000000 5114.000000 0.000000
1.64617503 1.35498405 -0.70278299 1335.000000 12.000000 5215.000000 0.000000
1.62522495 1.32100296 -0.68950301 1526.000000 15.000000 5135.000000 0.000000
1.64725494 1.32225096 -0.69581097 1228.000000 11.000000 5007.000000 0.000000
1.66947496 1.27397001 -0.69149500 713.000000 6.000000 5235.000000 0.000000
1.51520503 1.32336903 -0.71809000 1487.000000 10.000000 4405.000000 0.000000
1.62524498 1.40187204 -0.76936603 2152.000000 16.000000 4331.000000 0.000000
1.63310504 1.39126694 -0.76901001 2194.000000 16.000000 4176.000000 0.000000
1.64590299 1.38482797 -0.77114701 1898.000000 13.000000 3883.000000 0.000000
1.65652704 1.37649298 -0.77221501 2462.000000 23.000000 4443.000000 0.000000
1.65916002 1.36156404 -0.76936603 2355.000000 18.000000 4454.000000 0.000000
1.66530395 1.34959400 -0.76829797 2052.000000 15.000000 4525.000000 0.000000
1.61077797 1.28917599 -0.73767400 1655.000000 11.000000 4857.000000 0.000000
1.62819397 1.28679502 -0.74230403 2245.000000 17.000000 5021.000000 0.000000
1.65743303 1.29343796 -0.75263000 1826.000000 12.000000 4372.000000 0.000000
1.57074797 1.34856701 -0.79529899 1170.000000 10.000000 4069.000000 0.000000
1.63200903 1.33309996 -0.81040603 818.000000 7.000000 3870.000000 0.000000
1.59698498 1.28809500 -0.78774601 1403.000000 13.000000 4664.000000 0.000000
1.55534899 1.29116905 -0.83685303 1948.000000 14.000000 5050.000000 0.000000
1.54907095 1.26999903 -0.82881701 1580.000000 10.000000 4754.000000 0.000000
1.54384303 1.43015802 -0.99891198 1130.000000 8.000000 4333.000000 0.000000
1.49121296 1.48450696 -1.13170004 1284.000000 10.000000 3493.000000 0.000000
1.70544398 -1.97971106 -1.09640801 313.000000 3.000000 4769.000000 0.000000
1.62300706 -1.78875399 -1.07661200 939.000000 11.000000 4052.000000 0.000000
1.79621005 -2.00350189 -1.20518398 829.000000 13.000000 3747.000000 0.000000
1.90976298 -2.21016312 -1.31260896 728.000000 12.000000 4108.000000 0.000000
1.87377501 -2.19567990 -1.29653800 777.000000 13.000000 4319.000000 0.000000
1.71986794 -2.04104900 -1.19503295 656.000000 10.000000 4403.000000 0.000000
1.58596599 -1.57110906 -1.06278598 1031.000000 7.000000 3732.000000 0.000000
1.93806303 -2.06724405 -1.36294603 1229.000000 16.000000 3933.000000 0.000000
1.88289797 -2.08397102 -1.35043895 877.000000 11.000000 3753.000000 0.000000
1.84387898 -2.06610107 -1.33078599 1262.000000 17.000000 3830.000000 0.000000
1.78031600 -2.01962900 -1.29237199 1738.000000 23.000000 3547.000000 0.000000
1.85948598 -2.13582802 -1.36205196 1037.000000 13.000000 3947.000000 0.000000
1.67494297 -1.94766796 -1.23073196 1318.000000 15.000000 4014.000000 0.000000
1.28121495 -1.92350996 -1.10209203 1358.000000 12.000000 2515.000000 0.000000
1.28755403 -1.95901000 -1.11861897 836.000000 7.000000 3184.000000 0.000000
1.70910704 -1.46331203 -1.13742995 333.000000 4.000000 4621.000000 0.000000
1.83683395 -1.93758297 -1.35947704 614.000000 9.000000 3503.000000 0.000000
1.82793701 -1.95203805 -1.36181402 728.000000 11.000000 3601.000000 0.000000
1.88209403 -2.05969191 -1.42305303 887.000000 15.000000 3437.000000 0.000000
1.75431800 -1.94406903 -1.33236396 1088.000000 18.000000 3347.000000 0.000000
1.66044605 -1.86320102 -1.26738596 772.000000 11.000000 3559.000000 0.000000
1.62498796 -1.84618998 -1.24821997 667.000000 9.000000 3494.000000 0.000000
1.66070199 -1.91008306 -1.28608501 910.000000 13.000000 3353.000000 0.000000
1.68646002 -1.96376705 -1.31647003 740.000000 11.000000 3642.000000 0.000000
1.54839396 -1.87204099 -1.23232603 789.000000 11.000000 4024.000000 0.000000
1.29205799 -1.94367504 -1.18183994 759.000000 9.000000 2659.000000 0.000000
1.39680004 -2.12875605 -1.29403198 841.000000 13.000000 3534.000000 0.000000
1.44247603 -2.22772002 -1.35106301 881.000000 14.000000 4049.000000 0.000000
0.59420401 -2.27622700 -1.19165599 800.000000 9.000000 4601.000000 0.000000
1.74753702 -1.84422302 -1.37756705 1385.000000 18.000000 3818.000000 0.000000
1.68542099 -1.86843002 -1.36382604 1304.000000 16.000000 3927.000000 0.000000
1.67530596 -1.92742705 -1.38492799 321.000000 3.000000 3122.000000 0.000000
1.31042600 -1.99760997 -1.29217601 1081.000000 12.000000 3564.000000 0.000000
1.31044197 -2.02463794 -1.30493498 1099.000000 12.000000 3638.000000 0.000000
1.29658902 -2.03043699 -1.30346298 1292.000000 15.000000 3562.000000 0.000000
1.24605894 -1.97788095 -1.26322198 1535.000000 14.000000 3672.000000 0.000000
1.24997997 -2.01139998 -1.28039801 1047.000000 11.000000 3789.000000 0.000000
0.51616400 -2.13679910 -1.18470097 1211.000000 11.000000 4680.000000 0.000000
0.49939099 -2.18459797 -1.20874798 861.000000 7.000000 4554.000000 0.000000
1.54604900 -1.78769600 -1.34980905 875.000000 13.000000 3551.000000 0.000000
1.53561103 -1.79780102 -1.35031998 649.000000 9.000000 3831.000000 0.000000
1.31059396 -1.88048995 -1.30742204 428.000000 5.000000 3340.000000 0.000000
1.31564403 -1.91254902 -1.32478499 455.000000 6.000000 2106.000000 0.000000
1.30630505 -1.92413700 -1.32733905 783.000000 11.000000 2533.000000 0.000000
1.31654894 -1.96493101 -1.35083103 464.000000 6.000000 2478.000000 0.000000
1.25016296 -2.13835406 -1.41722095 269.000000 4.000000 3607.000000 0.000000
0.58206499 -2.04587507 -1.20936894 514.000000 5.000000 4214.000000 0.000000
0.57390702 -2.06513810 -1.21907198 718.000000 7.000000 4205.000000 0.000000
0.60681498 -2.23531008 -1.32172096 543.000000 8.000000 4014.000000 0.000000
0.52843201 -2.04706311 -1.20170796 528.000000 5.000000 4116.000000 0.000000
0.48646900 -2.09540892 -1.22366798 810.000000 10.000000 4258.000000 0.000000
0.46844599 -2.07572198 -1.20987904 629.000000 6.000000 3928.000000 0.000000
0.43121201 -2.08904195 -1.21294403 604.000000 6.000000 4250.000000 0.000000
0.41736400 -2.08659196 -1.20987904 373.000000 3.000000 4103.000000 0.000000
0.33526701 -2.06999803 -1.19149399 890.000000 9.000000 4173.000000 0.000000
0.32296100 -2.07456398 -1.19302702 606.000000 6.000000 4228.000000 0.000000
0.32942000 -2.20316505 -1.26911998 897.000000 11.000000 4145.000000 0.000000
0.31441200 -2.19493508 -1.26299202 967.000000 12.000000 4164.000000 0.000000
0.30567300 -2.23088598 -1.28341901 820.000000 10.000000 4329.000000 0.000000
1.34983504 -1.90464306 -1.41878295 800.000000 8.000000 1968.000000 0.000000
1.33327997 -1.90595806 -1.41344404 795.000000 8.000000 2290.000000 0.000000
1.26063597 -2.00488710 -1.44013906 606.000000 6.000000 2463.000000 0.000000
0.51875502 -2.04477191 -1.27676296 214.000000 1.000000 4149.000000 0.000000
0.53796500 -2.17681003 -1.36058700 706.000000 6.000000 3865.000000 0.000000
0.48775801 -2.08279300 -1.29544902 1027.000000 9.000000 3986.000000 0.000000
0.46935299 -2.06100988 -1.27943206 1050.000000 9.000000 3921.000000 0.000000
0.45396599 -2.05146503 -1.27142406 1160.000000 9.000000 4095.000000 0.000000
0.44030800 -2.04925108 -1.26821995 1098.000000 8.000000 3790.000000 0.000000
0.42824200 -2.05439806 -1.26982200 1035.000000 7.000000 3883.000000 0.000000
0.41796499 -2.06859207 -1.27729702 1352.000000 10.000000 4071.000000 0.000000
0.40089500 -2.04871011 -1.26288104 1223.000000 9.000000 4088.000000 0.000000
0.41464499 -2.19072104 -1.35257804 629.000000 5.000000 3930.000000 0.000000
0.40013400 -2.18740106 -1.34884000 706.000000 6.000000 3805.000000 0.000000
0.36502200 -2.06656694 -1.26982200 1177.000000 9.000000 4119.000000 0.000000
0.34950700 -2.05209589 -1.25914395 1217.000000 9.000000 4140.000000 0.000000
0.33527401 -2.04418802 -1.25273705 1412.000000 11.000000 4206.000000 0.000000
0.32154399 -2.03868890 -1.24793196 1207.000000 9.000000 4101.000000 0.000000
0.30676001 -2.02557397 -1.23832095 1170.000000 9.000000 4128.000000 0.000000
0.30713999 -2.11612391 -1.29491603 1031.000000 9.000000 3852.000000 0.000000
0.31151301 -2.24360609 -1.37500203 882.000000 7.000000 3869.000000 0.000000
0.28070700 -2.11638093 -1.29278004 1104.000000 10.000000 3659.000000 0.000000
0.26064900 -2.06185389 -1.25700796 1187.000000 9.000000 4079.000000 0.000000
0.24709000 -2.05585909 -1.25220299 1052.000000 8.000000 3874.000000 0.000000
0.23390000 -2.05229497 -1.24899900 1055.000000 8.000000 3745.000000 0.000000
-0.03426800 -2.22174191 -1.34777296 780.000000 6.000000 3654.000000 0.000000
-0.04656700 -2.16147089 -1.30986500 912.000000 8.000000 3475.000000 0.000000
-0.07597400 -2.24439597 -1.36272204 562.000000 4.000000 2958.000000 0.000000
-0.09995400 -2.16727901 -1.31466997 1009.000000 9.000000 3419.000000 0.000000
-0.11526200 -2.20462108 -1.33869600 843.000000 7.000000 3473.000000 0.000000
0.53122598 -2.12862206 -1.40166605 679.000000 8.000000 3441.000000 0.000000
0.49831700 -2.05094695 -1.34632599 815.000000 10.000000 3751.000000 0.000000
0.49597499 -2.09690404 -1.37565601 694.000000 8.000000 3668.000000 0.000000
0.48536000 -2.10964298 -1.38229704 693.000000 8.000000 3539.000000 0.000000
0.47277299 -2.11420703 -1.38340402 846.000000 10.000000 3581.000000 0.000000
0.46621701 -2.14635706 -1.40332603 905.000000 11.000000 3709.000000 0.000000
0.40715900 -1.99366903 -1.29596806 838.000000 9.000000 4036.000000 0.000000
0.38723600 -1.95774400 -1.26995802 1287.000000 14.000000 4160.000000 0.000000
0.37648401 -1.96662498 -1.27438605 1386.000000 16.000000 4169.000000 0.000000
0.37407601 -2.02047396 -1.30924904 931.000000 10.000000 3866.000000 0.000000
0.36300701 -2.03010702 -1.31422997 922.000000 10.000000 3650.000000 0.000000
0.35011300 -2.02983499 -1.31256998 1012.000000 11.000000 3732.000000 0.000000
0.33599201 -2.02208900 -1.30592895 1114.000000 12.000000 3857.000000 0.000000
0.31824699 -1.99122500 -1.28379297 1449.000000 17.000000 4067.000000 0.000000
0.30615100 -1.99396300 -1.28434706 1464.000000 17.000000 4020.000000 0.000000
0.29427999 -1.99827600 -1.28600705 1520.000000 18.000000 4171.000000 0.000000
0.28201300 -2.00004411 -1.28600705 1426.000000 16.000000 3990.000000 0.000000
0.28183499 -2.09003401 -1.34521997 1151.000000 15.000000 3674.000000 0.000000
0.27440599 -2.13301802 -1.37288904 909.000000 11.000000 3347.000000 0.000000
0.26275399 -2.14623404 -1.38063705 962.000000 12.000000 3327.000000 0.000000
0.25271100 -2.17427397 -1.39834499 826.000000 10.000000 3318.000000 0.000000
0.03712200 -2.12445211 -1.35573399 738.000000 9.000000 3774.000000 0.000000
0.01001200 -1.98315501 -1.26165795 1029.000000 11.000000 3676.000000 0.000000
-0.00212200 -2.01233101 -1.28102601 744.000000 7.000000 3292.000000 0.000000
-0.05413300 -2.12408710 -1.35573399 684.000000 8.000000 3223.000000 0.000000
-0.06704200 -2.11955190 -1.35296702 714.000000 8.000000 3189.000000 0.000000
-0.08049100 -2.13158607 -1.36126804 789.000000 9.000000 3245.000000 0.000000
-0.17573600 -2.17432499 -1.39336503 393.000000 4.000000 3205.000000 0.000000
0.66612899 -2.04495001 -1.45819795 851.000000 7.000000 3237.000000 0.000000
0.65158600 -2.04276705 -1.45359004 1068.000000 9.000000 3358.000000 0.000000
0.58122998 -2.03584790 -1.43458104 1089.000000 10.000000 3314.000000 0.000000
0.57464200 -2.06064010 -1.45013404 966.000000 8.000000 3203.000000 0.000000
0.54849201 -2.01442790 -1.41384494 1209.000000 11.000000 3420.000000 0.000000
0.52879399 -1.99009895 -1.39368498 1110.000000 10.000000 3525.000000 0.000000
0.51166499 -1.97431099 -1.37986100 905.000000 6.000000 3509.000000 0.000000
0.51251799 -2.02893901 -1.41730106 864.000000 7.000000 3239.000000 0.000000
0.49733201 -2.02093101 -1.40923703 936.000000 8.000000 3434.000000 0.000000
0.47561699 -1.98498499 -1.38101304 1036.000000 8.000000 3628.000000 0.000000
0.45380801 -1.94646204 -1.35106099 1139.000000 8.000000 3657.000000 0.000000
0.43537101 -1.92050505 -1.33032501 1179.000000 9.000000 3764.000000 0.000000
0.42498100 -1.92952800 -1.33493304 1026.000000 7.000000 3845.000000 0.000000
0.40989700 -1.91690898 -1.32398903 1346.000000 10.000000 3515.000000 0.000000
0.39829299 -1.92018795 -1.32456505 1128.000000 8.000000 3724.000000 0.000000
0.38457701 -1.91297805 -1.31765199 1214.000000 9.000000 3886.000000 0.000000
0.38076699 -1.95622897 -1.34702897 993.000000 7.000000 3673.000000 0.000000
0.36288100 -1.92719400 -1.32456505 1827.000000 16.000000 3750.000000 0.000000
0.35104901 -1.92938399 -1.32456505 1776.000000 15.000000 3752.000000 0.000000
0.34131601 -1.94358099 -1.33320498 1374.000000 11.000000 3766.000000 0.000000
0.33182901 -1.96014798 -1.34357297 797.000000 6.000000 3321.000000 0.000000
0.31861699 -1.95488501 -1.33838904 1293.000000 10.000000 3571.000000 0.000000
0.31001699 -1.97861099 -1.35394096 1148.000000 9.000000 3561.000000 0.000000
0.29678199 -1.97319901 -1.34875703 1358.000000 11.000000 3556.000000 0.000000
0.28652501 -1.98793006 -1.35797298 1304.000000 10.000000 3596.000000 0.000000
0.27643201 -2.00503802 -1.36891699 1414.000000 11.000000 3573.000000 0.000000
0.26995900 -2.05127597 -1.40059698 1150.000000 10.000000 3544.000000 0.000000
0.25888401 -2.06506109 -1.40923703 1179.000000 11.000000 3345.000000 0.000000
0.24688201 -2.07229400 -1.41326904 1174.000000 11.000000 3141.000000 0.000000
0.23571099 -2.08757901 -1.42306101 1074.000000 10.000000 3323.000000 0.000000
-0.02107400 -2.05250692 -1.38907695 1112.000000 10.000000 3394.000000 0.000000
-0.03359800 -2.04825211 -1.38619697 1033.000000 9.000000 3325.000000 0.000000
0.54294598 -1.84694302 -1.36703897 506.000000 5.000000 3902.000000 0.000000
0.52779800 -1.83711600 -1.35692501 898.000000 9.000000 3617.000000 0.000000
0.51454502 -1.83335996 -1.35157001 1081.000000 12.000000 3715.000000 0.000000
0.50307101 -1.83570802 -1.35097504 1074.000000 12.000000 3557.000000 0.000000
0.50143802 -1.87445402 -1.37834299 873.000000 9.000000 3259.000000 0.000000
0.49955299 -1.91402495 -1.40630603 655.000000 7.000000 3100.000000 0.000000
0.49380001 -1.94040799 -1.42415500 751.000000 8.000000 3134.000000 0.000000
0.48383701 -1.95119798 -1.43010497 940.000000 12.000000 3145.000000 0.000000
0.47280800 -1.95803499 -1.43307996 791.000000 10.000000 3268.000000 0.000000
0.45595700 -1.94056702 -1.41761100 579.000000 6.000000 3193.000000 0.000000
0.42686000 -1.86892903 -1.36108899 756.000000 8.000000 3366.000000 0.000000
0.41397601 -1.86523902 -1.35633004 774.000000 8.000000 3378.000000 0.000000
0.40320799 -1.87088597 -1.35870898 759.000000 8.000000 3529.000000 0.000000
0.40187201 -1.92129099 -1.39500201 1081.000000 12.000000 3318.000000 0.000000
0.38619801 -1.90482402 -1.38072300 960.000000 10.000000 3537.000000 0.000000
0.36854601 -1.87720203 -1.35811400 756.000000 8.000000 3564.000000 0.000000
0.36218601 -1.90626299 -1.37834299 944.000000 10.000000 3402.000000 0.000000
0.34871799 -1.89896703 -1.37120402 1062.000000 11.000000 3545.000000 0.000000
0.32881099 -1.85518897 -1.33669603 715.000000 7.000000 3721.000000 0.000000
0.31879500 -1.86509097 -1.34264505 788.000000 8.000000 3643.000000 0.000000
0.30708000 -1.86542702 -1.34145498 800.000000 8.000000 3792.000000 0.000000
0.29537299 -1.86568904 -1.34026599 719.000000 7.000000 3391.000000 0.000000
0.29423201 -1.93418896 -1.39024198 1075.000000 12.000000 3505.000000 0.000000
0.28837001 -1.97650599 -1.42058599 961.000000 10.000000 3418.000000 0.000000
0.28188699 -2.01802707 -1.45033395 986.000000 12.000000 3095.000000 0.000000
