-0.21777999 -3.91495204 1.85906100 170.000000 3.000000 12692.000000 3.000000
-0.36577800 -3.94848490 1.87981606 299.000000 5.000000 11273.000000 3.000000
-0.39229101 -3.96960711 1.89082801 1112.000000 21.000000 10204.000000 3.000000
1.65700996 -3.93951011 1.19280100 774.000000 11.000000 8195.000000 3.000000
1.93055797 -3.95202494 0.78068000 579.000000 8.000000 7698.000000 3.000000
1.80794406 -3.94353795 0.77046502 1258.000000 19.000000 7694.000000 3.000000
1.79951096 -3.98961091 0.77699602 1430.000000 22.000000 7562.000000 3.000000
-0.83556098 -3.95415211 0.72006100 423.000000 6.000000 7296.000000 3.000000
1.28050900 -3.94327402 0.23605099 545.000000 9.000000 6772.000000 3.000000
1.24961197 -3.93012094 0.23499601 1411.000000 27.000000 7102.000000 3.000000
1.23113000 -3.95583010 0.23590700 1139.000000 21.000000 7081.000000 3.000000
1.20858502 -3.96904206 0.23619500 1330.000000 25.000000 7189.000000 3.000000
1.18592501 -3.98212504 0.23648299 1413.000000 27.000000 7131.000000 3.000000
1.15586698 -3.97015095 0.23552300 1555.000000 30.000000 7115.000000 3.000000
1.13011301 -3.97236609 0.23528400 1449.000000 28.000000 6889.000000 3.000000
1.10303497 -3.96960402 0.23480400 1133.000000 20.000000 6039.000000 3.000000
1.23263896 -3.87659407 0.13342100 783.000000 11.000000 5792.000000 3.000000
1.23820996 -3.97859502 0.13575301 1051.000000 15.000000 6187.000000 3.000000
1.13333404 -3.98364592 0.03819500 699.000000 12.000000 6762.000000 3.000000
1.10940695 -3.99245191 0.03819500 850.000000 15.000000 6543.000000 3.000000
1.07989705 -3.98085093 0.03819500 1076.000000 20.000000 6998.000000 3.000000
1.58619702 -3.95237589 -0.26959199 1015.000000 15.000000 5609.000000 3.000000
1.55862606 -3.95368195 -0.26893899 1072.000000 16.000000 5892.000000 3.000000
1.52929997 -3.95014906 -0.26792401 618.000000 8.000000 5685.000000 3.000000
1.51636398 -3.98929501 -0.27024499 1194.000000 18.000000 5605.000000 3.000000
1.03517199 -3.99577308 -0.35739401 218.000000 4.000000 5051.000000 3.000000
0.99815899 -3.95284200 -0.35249701 833.000000 15.000000 6426.000000 3.000000
