-0.45770299 2.02523303 -0.31171700 3520.000000 34.000000 4357.000000 0.000000
-0.44484600 2.02607703 -0.31138101 3479.000000 33.000000 4288.000000 0.000000
-0.43097201 2.02201891 -0.31020200 3211.000000 28.000000 3022.000000 0.000000
-0.41975001 2.03041792 -0.31121200 3379.000000 31.000000 3389.000000 0.000000
-0.40805599 2.03682208 -0.31188601 2767.000000 21.000000 3415.000000 0.000000
-0.39873099 2.05574012 -0.31474701 938.000000 5.000000 3482.000000 0.000000
-0.48794499 2.03003693 -0.36392099 963.000000 9.000000 5470.000000 0.000000
-0.47412801 2.02726102 -0.36277199 1949.000000 21.000000 4733.000000 0.000000
-0.45838800 2.01578212 -0.35989901 2543.000000 26.000000 5073.000000 0.000000
-0.44601101 2.01855707 -0.35989901 2575.000000 26.000000 4318.000000 0.000000
-0.43340901 2.02029610 -0.35970801 1875.000000 16.000000 2933.000000 0.000000
-0.42100400 2.02291799 -0.35970801 1580.000000 13.000000 2355.000000 0.000000
-0.40878001 2.02642488 -0.35989901 1522.000000 12.000000 2461.000000 0.000000
-0.39595801 2.02696896 -0.35951599 1801.000000 15.000000 2770.000000 0.000000
-0.38774800 2.05153394 -0.36392099 1043.000000 9.000000 3258.000000 0.000000
-0.38138899 2.08765602 -0.37062299 608.000000 5.000000 3093.000000 0.000000
-0.48154700 2.01691508 -0.41400900 1822.000000 12.000000 4331.000000 0.000000
-0.46607700 2.00651407 -0.41098800 2055.000000 13.000000 2627.000000 0.000000
-0.45397100 2.01028895 -0.41120401 2727.000000 22.000000 3063.000000 0.000000
-0.44246301 2.01685190 -0.41206700 3359.000000 33.000000 3619.000000 0.000000
-0.43109301 2.02430511 -0.41314599 3075.000000 28.000000 3298.000000 0.000000
-0.41689199 2.01830411 -0.41120401 2345.000000 17.000000 2795.000000 0.000000
-0.41806301 2.08881211 -0.42652300 1543.000000 10.000000 2811.000000 0.000000
-0.42245901 2.18050003 -0.44658801 484.000000 2.000000 4791.000000 0.000000
-0.50071001 2.01642489 -0.46591800 1131.000000 10.000000 4632.000000 0.000000
-0.48487699 2.00530696 -0.46233699 2314.000000 26.000000 4307.000000 0.000000
-0.47054499 1.99974096 -0.46018901 3091.000000 43.000000 4414.000000 0.000000
-0.45957699 2.00826812 -0.46162099 3285.000000 48.000000 4663.000000 0.000000
-0.44575700 2.00441694 -0.45995000 3153.000000 45.000000 4471.000000 0.000000
-0.43427700 2.01091003 -0.46090499 2363.000000 27.000000 4149.000000 0.000000
-0.43760800 2.08764100 -0.47952399 1845.000000 19.000000 3385.000000 0.000000
-0.43123099 2.12168002 -0.48740101 1385.000000 13.000000 3545.000000 0.000000
-0.40722400 2.06904292 -0.47355601 255.000000 2.000000 6601.000000 0.000000
-0.50067198 1.99004602 -0.51387697 812.000000 4.000000 4367.000000 0.000000
-0.48730701 1.98839402 -0.51256198 2466.000000 19.000000 3901.000000 0.000000
-0.47777599 2.00260997 -0.51571798 3033.000000 27.000000 4120.000000 0.000000
-0.46613199 2.00832391 -0.51650703 3209.000000 30.000000 3833.000000 0.000000
-0.45337701 2.00926399 -0.51598102 3630.000000 39.000000 3816.000000 0.000000
-0.43898001 2.00258207 -0.51335102 2746.000000 23.000000 3287.000000 0.000000
-0.44109800 2.07319093 -0.53228903 1780.000000 12.000000 2667.000000 0.000000
-0.43011799 2.08436298 -0.53465599 2044.000000 14.000000 2592.000000 0.000000
-0.41732100 2.08696294 -0.53465599 395.000000 2.000000 5075.000000 0.000000
-0.50192702 2.00807405 -0.57085901 1504.000000 15.000000 3763.000000 0.000000
-0.48662600 1.99901700 -0.56714600 2250.000000 26.000000 4550.000000 0.000000
-0.47345999 1.99823701 -0.56600302 3043.000000 42.000000 4906.000000 0.000000
-0.46162501 2.00297093 -0.56657398 3229.000000 47.000000 4655.000000 0.000000
-0.44932601 2.00576591 -0.56657398 2542.000000 31.000000 4090.000000 0.000000
-0.43865499 2.01597309 -0.56885999 1857.000000 19.000000 4142.000000 0.000000
-0.43966499 2.08142304 -0.58800101 1589.000000 16.000000 2914.000000 0.000000
-0.43037900 2.10097408 -0.59314299 1077.000000 10.000000 3810.000000 0.000000
-0.48810500 1.99912798 -0.62360197 2016.000000 14.000000 4198.000000 0.000000
-0.47341800 1.99190795 -0.62019402 3239.000000 31.000000 4241.000000 0.000000
-0.46161401 1.99662900 -0.62081301 3527.000000 37.000000 3890.000000 0.000000
-0.44914699 1.99849606 -0.62050301 3034.000000 27.000000 3525.000000 0.000000
-0.43970600 2.01422000 -0.62484097 2147.000000 15.000000 3413.000000 0.000000
-0.43637601 2.05967307 -0.63909400 1800.000000 12.000000 2312.000000 0.000000
-0.43174201 2.10143304 -0.65210801 1369.000000 8.000000 3218.000000 0.000000
-0.48949099 1.89443898 -0.64103103 472.000000 3.000000 3344.000000 0.000000
-0.48751301 1.98637402 -0.67223901 1239.000000 12.000000 4359.000000 0.000000
-0.47531500 1.98932803 -0.67223901 2324.000000 27.000000 4352.000000 0.000000
-0.46288499 1.99128902 -0.67190701 2824.000000 37.000000 4258.000000 0.000000
-0.45128700 1.99685001 -0.67290300 2342.000000 27.000000 3802.000000 0.000000
-0.44086301 2.00786996 -0.67589098 1874.000000 20.000000 3901.000000 0.000000
-0.44143501 2.07047796 -0.69747102 1375.000000 13.000000 3062.000000 0.000000
-0.40230900 1.94664705 -0.65198702 1251.000000 10.000000 3513.000000 0.000000
-0.49106699 1.91040206 -0.70313400 576.000000 3.000000 2551.000000 0.000000
-0.48371100 1.98256600 -0.72912800 1892.000000 13.000000 4414.000000 0.000000
-0.47239900 1.98913395 -0.73055297 2875.000000 25.000000 3939.000000 0.000000
-0.45892599 1.98653102 -0.72841603 3191.000000 30.000000 3497.000000 0.000000
-0.44815800 1.99569297 -0.73090899 2763.000000 23.000000 3297.000000 0.000000
-0.43550700 1.99657905 -0.73019701 2185.000000 16.000000 3419.000000 0.000000
-0.43405199 2.05041504 -0.75013798 1632.000000 11.000000 2355.000000 0.000000
-0.49704099 1.90459704 -0.75375402 484.000000 4.000000 2895.000000 0.000000
-0.48718700 1.91478598 -0.75677598 398.000000 3.000000 3621.000000 0.000000
-0.49250501 1.98600698 -0.78547901 773.000000 7.000000 4393.000000 0.000000
-0.48030999 1.98899102 -0.78547901 2150.000000 24.000000 4717.000000 0.000000
-0.46745601 1.98919797 -0.78434598 2590.000000 32.000000 3796.000000 0.000000
-0.45524099 1.99202895 -0.78434598 2626.000000 33.000000 3914.000000 0.000000
-0.44280699 1.99388099 -0.78396899 2219.000000 25.000000 3673.000000 0.000000
-0.44080999 2.04360700 -0.80360800 1548.000000 15.000000 3077.000000 0.000000
-0.43783599 2.09156895 -0.82249200 910.000000 9.000000 2958.000000 0.000000
-0.50654298 1.92571604 -0.82359397 572.000000 3.000000 2404.000000 0.000000
-0.50901300 1.98468006 -0.84890598 902.000000 5.000000 3124.000000 0.000000
-0.49483201 1.97976899 -0.84529001 2009.000000 14.000000 4281.000000 0.000000
-0.48116300 1.97653794 -0.84247798 2529.000000 20.000000 4574.000000 0.000000
-0.46923700 1.98034501 -0.84287900 2839.000000 25.000000 4037.000000 0.000000
-0.45646200 1.98050904 -0.84167397 2611.000000 21.000000 3643.000000 0.000000
-0.44509900 1.98684800 -0.84328097 2507.000000 20.000000 3610.000000 0.000000
-0.43561700 2.00206995 -0.84890598 1811.000000 12.000000 3354.000000 0.000000
-0.48097900 1.96961200 -0.89559501 1766.000000 19.000000 4102.000000 0.000000
-0.46888500 1.97252595 -0.89559501 1745.000000 18.000000 2971.000000 0.000000
-0.45656699 1.97448301 -0.89517301 1880.000000 20.000000 2975.000000 0.000000
-0.44484401 1.97901499 -0.89601803 1761.000000 18.000000 2791.000000 0.000000
-0.43405899 1.98790205 -0.89897901 1517.000000 15.000000 2843.000000 0.000000
-0.42754400 2.01711011 -0.91166699 1126.000000 10.000000 3029.000000 0.000000
-0.51384002 1.96041095 -0.96005201 1502.000000 10.000000 2587.000000 0.000000
-0.49915001 1.95312297 -0.95469201 1501.000000 10.000000 2765.000000 0.000000
-0.48327601 1.94051898 -0.94665200 1950.000000 14.000000 2533.000000 0.000000
-0.47030801 1.93909895 -0.94441903 2159.000000 16.000000 3162.000000 0.000000
-0.45819700 1.94107795 -0.94397300 2091.000000 15.000000 2704.000000 0.000000
-0.44448099 1.93600297 -0.93995202 2291.000000 17.000000 2991.000000 0.000000
-0.43434200 1.94655395 -0.94397300 1975.000000 14.000000 2691.000000 0.000000
-0.42541200 1.96317506 -0.95111901 1759.000000 12.000000 2595.000000 0.000000
-0.41482601 1.97275400 -0.95469201 1650.000000 11.000000 2446.000000 0.000000
-0.40289199 1.97613895 -0.95513898 1558.000000 10.000000 2217.000000 0.000000
-0.39404100 1.99525297 -0.96362603 1285.000000 8.000000 2601.000000 0.000000
-0.49612099 1.95186698 -1.01261699 1079.000000 10.000000 2182.000000 0.000000
-0.47877601 1.93343401 -1.00092995 1297.000000 13.000000 2162.000000 0.000000
-0.46941301 1.94664204 -1.00653994 1162.000000 11.000000 2111.000000 0.000000
-0.45440301 1.93658304 -0.99952799 1296.000000 13.000000 2148.000000 0.000000
-0.44072500 1.93158197 -0.99532002 1441.000000 14.000000 2432.000000 0.000000
-0.42886499 1.93424904 -0.99532002 1393.000000 14.000000 2259.000000 0.000000
-0.42131099 1.95671201 -1.00607204 1148.000000 11.000000 2017.000000 0.000000
-0.41276601 1.97569394 -1.01495397 1094.000000 10.000000 1764.000000 0.000000
1.45630598 2.19427395 -0.47039199 1245.000000 15.000000 4382.000000 0.000000
1.46482301 2.17795992 -0.46866801 1856.000000 25.000000 3579.000000 0.000000
1.47815895 2.16893101 -0.46866801 1856.000000 25.000000 2978.000000 0.000000
1.47919703 2.14203405 -0.46445501 1595.000000 21.000000 4041.000000 0.000000
1.48108304 2.11681604 -0.46062499 2282.000000 34.000000 4860.000000 0.000000
1.48271596 2.09165692 -0.45679501 2196.000000 32.000000 4976.000000 0.000000
1.50523400 2.09608698 -0.46005100 1835.000000 25.000000 4615.000000 0.000000
1.52325296 2.09396291 -0.46177399 654.000000 7.000000 5909.000000 0.000000
1.45240998 2.17872500 -0.53440201 2388.000000 23.000000 3113.000000 0.000000
1.46903300 2.17462611 -0.53569603 2582.000000 30.000000 2878.000000 0.000000
1.48014104 2.16234899 -0.53483301 2643.000000 27.000000 2490.000000 0.000000
1.49616504 2.15723705 -0.53591198 1706.000000 17.000000 3389.000000 0.000000
1.49308097 2.12485504 -0.52965498 2760.000000 29.000000 4347.000000 0.000000
1.50269103 2.11088300 -0.52836001 3371.000000 43.000000 4140.000000 0.000000
1.51733005 2.10399699 -0.52900797 2752.000000 29.000000 4014.000000 0.000000
1.53366899 2.09937692 -0.53030199 807.000000 6.000000 5731.000000 0.000000
1.44768298 2.18781209 -0.60006899 995.000000 14.000000 5048.000000 0.000000
1.45568395 2.17081404 -0.59768200 1652.000000 26.000000 3802.000000 0.000000
1.46625400 2.15782094 -0.59648800 1360.000000 20.000000 3183.000000 0.000000
1.48166394 2.15198588 -0.59744298 1233.000000 18.000000 3309.000000 0.000000
1.49428594 2.14205694 -0.59720498 1321.000000 20.000000 5634.000000 0.000000
1.49733496 2.11855793 -0.59290802 2035.000000 29.000000 5015.000000 0.000000
1.50861299 2.10696006 -0.59219199 2460.000000 38.000000 5049.000000 0.000000
1.53175402 2.11182904 -0.59648800 1476.000000 22.000000 4762.000000 0.000000
1.44846201 2.17199707 -0.66617203 2019.000000 21.000000 2972.000000 0.000000
1.46500504 2.16786289 -0.66775000 1854.000000 19.000000 2416.000000 0.000000
1.47500598 2.15405893 -0.66617203 2052.000000 22.000000 2374.000000 0.000000
1.48874605 2.14576006 -0.66643500 999.000000 9.000000 4705.000000 0.000000
1.48578298 2.11370301 -0.65880698 2267.000000 22.000000 4267.000000 0.000000
1.50208402 2.10926104 -0.66038501 3175.000000 38.000000 4648.000000 0.000000
1.51386905 2.09843993 -0.65985900 2556.000000 26.000000 3883.000000 0.000000
1.52785504 2.09066892 -0.66038501 591.000000 4.000000 5149.000000 0.000000
1.44341803 2.18874907 -0.73541600 861.000000 12.000000 5304.000000 0.000000
1.44991505 2.16948199 -0.73170203 1428.000000 22.000000 3530.000000 0.000000
1.45998204 2.15577888 -0.72998798 1632.000000 25.000000 3468.000000 0.000000
1.47967398 2.15627193 -0.73341602 1427.000000 21.000000 3288.000000 0.000000
1.48305202 2.13297510 -0.72827399 1119.000000 16.000000 5208.000000 0.000000
1.48785102 2.11207008 -0.72398800 2022.000000 34.000000 5324.000000 0.000000
1.49911594 2.10055804 -0.72313100 2505.000000 47.000000 5389.000000 0.000000
1.51085603 2.08976507 -0.72255999 1509.000000 23.000000 4475.000000 0.000000
1.43938100 2.18322706 -0.80517203 1028.000000 9.000000 3411.000000 0.000000
1.44006395 2.15538597 -0.79773599 1762.000000 18.000000 2732.000000 0.000000
1.45059395 2.14257407 -0.79618698 2233.000000 25.000000 2607.000000 0.000000
1.46748197 2.13912010 -0.79835498 2025.000000 21.000000 2437.000000 0.000000
1.48003602 2.12929511 -0.79804599 1905.000000 20.000000 4334.000000 0.000000
1.48266494 2.10540795 -0.79215902 2842.000000 36.000000 4474.000000 0.000000
1.49500299 2.09549809 -0.79184902 2858.000000 37.000000 4115.000000 0.000000
1.50058699 2.07627106 -0.78782099 1266.000000 12.000000 3616.000000 0.000000
1.44058502 2.16438699 -0.86745298 1297.000000 19.000000 3334.000000 0.000000
1.44910204 2.14846110 -0.86446500 1537.000000 24.000000 3325.000000 0.000000
1.46225798 2.13952899 -0.86446500 1506.000000 23.000000 3344.000000 0.000000
1.46946394 2.12197709 -0.86081302 1668.000000 27.000000 5416.000000 0.000000
1.46732104 2.09127593 -0.85151702 2036.000000 35.000000 4907.000000 0.000000
1.48448801 2.08839107 -0.85417300 1867.000000 31.000000 4137.000000 0.000000
1.49397397 2.07464504 -0.85218102 802.000000 11.000000 2938.000000 0.000000
1.50556600 2.06391311 -0.85151702 190.000000 2.000000 2249.000000 0.000000
1.51708305 2.05311704 -0.85085303 168.000000 2.000000 2138.000000 0.000000
1.43534303 2.17629099 -0.94491601 1551.000000 15.000000 3098.000000 0.000000
1.43151999 2.14181399 -0.93316603 1950.000000 20.000000 2599.000000 0.000000
1.44306195 2.13066912 -0.93209702 1828.000000 19.000000 3333.000000 0.000000
1.44076300 2.09943891 -0.92177099 2784.000000 35.000000 4825.000000 0.000000
1.45148206 2.08749199 -0.92034602 2758.000000 35.000000 3909.000000 0.000000
1.46480203 2.07930994 -0.92070299 2355.000000 27.000000 3110.000000 0.000000
1.40533304 2.09427691 -0.97960699 1485.000000 23.000000 5311.000000 0.000000
1.41088498 2.07488298 -0.97431898 1802.000000 30.000000 5746.000000 0.000000
1.42254102 2.06466007 -0.97356403 1717.000000 28.000000 4971.000000 0.000000
1.44047105 2.06349397 -0.97733998 1516.000000 24.000000 4337.000000 0.000000
1.45310497 2.05461693 -0.97733998 1095.000000 16.000000 4223.000000 0.000000
1.38877106 2.04831600 -1.03573799 1734.000000 18.000000 2924.000000 0.000000
1.41013801 2.02586102 -1.03292501 1882.000000 20.000000 2987.000000 0.000000
-0.37340599 -1.96734202 -0.34726101 1803.000000 16.000000 4625.000000 0.000000
-0.38995999 -1.98813796 -0.35185701 456.000000 3.000000 6074.000000 0.000000
-0.43344101 -1.89865506 -0.33653700 1764.000000 15.000000 4064.000000 0.000000
-0.43507600 -1.85294104 -0.32791999 2563.000000 26.000000 3432.000000 0.000000
-0.44643700 -1.85023701 -0.32791999 2716.000000 29.000000 3292.000000 0.000000
-0.45778200 -1.84746301 -0.32791999 2793.000000 30.000000 3255.000000 0.000000
-0.46551001 -1.83034396 -0.32504699 2246.000000 21.000000 3575.000000 0.000000
-0.48435101 -1.85690999 -0.33098400 1493.000000 12.000000 4533.000000 0.000000
-0.32490301 -1.95797300 -0.39437500 1141.000000 6.000000 5112.000000 0.000000
-0.36872801 -1.99390399 -0.40386799 900.000000 5.000000 4819.000000 0.000000
-0.37819400 -1.97721899 -0.40063199 2293.000000 16.000000 3773.000000 0.000000
-0.39411801 -1.99401700 -0.40494701 707.000000 3.000000 5109.000000 0.000000
-0.42900899 -1.86775899 -0.37927201 2051.000000 13.000000 3211.000000 0.000000
-0.43776000 -1.85369003 -0.37668300 3088.000000 26.000000 2696.000000 0.000000
-0.44889501 -1.85002005 -0.37646699 3054.000000 25.000000 2605.000000 0.000000
-0.46213201 -1.85481000 -0.37819299 2871.000000 23.000000 2736.000000 0.000000
-0.47398901 -1.85383105 -0.37862399 2718.000000 21.000000 2958.000000 0.000000
-0.48932901 -1.86599696 -0.38207701 2054.000000 13.000000 4360.000000 0.000000
-0.51499897 -1.91575599 -0.39415899 611.000000 3.000000 5662.000000 0.000000
-0.39019299 -2.00410008 -0.45708600 1675.000000 14.000000 4546.000000 0.000000
-0.40513599 -2.01500201 -0.46042800 1822.000000 19.000000 5116.000000 0.000000
-0.41495201 -2.00011206 -0.45732501 1113.000000 9.000000 5735.000000 0.000000
-0.43657500 -1.87105799 -0.42748699 1383.000000 11.000000 4881.000000 0.000000
-0.44602600 -1.85984099 -0.42533800 2404.000000 24.000000 3391.000000 0.000000
-0.45650899 -1.85329604 -0.42438400 2578.000000 26.000000 3352.000000 0.000000
-0.46858001 -1.85328603 -0.42510000 2451.000000 24.000000 3421.000000 0.000000
-0.47849199 -1.84473300 -0.42366800 2198.000000 21.000000 3710.000000 0.000000
-0.50366801 -1.89434600 -0.43703499 1784.000000 15.000000 4977.000000 0.000000
-0.52161700 -1.91465604 -0.44300199 652.000000 5.000000 5791.000000 0.000000
-0.37263799 -2.01303792 -0.51256198 1506.000000 9.000000 3838.000000 0.000000
-0.38516501 -2.01166105 -0.51282501 779.000000 4.000000 4796.000000 0.000000
-0.39693701 -2.00642109 -0.51203603 1719.000000 11.000000 3791.000000 0.000000
-0.45482799 -1.97825801 -0.50782698 1821.000000 11.000000 3577.000000 0.000000
-0.43780401 -1.85245204 -0.47336999 2435.000000 17.000000 2537.000000 0.000000
-0.45076001 -1.85629201 -0.47521099 2785.000000 21.000000 2545.000000 0.000000
-0.46190700 -1.85255599 -0.47494799 2597.000000 19.000000 2536.000000 0.000000
-0.47374499 -1.85155594 -0.47547400 2583.000000 19.000000 3032.000000 0.000000
-0.48583400 -1.85141301 -0.47626400 2055.000000 13.000000 3703.000000 0.000000
-0.51527500 -1.91546500 -0.49520200 635.000000 3.000000 5230.000000 0.000000
-0.37059000 -2.05491209 -0.57628798 1040.000000 9.000000 4866.000000 0.000000
-0.37866700 -2.02809691 -0.56885999 1314.000000 12.000000 4508.000000 0.000000
-0.39092401 -2.02479410 -0.56857401 1615.000000 16.000000 4181.000000 0.000000
-0.40408301 -2.02611804 -0.56971699 1567.000000 16.000000 4192.000000 0.000000
-0.41746399 -2.02829599 -0.57114500 1238.000000 12.000000 5280.000000 0.000000
-0.42773300 -2.01537991 -0.56800300 646.000000 5.000000 5739.000000 0.000000
-0.44414899 -2.03145003 -0.57371598 1378.000000 13.000000 4576.000000 0.000000
-0.44735301 -1.87836003 -0.52943498 1846.000000 16.000000 3559.000000 0.000000
-0.45412800 -1.85602200 -0.52343500 2390.000000 24.000000 3297.000000 0.000000
-0.46550801 -1.85320103 -0.52343500 2388.000000 23.000000 3285.000000 0.000000
-0.47663301 -1.84938097 -0.52315003 2374.000000 23.000000 3546.000000 0.000000
-0.48894301 -1.85012901 -0.52429199 2185.000000 21.000000 4013.000000 0.000000
-0.51122397 -1.88781703 -0.53686303 992.000000 7.000000 5275.000000 0.000000
-0.35456100 -2.04541492 -0.62948900 2357.000000 18.000000 2950.000000 0.000000
-0.36845401 -2.05068588 -0.63196802 2085.000000 15.000000 3090.000000 0.000000
-0.38120499 -2.04932094 -0.63227803 1196.000000 7.000000 4136.000000 0.000000
-0.40427899 -2.03423190 -0.62886900 1277.000000 8.000000 3711.000000 0.000000
-0.41445300 -2.02053809 -0.62515098 2187.000000 16.000000 3606.000000 0.000000
-0.42881700 -2.02725792 -0.62825000 1723.000000 11.000000 3730.000000 0.000000
-0.45705301 -1.98011696 -0.61523598 1471.000000 9.000000 2397.000000 0.000000
-0.44343901 -1.86905599 -0.57898402 2177.000000 15.000000 2374.000000 0.000000
-0.45241499 -1.85614097 -0.57557601 2413.000000 17.000000 2438.000000 0.000000
-0.46449000 -1.85609603 -0.57650501 2354.000000 16.000000 2488.000000 0.000000
-0.47515801 -1.85044897 -0.57557601 2465.000000 18.000000 2773.000000 0.000000
-0.48747501 -1.85117602 -0.57681501 2315.000000 16.000000 3248.000000 0.000000
-0.52217400 -1.93441999 -0.60594100 1690.000000 10.000000 3713.000000 0.000000
-0.54114598 -1.95683396 -0.61461598 1653.000000 11.000000 3560.000000 0.000000
-0.56976002 -2.01201391 -0.63444698 1006.000000 6.000000 4218.000000 0.000000
-0.39376700 -2.06086707 -0.69083101 1081.000000 10.000000 3911.000000 0.000000
-0.40640500 -2.05841208 -0.69083101 1473.000000 14.000000 3856.000000 0.000000
-0.41790801 -2.05033207 -0.68883902 1506.000000 15.000000 3740.000000 0.000000
-0.43221101 -2.05604005 -0.69182700 1354.000000 13.000000 4112.000000 0.000000
-0.45394799 -2.03492308 -0.68618298 1469.000000 14.000000 3870.000000 0.000000
-0.46935499 -2.04497695 -0.69083101 1026.000000 9.000000 3875.000000 0.000000
-0.46857199 -1.98511195 -0.67024702 1327.000000 13.000000 3372.000000 0.000000
-0.46530899 -1.91799998 -0.64700699 1690.000000 14.000000 3132.000000 0.000000
-0.46327499 -1.85924602 -0.62675500 2110.000000 20.000000 3120.000000 0.000000
-0.47629699 -1.86276901 -0.62907898 2068.000000 19.000000 3158.000000 0.000000
-0.48795500 -1.86072505 -0.62941098 1979.000000 18.000000 3263.000000 0.000000
-0.49960601 -1.85860705 -0.62974298 1761.000000 15.000000 3760.000000 0.000000
-0.51050299 -1.85368705 -0.62907898 601.000000 4.000000 3451.000000 0.000000
-0.40107000 -2.08282089 -0.75975198 858.000000 5.000000 2861.000000 0.000000
-0.41830400 -2.03747201 -0.74408400 1955.000000 14.000000 2757.000000 0.000000
-0.46030599 -2.17380404 -0.79820901 1028.000000 7.000000 2715.000000 0.000000
-0.45847800 -1.98471701 -0.72770399 1491.000000 9.000000 3242.000000 0.000000
-0.45397601 -1.91187096 -0.70028502 2334.000000 16.000000 2857.000000 0.000000
-0.45703700 -1.87364995 -0.68639803 2218.000000 15.000000 2589.000000 0.000000
-0.46852499 -1.87081099 -0.68639803 2332.000000 16.000000 2372.000000 0.000000
-0.47906199 -1.86428106 -0.68497401 2384.000000 17.000000 2756.000000 0.000000
-0.48762700 -1.85046506 -0.68070102 2287.000000 16.000000 2922.000000 0.000000
-0.49970499 -1.85014403 -0.68176901 1925.000000 12.000000 3333.000000 0.000000
-0.43504599 -2.09498811 -0.82362503 1267.000000 14.000000 3008.000000 0.000000
-0.45192599 -2.11130095 -0.83155602 1069.000000 11.000000 2751.000000 0.000000
-0.45646799 -2.01074290 -0.79189998 1463.000000 14.000000 2669.000000 0.000000
-0.46065700 -1.97272205 -0.77717102 2303.000000 27.000000 3327.000000 0.000000
-0.46782500 -1.94913995 -0.76848400 2487.000000 30.000000 3211.000000 0.000000
-0.46527100 -1.88686705 -0.74355698 1924.000000 17.000000 2862.000000 0.000000
-0.47255999 -1.86691201 -0.73638099 2047.000000 19.000000 2749.000000 0.000000
-0.48146701 -1.85411406 -0.73222703 2110.000000 20.000000 2978.000000 0.000000
-0.49401599 -1.85560095 -0.73411500 1928.000000 17.000000 3224.000000 0.000000
-0.50635999 -1.85610998 -0.73562598 1790.000000 16.000000 3449.000000 0.000000
-0.52960700 -1.89579904 -0.75375402 849.000000 7.000000 3197.000000 0.000000
-0.42538199 -2.00427008 -0.84890598 1716.000000 11.000000 2337.000000 0.000000
-0.43767199 -2.00162196 -0.84890598 1431.000000 9.000000 2048.000000 0.000000
-0.44893700 -1.99443305 -0.84689701 1600.000000 10.000000 2189.000000 0.000000
-0.46033701 -1.98807299 -0.84529001 1620.000000 11.000000 1976.000000 0.000000
-0.45891899 -1.92820597 -0.81957603 1764.000000 12.000000 2038.000000 0.000000
-0.46310800 -1.89422500 -0.80551302 1843.000000 13.000000 2359.000000 0.000000
-0.47002700 -1.87269902 -0.79707599 1922.000000 12.000000 2572.000000 0.000000
-0.47967699 -1.86268699 -0.79386097 1985.000000 13.000000 2514.000000 0.000000
-0.49156600 -1.86147904 -0.79466498 1890.000000 12.000000 2770.000000 0.000000
-0.50249898 -1.85666001 -0.79386097 1724.000000 11.000000 3233.000000 0.000000
-0.52884400 -1.90736103 -0.81836998 1063.000000 6.000000 2931.000000 0.000000
-0.45290801 -1.96230805 -0.88925099 1892.000000 20.000000 2548.000000 0.000000
-0.46100000 -1.94273198 -0.88121599 1889.000000 20.000000 2572.000000 0.000000
-0.46929500 -1.92489302 -0.87402600 1805.000000 19.000000 2362.000000 0.000000
-0.47433400 -1.89471304 -0.86091501 1709.000000 18.000000 2353.000000 0.000000
-0.48326799 -1.88122904 -0.85584003 1777.000000 19.000000 2423.000000 0.000000
-0.49205399 -1.86770701 -0.85076398 1797.000000 19.000000 2448.000000 0.000000
-0.50537997 -1.87165499 -0.85414797 1639.000000 17.000000 2639.000000 0.000000
-0.51397800 -1.85803199 -0.84907299 1673.000000 17.000000 2867.000000 0.000000
-0.55624503 -1.96476603 -0.90236199 1244.000000 12.000000 2792.000000 0.000000
-0.47276300 -1.87674403 -0.91449302 1758.000000 12.000000 2189.000000 0.000000
-0.48494300 -1.87640595 -0.91583300 1888.000000 13.000000 2379.000000 0.000000
-0.49368900 -1.86301899 -0.91047299 1997.000000 14.000000 2484.000000 0.000000
-0.50675702 -1.86599696 -0.91359901 1905.000000 13.000000 2719.000000 0.000000
1.42048800 -1.81527805 -0.35076699 2760.000000 25.000000 2986.000000 0.000000
1.41775501 -1.83488500 -0.35312301 3012.000000 30.000000 3076.000000 0.000000
1.39750695 -1.83178902 -0.35059899 3257.000000 35.000000 3703.000000 0.000000
1.41053903 -1.87262499 -0.35749999 2519.000000 22.000000 3248.000000 0.000000
1.40019798 -1.88282704 -0.35783601 2162.000000 17.000000 2020.000000 0.000000
1.39444804 -1.89933205 -0.35951900 2640.000000 24.000000 2705.000000 0.000000
1.38854802 -1.91583705 -0.36120301 2288.000000 19.000000 3464.000000 0.000000
1.40427601 -1.96281695 -0.36928201 891.000000 6.000000 4917.000000 0.000000
1.43233895 -1.82439804 -0.40911299 1502.000000 17.000000 3851.000000 0.000000
1.41026998 -1.81920803 -0.40566599 2044.000000 25.000000 3589.000000 0.000000
1.39967895 -1.82860506 -0.40585801 2328.000000 30.000000 3816.000000 0.000000
1.38843203 -1.83715904 -0.40585801 2149.000000 27.000000 4102.000000 0.000000
1.40713704 -1.88571095 -0.41562399 1719.000000 20.000000 3040.000000 0.000000
1.39962399 -1.89983499 -0.41696501 1414.000000 15.000000 2472.000000 0.000000
1.38736200 -1.90759397 -0.41677299 1450.000000 16.000000 2770.000000 0.000000
1.39054799 -1.93677497 -0.42175201 896.000000 9.000000 4330.000000 0.000000
1.44705498 -1.82670200 -0.47075301 1281.000000 9.000000 3775.000000 0.000000
1.42259300 -1.81861901 -0.46600601 2491.000000 22.000000 2882.000000 0.000000
1.41856503 -1.83659101 -0.46859500 2714.000000 25.000000 3085.000000 0.000000
1.41673601 -1.85768795 -0.47204801 3045.000000 30.000000 3718.000000 0.000000
1.41059399 -1.87337005 -0.47398901 2804.000000 26.000000 3336.000000 0.000000
1.41071498 -1.89766896 -0.47830501 3159.000000 33.000000 3249.000000 0.000000
1.40712595 -1.91731405 -0.48132500 2563.000000 23.000000 3790.000000 0.000000
1.40563905 -1.94015098 -0.48520899 1250.000000 8.000000 4590.000000 0.000000
1.43423903 -1.82163799 -0.52511603 1391.000000 15.000000 3567.000000 0.000000
1.41228199 -1.81662297 -0.52082002 1898.000000 23.000000 3483.000000 0.000000
1.40999806 -1.83679402 -0.52440000 2194.000000 28.000000 3891.000000 0.000000
1.40222895 -1.85004795 -0.52583200 2209.000000 28.000000 4265.000000 0.000000
1.41242695 -1.88734806 -0.53466398 2389.000000 32.000000 4282.000000 0.000000
1.40082002 -1.89597905 -0.53466398 2215.000000 28.000000 4328.000000 0.000000
1.41325104 -1.93745005 -0.54469001 1394.000000 15.000000 5240.000000 0.000000
1.44583797 -1.82581103 -0.58936697 1584.000000 11.000000 2791.000000 0.000000
1.42213595 -1.81868005 -0.58384299 2508.000000 22.000000 2942.000000 0.000000
1.41625297 -1.83424795 -0.58621103 2708.000000 25.000000 3068.000000 0.000000
1.40321803 -1.84060097 -0.58542198 2634.000000 24.000000 3433.000000 0.000000
1.42320502 -1.89081800 -0.59962499 2793.000000 26.000000 3503.000000 0.000000
1.42077696 -1.91191101 -0.60383397 2848.000000 27.000000 3776.000000 0.000000
1.41928399 -1.93460000 -0.60856801 1002.000000 6.000000 4068.000000 0.000000
1.43798602 -1.82057095 -0.64542401 1345.000000 15.000000 3339.000000 0.000000
1.42678797 -1.82936001 -0.64542401 2119.000000 27.000000 3739.000000 0.000000
1.41905296 -1.84263003 -0.64713800 2265.000000 29.000000 3791.000000 0.000000
1.40946400 -1.85358799 -0.64799500 2304.000000 30.000000 4121.000000 0.000000
1.40498400 -1.87138605 -0.65142399 2332.000000 31.000000 4358.000000 0.000000
1.42836595 -1.92687500 -0.66885102 1999.000000 28.000000 4454.000000 0.000000
1.40290201 -1.91706502 -0.66199398 469.000000 4.000000 4088.000000 0.000000
1.43770194 -1.81874800 -0.70850003 1749.000000 13.000000 3065.000000 0.000000
1.43177700 -1.83428395 -0.71128899 2523.000000 22.000000 2948.000000 0.000000
1.41585505 -1.83700705 -0.70880997 2717.000000 25.000000 3091.000000 0.000000
1.40973496 -1.85247302 -0.71159798 2657.000000 24.000000 3504.000000 0.000000
1.42744696 -1.89987099 -0.72740102 2905.000000 32.000000 3838.000000 0.000000
1.41689503 -1.91012204 -0.72802001 2203.000000 21.000000 4038.000000 0.000000
1.44163299 -1.96866202 -0.74816000 990.000000 7.000000 3450.000000 0.000000
1.43016005 -1.82652605 -0.76885003 1635.000000 19.000000 3014.000000 0.000000
1.41950500 -1.83601201 -0.76918203 1955.000000 24.000000 3470.000000 0.000000
1.41337502 -1.85142696 -0.77217001 2094.000000 26.000000 3586.000000 0.000000
1.41109395 -1.87210095 -0.77748197 1812.000000 21.000000 3786.000000 0.000000
1.41086900 -1.89583898 -0.78412199 2197.000000 33.000000 4041.000000 0.000000
1.40704703 -1.91508901 -0.78877002 2245.000000 34.000000 4932.000000 0.000000
1.40692794 -1.93970203 -0.79574198 1434.000000 18.000000 4920.000000 0.000000
1.43022799 -1.99732304 -0.81698900 769.000000 9.000000 3805.000000 0.000000
1.39505506 -1.76536000 -0.80889201 172.000000 1.000000 1353.000000 0.000000
1.38362300 -1.77314997 -0.80853599 173.000000 1.000000 1382.000000 0.000000
1.38012505 -1.79123294 -0.81316501 229.000000 1.000000 1318.000000 0.000000
1.37758803 -1.81082797 -0.81850600 281.000000 1.000000 1638.000000 0.000000
1.38439596 -1.84316695 -0.82990098 507.000000 3.000000 1683.000000 0.000000
1.40364897 -1.89292800 -0.84948498 936.000000 7.000000 1887.000000 0.000000
1.39531696 -1.90603101 -0.85162199 1481.000000 12.000000 2382.000000 0.000000
1.38523602 -1.91682899 -0.85268998 2322.000000 23.000000 3223.000000 0.000000
1.37344897 -1.92529297 -0.85268998 2206.000000 21.000000 3236.000000 0.000000
1.36429799 -1.93750596 -0.85447103 1810.000000 16.000000 2879.000000 0.000000
1.45835900 -1.85318995 -0.91275698 1531.000000 20.000000 2728.000000 0.000000
1.42133605 -1.82924700 -0.89576203 1881.000000 26.000000 3082.000000 0.000000
1.40895605 -1.83646595 -0.89500600 2033.000000 29.000000 3467.000000 0.000000
1.40550601 -1.85539603 -0.90029401 1713.000000 23.000000 3165.000000 0.000000
1.41633105 -1.89360499 -0.91540098 1299.000000 16.000000 2150.000000 0.000000
1.40303099 -1.90002799 -0.91426802 1089.000000 13.000000 1914.000000 0.000000
