2.91019702 -1.86683500 -0.98453599 660.000000 11.000000 213.000000 0.000000
2.85044599 -1.85337102 -0.96739501 809.000000 14.000000 262.000000 0.000000
2.80963802 -1.68429899 -1.02051604 1791.000000 22.000000 175.000000 0.000000
2.82224202 -1.81183696 -1.04592299 894.000000 10.000000 272.000000 0.000000
2.87002897 -1.86751699 -1.06885195 1924.000000 26.000000 179.000000 0.000000
2.88175511 -1.69498897 -1.12906599 371.000000 6.000000 194.000000 0.000000
2.84211493 -1.69527900 -1.11711395 1120.000000 20.000000 186.000000 0.000000
2.82115889 -1.70635295 -1.11279798 1641.000000 32.000000 216.000000 0.000000
2.80339408 -1.71920204 -1.10980999 1411.000000 26.000000 189.000000 0.000000
2.79920506 -1.74034703 -1.11246598 1002.000000 18.000000 205.000000 0.000000
2.87926197 -1.67904902 -1.22159505 1066.000000 12.000000 226.000000 0.000000
2.83915305 -1.67907202 -1.20842004 1759.000000 23.000000 148.000000 0.000000
2.83440495 -1.69982696 -1.21091199 2304.000000 34.000000 193.000000 0.000000
2.82631707 -1.71864402 -1.21198106 1790.000000 24.000000 189.000000 0.000000
2.85706997 -1.76147199 -1.23049700 455.000000 4.000000 462.000000 0.000000
2.78315496 -1.76337004 -1.20699501 817.000000 9.000000 777.000000 0.000000
2.85167503 -1.83144701 -1.24295998 1836.000000 24.000000 264.000000 0.000000
2.85316706 -1.66893399 -1.29912305 1098.000000 20.000000 180.000000 0.000000
2.81816792 -1.67179501 -1.28741503 1505.000000 29.000000 191.000000 0.000000
2.80785704 -1.68905604 -1.28741503 1331.000000 25.000000 191.000000 0.000000
2.86626601 -1.74811304 -1.32027304 915.000000 16.000000 218.000000 0.000000
2.87662005 -1.82783496 -1.34104598 1423.000000 27.000000 214.000000 0.000000
2.88950109 -1.86096501 -1.35275400 866.000000 15.000000 209.000000 0.000000
2.83919501 -1.63435602 -1.38730204 1916.000000 26.000000 172.000000 0.000000
2.82041597 -1.64666402 -1.38288200 2093.000000 29.000000 159.000000 0.000000
2.80710793 -1.66207099 -1.38127506 1992.000000 28.000000 135.000000 0.000000
2.81490993 -1.69011295 -1.39051604 1656.000000 21.000000 154.000000 0.000000
1.73909795 -1.74127102 -1.02971101 1807.000000 18.000000 189.000000 0.000000
1.78944397 -1.81387198 -1.06788099 2476.000000 29.000000 213.000000 0.000000
1.77125394 -1.81760001 -1.06346095 1917.000000 20.000000 147.000000 0.000000
1.78452301 -1.76061404 -1.11932802 1845.000000 30.000000 331.000000 0.000000
1.72423601 -1.72230506 -1.08676195 1618.000000 25.000000 310.000000 0.000000
1.73661304 -1.75600803 -1.10198796 1440.000000 22.000000 323.000000 0.000000
1.72150695 -1.72661805 -1.16551900 2408.000000 28.000000 232.000000 0.000000
1.71088004 -1.73714900 -1.16551900 1996.000000 21.000000 222.000000 0.000000
1.86698198 -1.78534901 -1.31366503 932.000000 14.000000 357.000000 0.000000
1.76843095 -1.75476801 -1.26504898 1516.000000 24.000000 367.000000 0.000000
1.76075399 -1.76871300 -1.26738596 1619.000000 26.000000 286.000000 0.000000
1.78153503 -1.81157506 -1.29122698 1119.000000 16.000000 254.000000 0.000000
1.81501698 -1.71501696 -1.35302901 1655.000000 17.000000 170.000000 0.000000
1.77299595 -1.69598997 -1.32849205 1799.000000 19.000000 153.000000 0.000000
1.76568401 -1.70986903 -1.33094501 1932.000000 20.000000 187.000000 0.000000
1.75453699 -1.72006094 -1.33045495 2128.000000 24.000000 173.000000 0.000000
1.74271405 -1.72956598 -1.32947302 2223.000000 25.000000 188.000000 0.000000
1.74804103 -1.75629199 -1.34223294 1666.000000 17.000000 196.000000 0.000000
1.74150503 -1.77133596 -1.34566796 1426.000000 14.000000 211.000000 0.000000
0.90285897 -1.82042599 -0.89771003 2069.000000 23.000000 295.000000 0.000000
0.86841899 -1.83510005 -0.89686400 2047.000000 22.000000 317.000000 0.000000
0.91617000 -1.79869401 -0.95603299 645.000000 3.000000 198.000000 0.000000
0.89910698 -1.79228199 -0.94933200 2508.000000 20.000000 242.000000 0.000000
0.88611400 -1.79375303 -0.94709897 2934.000000 26.000000 234.000000 0.000000
0.87118298 -1.79110801 -0.94263202 2742.000000 23.000000 268.000000 0.000000
0.86056298 -1.79722703 -0.94307899 2767.000000 23.000000 286.000000 0.000000
0.85370898 -1.81137896 -0.94799298 1794.000000 12.000000 202.000000 0.000000
0.85194403 -1.92920804 -1.00114596 1124.000000 7.000000 171.000000 0.000000
0.84863198 -1.95410001 -1.01186597 2501.000000 22.000000 224.000000 0.000000
0.82048798 -1.92140996 -0.99131900 928.000000 6.000000 207.000000 0.000000
0.89751101 -1.79498196 -1.00887704 1553.000000 16.000000 300.000000 0.000000
0.87785202 -1.78302598 -0.99859297 2092.000000 23.000000 294.000000 0.000000
0.86728197 -1.78917301 -0.99905998 2179.000000 25.000000 351.000000 0.000000
0.85552299 -1.79286695 -0.99812502 2119.000000 24.000000 322.000000 0.000000
0.84412801 -1.79728305 -0.99765801 1582.000000 16.000000 365.000000 0.000000
0.83494800 -1.80643702 -0.99999499 375.000000 3.000000 323.000000 0.000000
0.85272199 -1.93709505 -1.06684303 788.000000 8.000000 310.000000 0.000000
0.83940899 -1.93904901 -1.06497300 1551.000000 18.000000 369.000000 0.000000
0.82645100 -1.94172502 -1.06357002 549.000000 5.000000 293.000000 0.000000
0.88144702 -1.76080298 -1.05563402 2454.000000 19.000000 326.000000 0.000000
0.86947298 -1.76383305 -1.05416095 2767.000000 24.000000 232.000000 0.000000
0.85863298 -1.76913500 -1.05416095 2687.000000 23.000000 247.000000 0.000000
0.84813702 -1.77515602 -1.05465198 2424.000000 19.000000 257.000000 0.000000
0.83685899 -1.77953804 -1.05416095 1498.000000 10.000000 235.000000 0.000000
0.84484702 -1.91758096 -1.12679303 1381.000000 10.000000 379.000000 0.000000
0.83444798 -1.92592800 -1.12875605 1508.000000 11.000000 249.000000 0.000000
0.88603002 -1.75630999 -1.11438000 403.000000 3.000000 260.000000 0.000000
0.87715799 -1.76555896 -1.11693299 1622.000000 17.000000 345.000000 0.000000
0.86744702 -1.77322197 -1.11846495 2083.000000 24.000000 337.000000 0.000000
0.85655099 -1.77851105 -1.11846495 1940.000000 21.000000 329.000000 0.000000
0.84229100 -1.77674901 -1.11386895 1598.000000 16.000000 374.000000 0.000000
0.83173901 -1.78266203 -1.11438000 1134.000000 11.000000 306.000000 0.000000
0.84172302 -1.92531598 -1.19404805 1123.000000 12.000000 358.000000 0.000000
0.82818800 -1.92649901 -1.19149399 759.000000 8.000000 391.000000 0.000000
0.88261002 -1.76693296 -1.19187105 1366.000000 10.000000 259.000000 0.000000
0.86057198 -1.74954498 -1.17585397 2106.000000 18.000000 240.000000 0.000000
0.84614098 -1.74717999 -1.17051494 2307.000000 18.000000 246.000000 0.000000
0.83903801 -1.75997400 -1.17585397 2099.000000 16.000000 244.000000 0.000000
0.83503699 -1.77963805 -1.18599796 1758.000000 14.000000 188.000000 0.000000
0.84285802 -1.82542801 -1.21429503 684.000000 4.000000 345.000000 0.000000
0.83221602 -1.89328504 -1.25060105 1254.000000 9.000000 305.000000 0.000000
0.80283099 -1.85720801 -1.22230399 1397.000000 10.000000 248.000000 0.000000
0.78250498 -1.84108198 -1.20788801 1438.000000 11.000000 242.000000 0.000000
0.76501101 -1.83102095 -1.19774401 1539.000000 11.000000 292.000000 0.000000
0.87031299 -1.76066506 -1.24892998 1274.000000 14.000000 366.000000 0.000000
0.85253501 -1.75175798 -1.23841500 1589.000000 19.000000 395.000000 0.000000
0.84285599 -1.75920701 -1.24007499 1461.000000 17.000000 381.000000 0.000000
0.83597302 -1.77262294 -1.24616301 1257.000000 14.000000 438.000000 0.000000
0.82543302 -1.77847397 -1.24671602 1325.000000 15.000000 433.000000 0.000000
0.86805803 -1.90006101 -1.33193803 591.000000 7.000000 433.000000 0.000000
0.83527303 -1.92105901 -1.33581197 731.000000 8.000000 425.000000 0.000000
0.76812500 -1.85996306 -1.28102601 818.000000 8.000000 433.000000 0.000000
0.76772100 -1.89163005 -1.30039501 536.000000 5.000000 388.000000 0.000000
0.88290101 -1.77209997 -1.33781302 1204.000000 9.000000 326.000000 0.000000
0.85188001 -1.73637199 -1.30555606 1689.000000 13.000000 270.000000 0.000000
0.84191900 -1.74303901 -1.30670798 1940.000000 16.000000 268.000000 0.000000
0.82945597 -1.74447894 -1.30382800 2081.000000 18.000000 299.000000 0.000000
0.81873697 -1.74953604 -1.30382800 1846.000000 15.000000 294.000000 0.000000
0.81105900 -1.76121199 -1.30901206 1613.000000 12.000000 330.000000 0.000000
-0.11247500 -1.98587298 -0.94129300 938.000000 5.000000 169.000000 0.000000
-0.03977600 -1.87295198 -0.93828899 1535.000000 15.000000 329.000000 0.000000
-0.05064700 -1.84792805 -0.92519999 1665.000000 14.000000 261.000000 0.000000
-0.06217800 -1.85376799 -0.92847300 1705.000000 15.000000 273.000000 0.000000
-0.07421100 -1.87101901 -0.93782198 2143.000000 24.000000 307.000000 0.000000
-0.08569000 -1.87052906 -0.93782198 1618.000000 16.000000 279.000000 0.000000
-0.09734200 -1.87349904 -0.93969202 1224.000000 12.000000 276.000000 0.000000
-0.10957400 -1.88610601 -0.94670397 1011.000000 9.000000 247.000000 0.000000
-0.02668300 -1.84867299 -0.98790997 814.000000 4.000000 185.000000 0.000000
-0.03815600 -1.85457301 -0.99134499 2065.000000 15.000000 242.000000 0.000000
-0.04936700 -1.84820700 -0.98790997 2357.000000 18.000000 226.000000 0.000000
-0.06088300 -1.85309398 -0.99085402 2595.000000 21.000000 191.000000 0.000000
-0.07221700 -1.85181499 -0.99036402 2614.000000 22.000000 230.000000 0.000000
-0.08369800 -1.85394800 -0.99183601 2136.000000 16.000000 223.000000 0.000000
-0.09516300 -1.85513997 -0.99281698 1792.000000 12.000000 225.000000 0.000000
-0.10740500 -1.86930799 -1.00116003 1473.000000 9.000000 188.000000 0.000000
-0.12363000 -1.94252098 -1.04287398 848.000000 5.000000 207.000000 0.000000
-0.12322500 -1.76702905 -0.94423300 655.000000 3.000000 176.000000 0.000000
-0.13113301 -1.72801495 -0.92264003 348.000000 1.000000 165.000000 0.000000
-0.09660600 -1.76848602 -0.99794197 915.000000 7.000000 328.000000 0.000000
-0.11185800 -1.84339094 -1.04288304 1510.000000 15.000000 304.000000 0.000000
-0.12565599 -1.88127995 -1.06586397 1047.000000 10.000000 302.000000 0.000000
-0.13798399 -1.89162195 -1.07250297 735.000000 6.000000 367.000000 0.000000
-0.14682300 -1.85473597 -1.05105400 470.000000 4.000000 311.000000 0.000000
-0.15749000 -1.84523201 -1.04594696 444.000000 3.000000 284.000000 0.000000
-0.01684800 -1.84059000 -1.10697901 365.000000 2.000000 187.000000 0.000000
-0.05022100 -1.82221901 -1.09576702 1128.000000 7.000000 294.000000 0.000000
-0.06157600 -1.82694602 -1.09897101 1596.000000 11.000000 253.000000 0.000000
-0.07271600 -1.82484496 -1.09790301 2226.000000 17.000000 223.000000 0.000000
-0.08391200 -1.82436395 -1.09790301 2228.000000 17.000000 260.000000 0.000000
-0.09465700 -1.81537104 -1.09256399 1946.000000 14.000000 190.000000 0.000000
-0.10609400 -1.81982100 -1.09576702 1754.000000 12.000000 230.000000 0.000000
-0.11819400 -1.83347905 -1.10484397 1251.000000 8.000000 224.000000 0.000000
-0.13275400 -1.87910604 -1.13420904 992.000000 6.000000 214.000000 0.000000
-0.14598200 -1.90017402 -1.14809000 857.000000 5.000000 229.000000 0.000000
-0.15333401 -1.84784496 -1.11552203 479.000000 2.000000 191.000000 0.000000
-0.16618399 -1.86371195 -1.12619996 600.000000 3.000000 213.000000 0.000000
-0.03626400 -1.84372604 -1.16924095 467.000000 4.000000 481.000000 0.000000
-0.04732300 -1.83264399 -1.16204703 384.000000 3.000000 523.000000 0.000000
-0.05797800 -1.81233704 -1.14876604 962.000000 9.000000 462.000000 0.000000
-0.06894900 -1.80778599 -1.14599895 1431.000000 14.000000 389.000000 0.000000
-0.08007400 -1.80816102 -1.14655197 1431.000000 14.000000 364.000000 0.000000
-0.09128700 -1.81013095 -1.14821196 1458.000000 15.000000 387.000000 0.000000
-0.10243700 -1.81036901 -1.14876604 1537.000000 16.000000 324.000000 0.000000
-0.11359400 -1.81053698 -1.14931905 1655.000000 17.000000 375.000000 0.000000
-0.12503199 -1.81479299 -1.15263903 1452.000000 15.000000 401.000000 0.000000
-0.13930000 -1.85719001 -1.18141603 1044.000000 10.000000 352.000000 0.000000
-0.15239300 -1.87788904 -1.19580400 804.000000 7.000000 410.000000 0.000000
-0.17376301 -1.85762894 -1.18362904 346.000000 3.000000 568.000000 0.000000
-0.18539999 -1.85901499 -1.18528998 506.000000 4.000000 583.000000 0.000000
-0.03226900 -1.97060597 -1.33147705 571.000000 3.000000 317.000000 0.000000
-0.04099600 -1.82572198 -1.22952402 976.000000 6.000000 259.000000 0.000000
-0.05212500 -1.82298505 -1.22779596 997.000000 6.000000 269.000000 0.000000
-0.06246800 -1.79893994 -1.21109200 1747.000000 12.000000 265.000000 0.000000
-0.07347100 -1.79770601 -1.21051598 1739.000000 12.000000 297.000000 0.000000
-0.08442200 -1.79558802 -1.20936406 1763.000000 12.000000 267.000000 0.000000
-0.09539400 -1.79421997 -1.20878804 1700.000000 12.000000 315.000000 0.000000
-0.10630300 -1.79196894 -1.20763600 1469.000000 10.000000 253.000000 0.000000
-0.11805300 -1.80270195 -1.21570003 1211.000000 8.000000 245.000000 0.000000
-0.13100301 -1.82803404 -1.23413205 913.000000 5.000000 255.000000 0.000000
-0.14452399 -1.85653305 -1.25486803 1002.000000 6.000000 263.000000 0.000000
-0.15667300 -1.86457098 -1.26120400 732.000000 4.000000 264.000000 0.000000
-0.03925800 -1.87404704 -1.32955599 489.000000 5.000000 387.000000 0.000000
-0.05089500 -1.87939501 -1.33372104 643.000000 6.000000 386.000000 0.000000
-0.06168500 -1.85494602 -1.31587195 732.000000 7.000000 320.000000 0.000000
-0.07105000 -1.79991496 -1.27541494 1013.000000 10.000000 403.000000 0.000000
-0.08178200 -1.79221797 -1.27005994 1135.000000 11.000000 391.000000 0.000000
-0.09250000 -1.78606296 -1.26589501 1239.000000 12.000000 449.000000 0.000000
-0.10341300 -1.78465903 -1.26530004 1244.000000 12.000000 415.000000 0.000000
-0.11510200 -1.79602504 -1.27422500 1104.000000 11.000000 395.000000 0.000000
-0.12574001 -1.78967094 -1.27005994 800.000000 7.000000 365.000000 0.000000
-0.13772500 -1.80249202 -1.28017402 637.000000 6.000000 418.000000 0.000000
-0.15397400 -1.86651003 -1.32836604 498.000000 5.000000 407.000000 0.000000
-0.16570000 -1.86873400 -1.33074605 551.000000 5.000000 428.000000 0.000000
-0.18004601 -1.89889503 -1.35395002 493.000000 5.000000 398.000000 0.000000
-0.05495700 -1.82326901 -1.37135696 875.000000 6.000000 290.000000 0.000000
-0.06424700 -1.77178895 -1.33124101 1123.000000 7.000000 299.000000 0.000000
-0.07440300 -1.75485396 -1.31827998 1385.000000 9.000000 279.000000 0.000000
-0.08520800 -1.75514996 -1.31889701 1587.000000 11.000000 306.000000 0.000000
-0.09593200 -1.75380802 -1.31827998 1487.000000 10.000000 292.000000 0.000000
-0.10659500 -1.75161600 -1.31704605 1413.000000 9.000000 319.000000 0.000000
-0.11872600 -1.77134001 -1.33309197 1147.000000 7.000000 294.000000 0.000000
-0.12936001 -1.76743901 -1.33062398 962.000000 6.000000 303.000000 0.000000
-0.14460699 -1.82151306 -1.37382603 700.000000 4.000000 301.000000 0.000000
-0.15611900 -1.82451200 -1.37691200 752.000000 5.000000 325.000000 0.000000
-0.16847201 -1.83605504 -1.38678598 678.000000 4.000000 303.000000 0.000000
-1.27009106 1.38542497 -0.77457500 153.000000 1.000000 99.000000 0.000000
-1.26402295 1.39590895 -0.77618301 311.000000 1.000000 87.000000 0.000000
-1.25116396 1.39885795 -0.77337003 647.000000 3.000000 97.000000 0.000000
-1.27102900 1.43878400 -0.79225397 512.000000 2.000000 96.000000 0.000000
-1.24232495 1.42377198 -0.77899498 292.000000 1.000000 114.000000 0.000000
-1.20608902 1.39943898 -0.76051301 141.000000 1.000000 87.000000 0.000000
-1.20341003 1.41379094 -0.76453102 164.000000 1.000000 54.000000 0.000000
-1.23592603 1.47024500 -0.79265600 473.000000 2.000000 91.000000 0.000000
-1.19356799 1.43761694 -0.76975399 848.000000 4.000000 123.000000 0.000000
-1.26176202 1.40924597 -0.83215499 1881.000000 17.000000 224.000000 0.000000
-1.26693296 1.43254399 -0.84188300 860.000000 6.000000 184.000000 0.000000
-1.25871694 1.44097197 -0.84230602 479.000000 4.000000 87.000000 0.000000
-1.25044501 1.44935298 -0.84272897 1530.000000 15.000000 200.000000 0.000000
-1.26863301 1.48866606 -0.86218399 2023.000000 22.000000 181.000000 0.000000
-1.26824999 1.50680196 -0.86852801 2337.000000 27.000000 177.000000 0.000000
-1.25433397 1.50899100 -0.86514401 1972.000000 21.000000 119.000000 0.000000
-1.19201696 1.45233703 -0.82623398 1626.000000 14.000000 154.000000 0.000000
-1.28614402 1.51377201 -0.93995202 1989.000000 14.000000 188.000000 0.000000
-1.27510703 1.51957798 -0.93861300 2627.000000 21.000000 163.000000 0.000000
-1.26918197 1.53150904 -0.94129300 2456.000000 19.000000 206.000000 0.000000
-1.26485598 1.54550302 -0.94531202 1929.000000 13.000000 157.000000 0.000000
-1.27220702 1.57412195 -0.95871198 1189.000000 7.000000 184.000000 0.000000
-1.28625095 1.44476604 -0.97054499 1426.000000 14.000000 133.000000 0.000000
-1.28672600 1.46323204 -0.97802401 1188.000000 11.000000 144.000000 0.000000
-1.33583796 1.53771305 -1.02477098 901.000000 8.000000 143.000000 0.000000
-1.32695496 1.54655004 -1.02523804 838.000000 8.000000 173.000000 0.000000
-1.27332497 1.50282598 -0.98924297 1016.000000 9.000000 125.000000 0.000000
-1.27602398 1.52482104 -0.99905998 1587.000000 16.000000 138.000000 0.000000
-1.26382101 1.52922106 -0.99672300 1735.000000 18.000000 137.000000 0.000000
-1.25273299 1.53489602 -0.99532002 1600.000000 16.000000 149.000000 0.000000
-1.25274706 1.55423403 -1.00326705 1383.000000 13.000000 123.000000 0.000000
-1.28017199 1.60815299 -1.03458798 805.000000 8.000000 164.000000 0.000000
-1.17773700 1.55674005 -0.97989398 821.000000 7.000000 219.000000 0.000000
-1.17399895 1.57171500 -0.98503602 718.000000 6.000000 156.000000 0.000000
-1.28821802 1.76866996 -1.10470796 569.000000 5.000000 137.000000 0.000000
-1.18109298 1.64322901 -1.01775897 822.000000 7.000000 139.000000 0.000000
-1.16637099 1.64396596 -1.01355100 1201.000000 11.000000 125.000000 0.000000
-1.22492695 1.74870002 -1.07666004 741.000000 7.000000 153.000000 0.000000
-1.37380004 1.46731102 -1.07869899 1258.000000 9.000000 127.000000 0.000000
-1.35185802 1.51685500 -1.09096801 1631.000000 12.000000 213.000000 0.000000
-1.27752197 1.45117402 -1.03551304 1356.000000 9.000000 176.000000 0.000000
-1.36741495 1.57280600 -1.12041295 907.000000 6.000000 160.000000 0.000000
-1.33164895 1.55074096 -1.09783804 1146.000000 8.000000 138.000000 0.000000
-1.29339004 1.52497399 -1.07281005 1120.000000 7.000000 126.000000 0.000000
-1.24767196 1.48943996 -1.04091096 1320.000000 8.000000 147.000000 0.000000
-1.24017501 1.49908304 -1.04238296 1316.000000 8.000000 144.000000 0.000000
-1.23315597 1.50936496 -1.04434597 1700.000000 11.000000 141.000000 0.000000
-1.22496498 1.51826000 -1.04532802 1305.000000 8.000000 152.000000 0.000000
-1.21942306 1.53051996 -1.04876304 1464.000000 9.000000 150.000000 0.000000
-1.21431506 1.54345500 -1.05268896 1593.000000 11.000000 122.000000 0.000000
-1.22191095 1.57290697 -1.06839299 1238.000000 8.000000 121.000000 0.000000
-1.24084604 1.61772799 -1.09489405 1883.000000 15.000000 159.000000 0.000000
-1.23037100 1.62461603 -1.09440303 1813.000000 14.000000 166.000000 0.000000
-1.25321996 1.67611897 -1.12531996 1051.000000 7.000000 171.000000 0.000000
-1.26382995 1.73434699 -1.15525603 761.000000 5.000000 135.000000 0.000000
-1.35095704 1.54375505 -1.16442800 848.000000 9.000000 111.000000 0.000000
-1.35821295 1.59089398 -1.18842995 984.000000 10.000000 134.000000 0.000000
-1.28731000 1.52702403 -1.13225400 905.000000 9.000000 137.000000 0.000000
-1.26578200 1.52038395 -1.12101901 985.000000 9.000000 150.000000 0.000000
-1.24712098 1.51685297 -1.11233699 1043.000000 10.000000 148.000000 0.000000
-1.23779094 1.52447701 -1.11233699 769.000000 7.000000 144.000000 0.000000
-1.22463799 1.52735603 -1.10876203 732.000000 6.000000 160.000000 0.000000
-1.20882106 1.52676702 -1.10263395 1113.000000 10.000000 163.000000 0.000000
-1.19518101 1.52874696 -1.09854805 1423.000000 14.000000 169.000000 0.000000
-1.18946695 1.54080701 -1.10212302 1893.000000 21.000000 172.000000 0.000000
-1.17633104 1.54329801 -1.09854805 1391.000000 14.000000 170.000000 0.000000
-1.19535899 1.58820605 -1.12663698 921.000000 9.000000 130.000000 0.000000
-1.23085201 1.65613902 -1.17157698 756.000000 7.000000 158.000000 0.000000
-1.26035905 1.52619302 -1.19454098 816.000000 5.000000 157.000000 0.000000
-1.24883604 1.53127503 -1.19240499 928.000000 6.000000 122.000000 0.000000
-1.23835599 1.53759098 -1.19133699 955.000000 6.000000 99.000000 0.000000
-1.21995902 1.53390396 -1.18226099 1057.000000 7.000000 146.000000 0.000000
-0.28689301 1.49229300 -0.61667299 999.000000 5.000000 110.000000 0.000000
-0.28321800 1.52477002 -0.67313200 1170.000000 7.000000 112.000000 0.000000
-0.27190799 1.51578104 -0.66805702 1628.000000 10.000000 151.000000 0.000000
-0.24721999 1.42996001 -0.62660903 2074.000000 14.000000 133.000000 0.000000
-0.23768400 1.42698300 -0.62449402 2083.000000 14.000000 131.000000 0.000000
-0.23578601 1.47044694 -0.64437199 1398.000000 8.000000 127.000000 0.000000
-0.23617201 1.53184497 -0.67270899 849.000000 4.000000 126.000000 0.000000
-0.23770501 1.60584497 -0.70696700 404.000000 2.000000 111.000000 0.000000
-0.30196199 1.57839406 -0.75056601 1265.000000 7.000000 156.000000 0.000000
-0.28887001 1.56173897 -0.74118602 1981.000000 12.000000 165.000000 0.000000
-0.27849901 1.55907798 -0.73895299 2105.000000 13.000000 118.000000 0.000000
-0.24746400 1.43553603 -0.67552602 2362.000000 15.000000 162.000000 0.000000
-0.23777600 1.43173099 -0.67284602 2430.000000 16.000000 179.000000 0.000000
-0.22996899 1.43934798 -0.67597300 1311.000000 7.000000 136.000000 0.000000
-0.29866001 1.57839704 -0.79711401 1108.000000 7.000000 135.000000 0.000000
-0.28638801 1.56629300 -0.78963500 1749.000000 13.000000 151.000000 0.000000
-0.27412000 1.55322802 -0.78168797 1684.000000 12.000000 189.000000 0.000000
-0.24846300 1.46167600 -0.73166901 1663.000000 11.000000 151.000000 0.000000
-0.23745500 1.45096505 -0.72512400 1675.000000 11.000000 123.000000 0.000000
-0.22938800 1.45763195 -0.72792900 850.000000 5.000000 166.000000 0.000000
-0.24184200 1.59793103 -0.80225599 283.000000 1.000000 99.000000 0.000000
-0.23203300 1.59938395 -0.80225599 297.000000 1.000000 99.000000 0.000000
-0.28896499 1.42161095 -0.76363599 278.000000 1.000000 100.000000 0.000000
-0.27889699 1.41651702 -0.75971001 221.000000 1.000000 104.000000 0.000000
-0.27052400 1.41991401 -0.76069200 258.000000 1.000000 119.000000 0.000000
-0.26180699 1.42154706 -0.76069200 295.000000 1.000000 144.000000 0.000000
-0.25247300 1.41969502 -0.75872898 279.000000 1.000000 140.000000 0.000000
-0.24331699 1.41864002 -0.75725698 275.000000 1.000000 120.000000 0.000000
-0.23460799 1.42010701 -0.75725698 262.000000 1.000000 107.000000 0.000000
-0.22493900 1.41549504 -0.75382102 335.000000 1.000000 120.000000 0.000000
-0.21572700 1.41340303 -0.75185800 306.000000 1.000000 107.000000 0.000000
-0.20654900 1.41125095 -0.74989498 285.000000 1.000000 96.000000 0.000000
-0.19728599 1.40817702 -0.74744201 330.000000 1.000000 136.000000 0.000000
-0.18829700 1.40676999 -0.74596900 329.000000 1.000000 131.000000 0.000000
-0.17889600 1.40184796 -0.74253398 265.000000 1.000000 98.000000 0.000000
-0.16945800 1.39599895 -0.73860800 271.000000 1.000000 101.000000 0.000000
-0.36702499 1.63059497 -0.93870097 1710.000000 15.000000 225.000000 0.000000
-0.36351699 1.66219699 -0.95657599 737.000000 5.000000 257.000000 0.000000
-0.37800801 1.89192605 -1.09190905 755.000000 7.000000 156.000000 0.000000
-0.33930001 1.75583506 -1.00815594 824.000000 6.000000 142.000000 0.000000
-0.30499801 1.63370705 -0.93308401 1300.000000 11.000000 156.000000 0.000000
-0.29032299 1.61017704 -0.91776299 1656.000000 12.000000 153.000000 0.000000
-0.27505100 1.58144903 -0.89937800 1579.000000 12.000000 166.000000 0.000000
-0.24829800 1.48309600 -0.83911598 1665.000000 12.000000 177.000000 0.000000
-0.23724400 1.47271395 -0.83196700 1785.000000 14.000000 156.000000 0.000000
-0.23088400 1.49112701 -0.84218001 1634.000000 12.000000 152.000000 0.000000
-0.23152000 1.55711997 -0.88099301 1610.000000 12.000000 169.000000 0.000000
-0.22418600 1.57382703 -0.89018601 1615.000000 12.000000 178.000000 0.000000
-0.22328500 1.63818896 -0.92797703 796.000000 6.000000 192.000000 0.000000
-0.40533900 1.83100498 -1.12887001 1012.000000 6.000000 180.000000 0.000000
-0.36771500 1.71026504 -1.04931700 1214.000000 7.000000 181.000000 0.000000
-0.35721400 1.71248901 -1.04931700 1367.000000 8.000000 120.000000 0.000000
-0.34519801 1.70718896 -1.04451203 1414.000000 8.000000 166.000000 0.000000
-0.33309799 1.70097494 -1.03917301 1177.000000 7.000000 150.000000 0.000000
-0.31936401 1.68553805 -1.02796102 1100.000000 6.000000 145.000000 0.000000
-0.30598301 1.67083001 -1.01728296 1445.000000 9.000000 186.000000 0.000000
-0.29147699 1.64852595 -1.00179899 1455.000000 9.000000 169.000000 0.000000
-0.27343801 1.60359895 -0.97189999 1556.000000 10.000000 169.000000 0.000000
-0.24029100 1.46255004 -0.88060200 1656.000000 10.000000 173.000000 0.000000
-0.23078699 1.46065497 -0.87846601 1760.000000 11.000000 183.000000 0.000000
-0.22849999 1.50635695 -0.90676302 1071.000000 6.000000 139.000000 0.000000
-0.25624499 1.76380801 -1.07014000 868.000000 5.000000 142.000000 0.000000
-0.24657600 1.77372301 -1.07547903 824.000000 5.000000 116.000000 0.000000
-0.23557700 1.77436495 -1.07494497 668.000000 4.000000 158.000000 0.000000
-0.37127200 1.71353400 -1.10892200 834.000000 6.000000 180.000000 0.000000
-0.35953701 1.71007705 -1.10504794 856.000000 6.000000 182.000000 0.000000
-0.34566799 1.69593704 -1.09397995 1029.000000 8.000000 184.000000 0.000000
-0.33672601 1.70537603 -1.09896004 911.000000 7.000000 211.000000 0.000000
-0.32150301 1.68287897 -1.08235896 1043.000000 8.000000 196.000000 0.000000
-0.31025001 1.67990804 -1.07903802 1238.000000 10.000000 181.000000 0.000000
-0.29889801 1.67604303 -1.07516503 1279.000000 11.000000 196.000000 0.000000
-0.28703099 1.66882002 -1.06907701 1215.000000 10.000000 214.000000 0.000000
-0.27360401 1.65165901 -1.05634904 1246.000000 10.000000 214.000000 0.000000
-0.24613699 1.54642200 -0.98440802 1316.000000 9.000000 172.000000 0.000000
-0.23908000 1.56353998 -0.99492300 1202.000000 8.000000 171.000000 0.000000
-0.24660601 1.67947996 -1.07184398 1454.000000 12.000000 216.000000 0.000000
-0.23913100 1.70074999 -1.08512604 989.000000 8.000000 193.000000 0.000000
-0.23185700 1.72529101 -1.10062099 885.000000 7.000000 170.000000 0.000000
-0.23001499 1.79357803 -1.14544499 634.000000 5.000000 187.000000 0.000000
-0.33035499 1.69621801 -1.16040301 1490.000000 9.000000 201.000000 0.000000
-0.31828400 1.68937504 -1.15406704 1385.000000 8.000000 176.000000 0.000000
-0.30660099 1.68405700 -1.14888299 1345.000000 8.000000 207.000000 0.000000
-0.29583901 1.68349099 -1.14715505 1285.000000 8.000000 163.000000 0.000000
-0.28509700 1.68285704 -1.14542699 1295.000000 8.000000 170.000000 0.000000
-0.27397999 1.67973304 -1.14197099 1268.000000 7.000000 188.000000 0.000000
-0.23961200 1.52711403 -1.03195405 1408.000000 8.000000 192.000000 0.000000
-0.25213701 1.67488396 -1.13621104 968.000000 5.000000 183.000000 0.000000
-0.24684399 1.71119404 -1.16097903 1044.000000 6.000000 189.000000 0.000000
-0.43856099 1.60253799 -1.17189097 678.000000 5.000000 227.000000 0.000000
-0.42683399 1.59821498 -1.16653597 574.000000 4.000000 256.000000 0.000000
-0.41640499 1.59847200 -1.16475105 656.000000 5.000000 233.000000 0.000000
-0.40598899 1.59866202 -1.16296601 662.000000 5.000000 234.000000 0.000000
-0.39617199 1.60112298 -1.16296601 735.000000 5.000000 214.000000 0.000000
-0.38633999 1.60352302 -1.16296601 769.000000 6.000000 224.000000 0.000000
-0.37723601 1.60899198 -1.16534603 811.000000 6.000000 220.000000 0.000000
-0.36880401 1.61754096 -1.17010605 763.000000 6.000000 209.000000 0.000000
-0.34433100 1.52849996 -1.16954100 1396.000000 9.000000 217.000000 0.000000
-0.33628601 1.53673506 -1.17447901 1323.000000 8.000000 241.000000 0.000000
-0.32245600 1.51798403 -1.15781498 1528.000000 10.000000 228.000000 0.000000
-0.31392601 1.52378798 -1.16090095 1468.000000 9.000000 224.000000 0.000000
-0.30717599 1.53880596 -1.17139304 1217.000000 7.000000 212.000000 0.000000
0.70055401 1.53007400 -0.59274799 896.000000 4.000000 152.000000 0.000000
0.71111399 1.52828801 -0.59381598 2748.000000 20.000000 161.000000 0.000000
0.72127801 1.52558398 -0.59452802 2854.000000 21.000000 181.000000 0.000000
0.72454602 1.50849998 -0.58918703 2633.000000 18.000000 187.000000 0.000000
0.73173702 1.49982798 -0.58740598 3016.000000 23.000000 214.000000 0.000000
0.73469198 1.48275602 -0.58206499 2535.000000 17.000000 150.000000 0.000000
0.73157698 1.45402205 -0.57173902 2407.000000 16.000000 141.000000 0.000000
0.74005902 1.44867396 -0.57138199 2392.000000 16.000000 165.000000 0.000000
0.74117702 1.42918098 -0.56497300 2738.000000 19.000000 146.000000 0.000000
0.74600899 1.41716802 -0.56176800 1404.000000 7.000000 143.000000 0.000000
0.71141601 1.56725299 -0.65291399 690.000000 4.000000 442.000000 0.000000
0.71330100 1.54602396 -0.64535999 939.000000 6.000000 483.000000 0.000000
0.71925497 1.53406405 -0.64196098 1486.000000 10.000000 495.000000 0.000000
0.72310799 1.51790500 -0.63667399 1799.000000 13.000000 658.000000 0.000000
0.73240799 1.51344001 -0.63667399 1694.000000 12.000000 652.000000 0.000000
0.69389999 1.58999896 -0.71109301 847.000000 4.000000 109.000000 0.000000
0.69359601 1.56311905 -0.70024502 1942.000000 12.000000 132.000000 0.000000
0.70128900 1.55466199 -0.69823599 2368.000000 16.000000 195.000000 0.000000
0.70852101 1.54533696 -0.69582498 2338.000000 15.000000 181.000000 0.000000
0.70946598 1.52270603 -0.68698603 2075.000000 13.000000 145.000000 0.000000
0.72978598 1.54148996 -0.69823599 1712.000000 10.000000 143.000000 0.000000
0.72117501 1.43155897 -0.65323502 1728.000000 10.000000 175.000000 0.000000
0.73245198 1.43199694 -0.65564603 2248.000000 15.000000 159.000000 0.000000
0.75390500 1.45184600 -0.66769999 665.000000 3.000000 100.000000 0.000000
0.68869001 1.60605597 -0.76490903 470.000000 3.000000 269.000000 0.000000
0.69096601 1.58433902 -0.75602698 1077.000000 7.000000 381.000000 0.000000
0.70104003 1.58089805 -0.75645000 1582.000000 11.000000 368.000000 0.000000
0.70628202 1.56664300 -0.75137502 1153.000000 8.000000 460.000000 0.000000
0.71212697 1.55403304 -0.74714500 857.000000 5.000000 508.000000 0.000000
0.72050703 1.54716694 -0.74587703 639.000000 4.000000 544.000000 0.000000
0.67995399 1.60783100 -0.81979901 936.000000 5.000000 114.000000 0.000000
0.68626499 1.59541297 -0.81533301 1335.000000 8.000000 134.000000 0.000000
0.69280797 1.58379698 -0.81131297 743.000000 4.000000 128.000000 0.000000
0.66317397 1.49125898 -0.76307303 258.000000 1.000000 116.000000 0.000000
0.65089601 1.43989503 -0.73716599 172.000000 1.000000 99.000000 0.000000
0.67356497 1.46594203 -0.75369298 205.000000 1.000000 115.000000 0.000000
0.71023101 1.52093804 -0.78629899 313.000000 1.000000 129.000000 0.000000
0.72864801 1.48832905 -0.77557898 855.000000 4.000000 131.000000 0.000000
0.72779202 1.46380997 -0.76441300 2432.000000 17.000000 151.000000 0.000000
0.73999101 1.46570396 -0.76798600 1978.000000 12.000000 172.000000 0.000000
0.65221202 1.61683297 -0.86957198 954.000000 7.000000 288.000000 0.000000
0.66212100 1.61280096 -0.86957198 1345.000000 11.000000 272.000000 0.000000
0.66556799 1.59319401 -0.86069000 781.000000 6.000000 233.000000 0.000000
0.68804997 1.61921406 -0.87798601 1090.000000 8.000000 316.000000 0.000000
0.69378698 1.60521400 -0.87237698 1396.000000 11.000000 360.000000 0.000000
0.70468497 1.60335696 -0.87377900 1519.000000 13.000000 399.000000 0.000000
0.71881402 1.60869896 -0.87938899 1146.000000 9.000000 415.000000 0.000000
0.71158099 1.56638706 -0.85741800 410.000000 3.000000 492.000000 0.000000
0.73212302 1.48822701 -0.82469499 150.000000 1.000000 628.000000 0.000000
0.63626498 1.63908899 -0.93687201 1003.000000 5.000000 326.000000 0.000000
0.63668197 1.61085296 -0.92214900 1192.000000 7.000000 162.000000 0.000000
0.70423698 1.74994195 -1.00901198 628.000000 3.000000 175.000000 0.000000
0.71363801 1.74236405 -1.00704896 782.000000 4.000000 225.000000 0.000000
0.68637198 1.64710104 -0.95159400 1397.000000 8.000000 145.000000 0.000000
0.69033301 1.62842405 -0.94276100 1971.000000 13.000000 192.000000 0.000000
0.69547302 1.61295998 -0.93589002 2261.000000 16.000000 176.000000 0.000000
0.71096498 1.62142503 -0.94374198 1873.000000 12.000000 175.000000 0.000000
0.74400198 1.66874003 -0.97564101 777.000000 4.000000 166.000000 0.000000
0.73523599 1.52200794 -0.89859301 1651.000000 10.000000 211.000000 0.000000
0.73071998 1.48932004 -0.88092601 2011.000000 13.000000 172.000000 0.000000
0.75658202 1.51832700 -0.90202802 875.000000 5.000000 234.000000 0.000000
0.71619099 1.76365602 -1.07658899 766.000000 7.000000 217.000000 0.000000
0.68716300 1.66219699 -1.01428401 1064.000000 8.000000 267.000000 0.000000
0.69138300 1.64366901 -1.00509202 1414.000000 12.000000 318.000000 0.000000
0.69809300 1.63148296 -0.99998498 1352.000000 11.000000 385.000000 0.000000
0.71832401 1.65084505 -1.01530504 1092.000000 9.000000 393.000000 0.000000
0.75577003 1.70858598 -1.05565000 508.000000 4.000000 456.000000 0.000000
0.77570999 1.72511101 -1.06943905 722.000000 6.000000 468.000000 0.000000
0.77810198 1.70231402 -1.05769300 592.000000 5.000000 481.000000 0.000000
0.75492501 1.57361603 -0.98262101 679.000000 5.000000 608.000000 0.000000
0.74658102 1.53181100 -0.95810801 892.000000 7.000000 600.000000 0.000000
0.75482798 1.52488601 -0.95657599 494.000000 3.000000 632.000000 0.000000
0.65527302 1.71464896 -1.10377598 964.000000 6.000000 147.000000 0.000000
0.65656298 1.68696404 -1.08775902 1061.000000 6.000000 187.000000 0.000000
0.66190797 1.67033100 -1.07921600 1254.000000 8.000000 166.000000 0.000000
0.67246097 1.66702199 -1.07974994 1402.000000 9.000000 166.000000 0.000000
0.68106800 1.65895498 -1.07708001 1801.000000 13.000000 182.000000 0.000000
0.69090801 1.65396500 -1.07654703 1699.000000 12.000000 192.000000 0.000000
0.70402598 1.65669501 -1.08135200 1342.000000 9.000000 179.000000 0.000000
0.71216100 1.64768898 -1.07814801 1200.000000 7.000000 161.000000 0.000000
0.74202597 1.68816900 -1.10911500 944.000000 5.000000 163.000000 0.000000
0.76338798 1.68047500 -1.11018300 949.000000 6.000000 175.000000 0.000000
0.77100199 1.64343297 -1.09096205 1025.000000 6.000000 157.000000 0.000000
0.72203600 1.51506805 -1.00446904 1624.000000 10.000000 190.000000 0.000000
0.74386799 1.53647399 -1.02262199 1247.000000 7.000000 140.000000 0.000000
0.65030098 1.67925096 -1.14046502 1007.000000 9.000000 278.000000 0.000000
0.65360898 1.65739000 -1.12773705 1111.000000 11.000000 290.000000 0.000000
0.66345799 1.65257502 -1.12718296 1430.000000 14.000000 324.000000 0.000000
0.67358601 1.64847302 -1.12718296 1526.000000 16.000000 329.000000 0.000000
0.67987400 1.63506997 -1.12054300 1289.000000 13.000000 355.000000 0.000000
0.70150602 1.65851295 -1.14046502 880.000000 8.000000 384.000000 0.000000
0.71461397 1.66107094 -1.14544499 710.000000 6.000000 409.000000 0.000000
0.72246897 1.65130699 -1.14157200 651.000000 6.000000 414.000000 0.000000
0.73359799 1.64912903 -1.14323199 705.000000 6.000000 440.000000 0.000000
0.74336201 1.64383698 -1.14267802 705.000000 6.000000 452.000000 0.000000
0.75101203 1.63394105 -1.13880503 727.000000 6.000000 511.000000 0.000000
0.75857002 1.62401295 -1.13493097 765.000000 7.000000 580.000000 0.000000
0.75999498 1.60124695 -1.12164998 906.000000 8.000000 601.000000 0.000000
0.75505197 1.56575501 -1.09896004 532.000000 4.000000 591.000000 0.000000
1.79695296 1.96556401 -0.88969702 305.000000 3.000000 180.000000 0.000000
1.64636505 1.65169096 -0.77316600 263.000000 2.000000 136.000000 0.000000
1.68790400 1.67281997 -0.78877002 1300.000000 16.000000 135.000000 0.000000
1.69544494 1.65978801 -0.78744203 2113.000000 30.000000 152.000000 0.000000
1.70356703 1.64738297 -0.78644598 1972.000000 27.000000 169.000000 0.000000
1.70955706 1.63298297 -0.78445399 1135.000000 13.000000 123.000000 0.000000
1.76115799 1.64151895 -0.79972601 341.000000 3.000000 150.000000 0.000000
1.79649901 1.63377094 -0.80703002 576.000000 6.000000 162.000000 0.000000
1.77916396 1.59808803 -0.79408199 771.000000 9.000000 170.000000 0.000000
1.74622095 1.53004205 -0.76951402 641.000000 6.000000 179.000000 0.000000
1.77156997 1.97830904 -0.96343303 177.000000 1.000000 512.000000 0.000000
1.79560697 1.98054898 -0.97019798 429.000000 3.000000 534.000000 0.000000
1.69302595 1.71360600 -0.86942601 960.000000 7.000000 254.000000 0.000000
1.69954097 1.69922304 -0.86729002 2051.000000 19.000000 299.000000 0.000000
1.69862604 1.67760706 -0.86123598 2357.000000 23.000000 267.000000 0.000000
1.70152605 1.65997899 -0.85731900 1593.000000 13.000000 280.000000 0.000000
1.78764999 1.66030300 -0.88117701 620.000000 4.000000 146.000000 0.000000
1.79573703 1.64740801 -0.88010901 552.000000 4.000000 190.000000 0.000000
1.74692404 1.58305705 -0.84984100 1502.000000 12.000000 296.000000 0.000000
1.71968305 1.53929806 -0.83096898 2298.000000 19.000000 210.000000 0.000000
1.73539901 1.53428400 -0.83417398 531.000000 3.000000 159.000000 0.000000
1.77330697 1.94907999 -1.02568305 793.000000 11.000000 165.000000 0.000000
1.69894600 1.73408794 -0.94108301 987.000000 11.000000 257.000000 0.000000
1.69197905 1.70585001 -0.93088597 1737.000000 23.000000 118.000000 0.000000
1.70110404 1.69412804 -0.93013102 1961.000000 27.000000 219.000000 0.000000
1.71673906 1.68886197 -0.93315202 1422.000000 18.000000 122.000000 0.000000
1.79468799 1.74423206 -0.97167498 529.000000 7.000000 289.000000 0.000000
1.77369595 1.68186796 -0.94788200 659.000000 7.000000 205.000000 0.000000
1.79275405 1.67919600 -0.95279098 626.000000 7.000000 276.000000 0.000000
1.79002202 1.63579297 -0.93994999 860.000000 10.000000 344.000000 0.000000
1.71767104 1.55018795 -0.89462900 1726.000000 23.000000 226.000000 0.000000
1.70782900 1.52233303 -0.88405401 687.000000 6.000000 120.000000 0.000000
1.81818902 1.90717697 -1.10605001 752.000000 6.000000 324.000000 0.000000
1.79295301 1.85778701 -1.08274698 752.000000 6.000000 291.000000 0.000000
1.69674802 1.73676705 -1.01524603 1199.000000 9.000000 285.000000 0.000000
1.70479596 1.72372103 -1.01363897 1084.000000 8.000000 271.000000 0.000000
1.70626402 1.70417297 -1.00801396 1263.000000 10.000000 288.000000 0.000000
1.73299503 1.70974100 -1.01805902 979.000000 7.000000 319.000000 0.000000
1.78675997 1.74123299 -1.04457700 990.000000 9.000000 295.000000 0.000000
1.72300601 1.63845205 -0.99314803 1129.000000 9.000000 414.000000 0.000000
1.68494403 1.58273602 -0.96421897 1759.000000 15.000000 223.000000 0.000000
1.69462395 1.57236803 -0.96421897 1490.000000 12.000000 242.000000 0.000000
1.71031904 1.56750500 -0.96783501 1642.000000 14.000000 201.000000 0.000000
1.73213100 1.56803596 -0.97506797 1314.000000 10.000000 257.000000 0.000000
1.68656301 1.79543996 -1.09902704 1233.000000 18.000000 140.000000 0.000000
1.69567800 1.78308403 -1.09775805 1256.000000 18.000000 138.000000 0.000000
1.70407796 1.77003098 -1.09606600 1303.000000 19.000000 122.000000 0.000000
1.69470298 1.73874104 -1.08253300 1598.000000 21.000000 127.000000 0.000000
1.69962204 1.72249496 -1.07872605 1666.000000 22.000000 141.000000 0.000000
1.69929099 1.70111597 -1.07153594 1581.000000 21.000000 185.000000 0.000000
1.69490302 1.67597699 -1.06180894 1644.000000 22.000000 171.000000 0.000000
1.68897700 1.64968705 -1.05123496 1307.000000 16.000000 188.000000 0.000000
1.72575796 1.66513705 -1.06857598 1114.000000 13.000000 138.000000 0.000000
1.77981806 1.69648099 -1.09691203 1350.000000 20.000000 140.000000 0.000000
1.78953505 1.68490601 -1.09648895 976.000000 14.000000 158.000000 0.000000
1.79785204 1.67203903 -1.09522104 812.000000 11.000000 148.000000 0.000000
1.71546602 1.57560599 -1.03643298 1616.000000 21.000000 154.000000 0.000000
1.82627594 1.65717101 -1.10029602 943.000000 13.000000 164.000000 0.000000
1.65688396 1.65205801 -1.11638606 1559.000000 13.000000 307.000000 0.000000
1.65997398 1.63495898 -1.11147201 1648.000000 14.000000 316.000000 0.000000
1.69179106 1.64594305 -1.12665904 1513.000000 13.000000 287.000000 0.000000
1.72637200 1.61880505 -1.12978601 1793.000000 16.000000 261.000000 0.000000
1.73889899 1.61061203 -1.13157201 1506.000000 12.000000 211.000000 0.000000
