2.31526494 1.97886002 -0.25302100 940.000000 14.000000 3257.000000 0.000000
2.29849100 1.94018102 -0.24937201 1750.000000 30.000000 2986.000000 0.000000
2.31188011 1.92731798 -0.24956401 1855.000000 32.000000 2763.000000 0.000000
2.28758407 1.88331401 -0.24505100 1694.000000 29.000000 4064.000000 0.000000
2.28598094 1.85855103 -0.24341901 2171.000000 40.000000 4711.000000 0.000000
2.29734206 1.84448898 -0.24341901 2154.000000 40.000000 4587.000000 0.000000
2.31640792 1.83655202 -0.24437900 1843.000000 32.000000 4385.000000 0.000000
2.34250998 1.83398294 -0.24620400 904.000000 13.000000 3940.000000 0.000000
2.31220102 1.99924302 -0.33003500 706.000000 7.000000 3377.000000 0.000000
2.31460690 1.97664201 -0.32846701 2143.000000 25.000000 2854.000000 0.000000
2.29936504 1.93937302 -0.32412300 2502.000000 31.000000 2420.000000 0.000000
2.30130196 1.91697299 -0.32255399 2539.000000 32.000000 3031.000000 0.000000
2.27160811 1.86877894 -0.31603900 2831.000000 38.000000 4115.000000 0.000000
2.28534508 1.85668194 -0.31640100 3135.000000 46.000000 3698.000000 0.000000
2.29514503 1.84138298 -0.31615999 2634.000000 34.000000 3436.000000 0.000000
2.31574106 1.83465898 -0.31760699 1837.000000 20.000000 3275.000000 0.000000
2.29689598 1.96587503 -0.39680699 1342.000000 21.000000 3336.000000 0.000000
2.28098202 1.92806995 -0.39149100 1586.000000 26.000000 2723.000000 0.000000
2.27759194 1.90133405 -0.38861799 1580.000000 26.000000 4335.000000 0.000000
2.26404500 1.86651504 -0.38387701 2076.000000 38.000000 4131.000000 0.000000
2.27162194 1.84945905 -0.38315901 1970.000000 35.000000 3824.000000 0.000000
2.28678012 1.83859098 -0.38387701 1675.000000 28.000000 2887.000000 0.000000
2.30188894 1.82760704 -0.38459501 1286.000000 20.000000 2621.000000 0.000000
2.32550812 1.82323503 -0.38689399 813.000000 12.000000 4789.000000 0.000000
2.29388595 1.98342097 -0.47498500 1267.000000 13.000000 3319.000000 0.000000
2.29701495 1.96163094 -0.47296500 2362.000000 29.000000 2431.000000 0.000000
2.26830411 1.91319895 -0.46387601 2026.000000 23.000000 3240.000000 0.000000
2.25651312 1.87969697 -0.45865801 2516.000000 32.000000 3329.000000 0.000000
2.26495790 1.86331201 -0.45798501 2367.000000 29.000000 2845.000000 0.000000
2.27328706 1.84689498 -0.45731199 1957.000000 22.000000 2371.000000 0.000000
2.27688503 1.82674599 -0.45562899 830.000000 7.000000 2904.000000 0.000000
2.28808808 1.96243894 -0.54469103 1177.000000 19.000000 2657.000000 0.000000
2.26567411 1.91913497 -0.53588301 1349.000000 21.000000 2859.000000 0.000000
2.26462412 1.89447403 -0.53262699 1414.000000 23.000000 3413.000000 0.000000
2.26033306 1.86739397 -0.52860600 1660.000000 28.000000 3349.000000 0.000000
2.26491189 1.84789598 -0.52688199 1479.000000 24.000000 2942.000000 0.000000
2.28002501 1.83704805 -0.52784002 1313.000000 21.000000 2889.000000 0.000000
2.29432297 1.82547200 -0.52860600 470.000000 7.000000 4783.000000 0.000000
2.27575803 1.96707201 -0.62048900 1544.000000 17.000000 2493.000000 0.000000
2.28109789 1.94736803 -0.61854702 2143.000000 27.000000 2108.000000 0.000000
2.27657509 1.91949499 -0.61380100 2025.000000 23.000000 2461.000000 0.000000
2.27554893 1.89487398 -0.61013299 2070.000000 24.000000 2904.000000 0.000000
2.26676202 1.86413896 -0.60430700 2396.000000 29.000000 3046.000000 0.000000
2.28877401 1.85880899 -0.60732800 2603.000000 34.000000 3007.000000 0.000000
2.30318403 1.84717202 -0.60819101 1389.000000 14.000000 2383.000000 0.000000
2.25672889 1.96514904 -0.69077599 706.000000 11.000000 2924.000000 0.000000
2.27683401 1.95824099 -0.69340199 1410.000000 24.000000 2583.000000 0.000000
2.28806710 1.94360399 -0.69316298 1424.000000 24.000000 2387.000000 0.000000
2.27245402 1.90639901 -0.68433100 1239.000000 19.000000 2749.000000 0.000000
2.26618195 1.87752604 -0.67860198 1765.000000 30.000000 4031.000000 0.000000
2.27465701 1.86112201 -0.67764699 2120.000000 39.000000 3938.000000 0.000000
2.28678799 1.84774101 -0.67788601 2063.000000 38.000000 3912.000000 0.000000
2.30339003 1.83792198 -0.67955703 1442.000000 23.000000 3172.000000 0.000000
2.32833910 1.83459103 -0.68385398 413.000000 5.000000 2768.000000 0.000000
2.26115799 1.97813499 -0.77348900 1209.000000 13.000000 2504.000000 0.000000
2.27690506 1.96737504 -0.77480400 1869.000000 22.000000 2200.000000 0.000000
2.28819990 1.95274198 -0.77454102 2045.000000 25.000000 2042.000000 0.000000
2.29202104 1.93182898 -0.77164799 1651.000000 19.000000 2317.000000 0.000000
2.29196191 1.90785801 -0.76743901 1734.000000 20.000000 3389.000000 0.000000
2.27305794 1.86865306 -0.75665498 2557.000000 33.000000 3836.000000 0.000000
2.28522992 1.85527802 -0.75691801 2971.000000 42.000000 4012.000000 0.000000
2.29355907 1.83880901 -0.75586599 2326.000000 28.000000 3052.000000 0.000000
2.31160903 1.83008802 -0.75823301 1430.000000 14.000000 2381.000000 0.000000
2.28560209 1.99663198 -0.85854799 1132.000000 18.000000 2866.000000 0.000000
2.28114104 1.96814895 -0.85197699 1605.000000 28.000000 2667.000000 0.000000
2.28661704 1.94851196 -0.84940600 1861.000000 34.000000 2523.000000 0.000000
2.28827596 1.92579198 -0.84540600 1441.000000 25.000000 3383.000000 0.000000
2.26765800 1.88471997 -0.83283597 1869.000000 35.000000 3903.000000 0.000000
2.26512098 1.85919905 -0.82740802 2392.000000 47.000000 4179.000000 0.000000
2.27648711 1.84526503 -0.82740802 2278.000000 43.000000 3594.000000 0.000000
2.28402901 1.82826304 -0.82597899 1467.000000 24.000000 2764.000000 0.000000
2.35453391 1.86124206 -0.84854901 817.000000 13.000000 2632.000000 0.000000
2.32275891 -2.02384210 -0.48323300 2297.000000 29.000000 2666.000000 0.000000
2.31103706 -2.03870893 -0.48340100 2367.000000 31.000000 2686.000000 0.000000
2.31318212 -2.06598902 -0.48676699 2044.000000 25.000000 2588.000000 0.000000
2.32238793 -2.09998703 -0.49181700 2742.000000 39.000000 3383.000000 0.000000
2.31018591 -2.11486292 -0.49198499 2092.000000 26.000000 3596.000000 0.000000
2.32535100 -2.15514207 -0.49854901 291.000000 2.000000 2903.000000 0.000000
2.31923699 -2.01198006 -0.55560601 657.000000 10.000000 3835.000000 0.000000
2.31053901 -2.02940702 -0.55656397 1580.000000 28.000000 2849.000000 0.000000
2.30098009 -2.04615092 -0.55733001 1596.000000 28.000000 2961.000000 0.000000
2.29349399 -2.06482100 -0.55866998 1582.000000 28.000000 3273.000000 0.000000
2.30402088 -2.09998298 -0.56479800 1379.000000 23.000000 4318.000000 0.000000
2.31691909 -2.01945496 -0.63494498 1992.000000 24.000000 2657.000000 0.000000
2.30448508 -2.03363299 -0.63494498 2266.000000 29.000000 2757.000000 0.000000
2.29996991 -2.05489397 -0.63731802 2022.000000 25.000000 2747.000000 0.000000
2.31337690 -2.09256005 -0.64508498 2358.000000 31.000000 3456.000000 0.000000
2.30553293 -2.11133289 -0.64659601 753.000000 7.000000 4421.000000 0.000000
2.30217695 -2.01644897 -0.70748502 1498.000000 26.000000 2883.000000 0.000000
2.29048800 -2.03118110 -0.70772398 1569.000000 28.000000 2944.000000 0.000000
2.28087592 -2.04778790 -0.70867902 1549.000000 27.000000 2961.000000 0.000000
2.30352092 -2.09370399 -0.72037500 1905.000000 36.000000 3623.000000 0.000000
2.29993105 -2.11633611 -0.72347802 1015.000000 16.000000 3876.000000 0.000000
2.30733490 -2.01179600 -0.78900802 1788.000000 21.000000 2321.000000 0.000000
2.30145502 -2.03166509 -0.79137498 2139.000000 27.000000 2507.000000 0.000000
2.29326010 -2.04960799 -0.79295301 1810.000000 21.000000 2402.000000 0.000000
2.31425095 -2.09407902 -0.80531597 2250.000000 29.000000 2673.000000 0.000000
2.30775809 -2.11410809 -0.80768299 2168.000000 27.000000 3539.000000 0.000000
2.30535007 -2.13807297 -0.81162798 637.000000 6.000000 3770.000000 0.000000
2.31569600 -2.02190399 -0.87026101 1104.000000 18.000000 3037.000000 0.000000
2.28671408 -2.02149796 -0.86369002 1581.000000 28.000000 2976.000000 0.000000
2.27712703 -2.03804398 -0.86483300 1615.000000 29.000000 3180.000000 0.000000
2.30937099 -2.09245801 -0.88283098 1881.000000 35.000000 3216.000000 0.000000
2.30143809 -2.11111689 -0.88483101 1892.000000 35.000000 3854.000000 0.000000
2.28914404 -2.12584996 -0.88511699 650.000000 10.000000 3763.000000 0.000000
2.29535007 -2.00483489 -0.94615197 1781.000000 21.000000 2699.000000 0.000000
2.27873302 -2.01510096 -0.94429302 2097.000000 26.000000 2668.000000 0.000000
2.27907205 -2.04046607 -0.94987100 1915.000000 23.000000 2538.000000 0.000000
2.30664706 -2.09082603 -0.96753198 1585.000000 19.000000 2058.000000 0.000000
2.31828308 -2.12745094 -0.97837597 2315.000000 32.000000 2841.000000 0.000000
2.30100799 -2.13775110 -0.97651702 1160.000000 13.000000 2710.000000 0.000000
2.29597902 -2.02190495 -1.02913499 1430.000000 25.000000 2630.000000 0.000000
2.27859497 -2.03156710 -1.02681100 1377.000000 24.000000 2433.000000 0.000000
2.26328206 -2.04298592 -1.02548301 552.000000 8.000000 1850.000000 0.000000
2.24791598 -2.05429292 -1.02415502 171.000000 2.000000 1591.000000 0.000000
0.23473500 1.92563701 -0.19429600 3005.000000 24.000000 3078.000000 0.000000
0.24781400 1.93400598 -0.19550300 3230.000000 28.000000 2583.000000 0.000000
0.25622100 1.90687096 -0.19236600 2606.000000 19.000000 3684.000000 0.000000
0.26694500 1.89838302 -0.19152100 3065.000000 25.000000 4941.000000 0.000000
0.27380499 1.86430097 -0.18753999 3935.000000 42.000000 4930.000000 0.000000
0.28599399 1.86749196 -0.18814300 4330.000000 57.000000 4639.000000 0.000000
0.29744700 1.86570203 -0.18814300 4248.000000 53.000000 4087.000000 0.000000
0.30774900 1.85698700 -0.18729800 3741.000000 36.000000 3508.000000 0.000000
0.31964400 1.85799897 -0.18765999 2970.000000 22.000000 3105.000000 0.000000
0.33348799 1.86968195 -0.18934900 522.000000 2.000000 3612.000000 0.000000
0.22264101 1.92684901 -0.23949300 1062.000000 8.000000 3722.000000 0.000000
0.23469500 1.92741203 -0.23978101 2324.000000 22.000000 3734.000000 0.000000
0.24540401 1.91709900 -0.23848800 2397.000000 23.000000 2933.000000 0.000000
0.25573599 1.90476501 -0.23690701 2433.000000 24.000000 3562.000000 0.000000
0.26239699 1.86688995 -0.23159200 2880.000000 27.000000 5487.000000 0.000000
0.27115500 1.84663606 -0.22886200 3596.000000 42.000000 5420.000000 0.000000
0.28321901 1.84983003 -0.22958100 3863.000000 51.000000 5096.000000 0.000000
0.29394901 1.84414697 -0.22900601 3505.000000 40.000000 4452.000000 0.000000
0.30541900 1.84328496 -0.22915000 2943.000000 28.000000 3761.000000 0.000000
0.31639200 1.83942497 -0.22886200 3138.000000 32.000000 3814.000000 0.000000
0.32853100 1.84232199 -0.22958100 2377.000000 20.000000 3045.000000 0.000000
0.34178299 1.85098100 -0.23116100 455.000000 2.000000 2912.000000 0.000000
0.21999700 1.90196800 -0.28411299 2592.000000 19.000000 3440.000000 0.000000
0.23670100 1.94167495 -0.29118201 3118.000000 26.000000 2523.000000 0.000000
0.24420200 1.90596902 -0.28529099 2566.000000 19.000000 2703.000000 0.000000
0.24982300 1.85949898 -0.27754900 2719.000000 19.000000 3185.000000 0.000000
0.25681400 1.82669699 -0.27216300 3281.000000 27.000000 3280.000000 0.000000
0.26873800 1.82996297 -0.27300400 3600.000000 33.000000 3707.000000 0.000000
0.27996099 1.82827997 -0.27300400 3628.000000 34.000000 3381.000000 0.000000
0.29054999 1.82263398 -0.27233100 3392.000000 29.000000 3034.000000 0.000000
0.30334699 1.83054101 -0.27401400 3026.000000 23.000000 2783.000000 0.000000
0.31524399 1.83253002 -0.27468699 1286.000000 7.000000 4035.000000 0.000000
0.21955200 1.91730499 -0.33309001 2231.000000 21.000000 4263.000000 0.000000
0.23050299 1.90910006 -0.33175001 2329.000000 22.000000 3042.000000 0.000000
0.24196900 1.90570199 -0.33136699 2228.000000 21.000000 3741.000000 0.000000
0.25174400 1.88958299 -0.32849401 2188.000000 21.000000 5319.000000 0.000000
0.25892499 1.85591495 -0.32217500 2959.000000 29.000000 5718.000000 0.000000
0.26374999 1.80862999 -0.31317499 3301.000000 35.000000 5122.000000 0.000000
0.27469701 1.80600703 -0.31298301 3401.000000 37.000000 4781.000000 0.000000
0.28547001 1.80234802 -0.31259999 3214.000000 33.000000 4093.000000 0.000000
0.29746801 1.80637503 -0.31374899 2691.000000 24.000000 3713.000000 0.000000
0.31034300 1.81516194 -0.31585601 2234.000000 18.000000 3507.000000 0.000000
0.32401401 1.82772505 -0.31872800 2026.000000 16.000000 3443.000000 0.000000
0.33294499 1.81314802 -0.31623900 456.000000 2.000000 4108.000000 0.000000
0.20980500 1.91371799 -0.38121301 1216.000000 7.000000 4315.000000 0.000000
0.22109200 1.90851498 -0.38034999 2035.000000 13.000000 2331.000000 0.000000
0.23018000 1.88580000 -0.37560400 2867.000000 22.000000 2263.000000 0.000000
0.24062300 1.87563705 -0.37366199 2814.000000 22.000000 2227.000000 0.000000
0.24977100 1.85670698 -0.36977801 2783.000000 21.000000 3413.000000 0.000000
0.25254101 1.79422998 -0.35618600 3433.000000 30.000000 4102.000000 0.000000
0.26254600 1.78588605 -0.35467499 3635.000000 34.000000 3953.000000 0.000000
0.27409399 1.78810096 -0.35553801 3835.000000 39.000000 3601.000000 0.000000
0.28490600 1.78542197 -0.35532299 3735.000000 37.000000 3662.000000 0.000000
0.29601601 1.78460300 -0.35553801 3183.000000 26.000000 3055.000000 0.000000
0.30845800 1.79141295 -0.35747999 2784.000000 20.000000 2556.000000 0.000000
0.32065001 1.79621398 -0.35899001 1878.000000 11.000000 3481.000000 0.000000
0.21597201 1.90913904 -0.42748699 2119.000000 20.000000 3472.000000 0.000000
0.22632501 1.89620399 -0.42462200 2151.000000 20.000000 3079.000000 0.000000
0.23724200 1.88899696 -0.42319000 2114.000000 19.000000 2778.000000 0.000000
0.24583000 1.86439300 -0.41746101 2097.000000 19.000000 4489.000000 0.000000
0.24666899 1.78490806 -0.39812601 2857.000000 27.000000 5346.000000 0.000000
0.25761700 1.78336096 -0.39812601 2895.000000 28.000000 4577.000000 0.000000
0.26912501 1.78558898 -0.39908099 3580.000000 42.000000 4573.000000 0.000000
0.28037301 1.78582299 -0.39955899 3274.000000 35.000000 3935.000000 0.000000
0.28839201 1.76585400 -0.39502299 2550.000000 22.000000 3150.000000 0.000000
0.30114499 1.77554405 -0.39788800 1984.000000 15.000000 2933.000000 0.000000
0.30439100 1.72965097 -0.38690701 613.000000 4.000000 4186.000000 0.000000
0.20849299 1.89882505 -0.47521099 1666.000000 10.000000 2706.000000 0.000000
0.22069900 1.90230095 -0.47652701 2305.000000 16.000000 2374.000000 0.000000
0.23095500 1.88942099 -0.47336999 2819.000000 22.000000 2495.000000 0.000000
0.24254400 1.88796794 -0.47336999 2253.000000 15.000000 3592.000000 0.000000
0.24169500 1.79466200 -0.44811901 2852.000000 21.000000 4526.000000 0.000000
0.25094301 1.78072703 -0.44470000 3349.000000 29.000000 3949.000000 0.000000
0.26130000 1.77533603 -0.44364801 3319.000000 28.000000 3257.000000 0.000000
0.27160001 1.76988602 -0.44259599 2789.000000 20.000000 2818.000000 0.000000
0.28321901 1.77294898 -0.44391099 1694.000000 10.000000 3581.000000 0.000000
0.19903100 1.88881505 -0.52000701 764.000000 5.000000 4092.000000 0.000000
0.21280600 1.90756297 -0.52600598 1737.000000 15.000000 3136.000000 0.000000
0.22219500 1.88622999 -0.52000701 2398.000000 24.000000 3132.000000 0.000000
0.23132899 1.86485398 -0.51400799 1930.000000 17.000000 3955.000000 0.000000
0.23558301 1.80731702 -0.49715200 2416.000000 20.000000 4629.000000 0.000000
0.24258500 1.77544403 -0.48800999 2650.000000 24.000000 4066.000000 0.000000
0.25387400 1.77676904 -0.48886701 3183.000000 33.000000 4067.000000 0.000000
0.26421499 1.77138603 -0.48772401 2784.000000 26.000000 3723.000000 0.000000
0.27362800 1.76025796 -0.48486701 1490.000000 10.000000 3573.000000 0.000000
0.20148200 1.92850804 -0.58487099 1523.000000 9.000000 2893.000000 0.000000
0.20889001 1.88754797 -0.57185698 2442.000000 17.000000 2606.000000 0.000000
0.21957999 1.87867701 -0.56937897 1874.000000 12.000000 2810.000000 0.000000
0.22409301 1.82067895 -0.55078799 2377.000000 17.000000 4739.000000 0.000000
0.22961900 1.77589905 -0.53653502 3004.000000 23.000000 4305.000000 0.000000
0.23871399 1.76126695 -0.53219700 3224.000000 27.000000 3539.000000 0.000000
0.25166300 1.77482998 -0.53715497 3353.000000 29.000000 3535.000000 0.000000
0.26170900 1.76760995 -0.53529602 2581.000000 18.000000 3119.000000 0.000000
0.27007201 1.74999797 -0.53002799 960.000000 5.000000 2517.000000 0.000000
0.19686601 1.90311003 -0.62575901 1314.000000 10.000000 3133.000000 0.000000
0.20944700 1.91030705 -0.62874699 2072.000000 19.000000 2902.000000 0.000000
0.21882001 1.88836706 -0.62144399 1850.000000 16.000000 4321.000000 0.000000
0.21815901 1.78490198 -0.58525598 2152.000000 17.000000 4780.000000 0.000000
0.22698200 1.76668501 -0.57928002 2873.000000 28.000000 4712.000000 0.000000
0.23818900 1.76806402 -0.58027601 3053.000000 31.000000 4075.000000 0.000000
0.24838600 1.76189697 -0.57861602 2315.000000 19.000000 3637.000000 0.000000
0.26203200 1.77994502 -0.58558798 1419.000000 10.000000 3085.000000 0.000000
0.15641500 1.81814694 -0.64687300 619.000000 3.000000 2272.000000 0.000000
0.19411200 1.97138298 -0.70633900 926.000000 5.000000 2260.000000 0.000000
0.20052600 1.91625500 -0.68568599 2502.000000 18.000000 3080.000000 0.000000
0.20109101 1.81468904 -0.64722902 2188.000000 15.000000 4040.000000 0.000000
0.20839600 1.78094006 -0.63476598 2289.000000 15.000000 3844.000000 0.000000
0.21633001 1.75551701 -0.62550700 3190.000000 26.000000 4028.000000 0.000000
0.22709800 1.75415599 -0.62550700 3128.000000 25.000000 3567.000000 0.000000
0.23760401 1.75087798 -0.62479502 2629.000000 19.000000 3156.000000 0.000000
0.24900299 1.75401294 -0.62657601 1702.000000 10.000000 2643.000000 0.000000
0.26747301 1.80420995 -0.64651698 514.000000 2.000000 1447.000000 0.000000
0.28527799 1.84593403 -0.66325301 418.000000 2.000000 1270.000000 0.000000
0.30285901 1.88289297 -0.67820799 313.000000 1.000000 1021.000000 0.000000
0.30790901 1.84229398 -0.66325301 437.000000 2.000000 1052.000000 0.000000
0.32049000 1.84773505 -0.66610098 381.000000 2.000000 1068.000000 0.000000
0.33198699 1.84665298 -0.66645700 381.000000 2.000000 1006.000000 0.000000
0.34005100 1.82712901 -0.65969199 375.000000 1.000000 941.000000 0.000000
0.38316500 1.99015498 -0.72378701 265.000000 1.000000 919.000000 0.000000
0.39756399 1.99876297 -0.72806001 207.000000 1.000000 948.000000 0.000000
0.41076300 2.00086188 -0.72984099 217.000000 1.000000 1127.000000 0.000000
0.19196400 1.90038002 -0.72996098 1515.000000 13.000000 3231.000000 0.000000
0.19037101 1.77300704 -0.67821902 1702.000000 15.000000 4665.000000 0.000000
0.19868700 1.74879897 -0.66877699 2647.000000 24.000000 4676.000000 0.000000
0.20995399 1.75214505 -0.67066503 2918.000000 28.000000 4053.000000 0.000000
0.21956401 1.74163401 -0.66688800 2512.000000 22.000000 3493.000000 0.000000
0.23036601 1.74117303 -0.66726601 2336.000000 20.000000 3521.000000 0.000000
0.23817199 1.71862495 -0.65857899 1727.000000 13.000000 3077.000000 0.000000
0.25785100 1.78129900 -0.68501699 1133.000000 9.000000 2514.000000 0.000000
0.28380299 1.80453598 -0.69597000 1025.000000 8.000000 2987.000000 0.000000
0.17716900 1.79109299 -0.73961997 1445.000000 9.000000 4062.000000 0.000000
0.18294901 1.74079800 -0.71792299 2155.000000 14.000000 4239.000000 0.000000
0.19434100 1.74601305 -0.72073603 2836.000000 21.000000 4082.000000 0.000000
0.20300600 1.72750902 -0.71310198 2537.000000 18.000000 3318.000000 0.000000
0.21326301 1.72350502 -0.71189600 2069.000000 13.000000 2733.000000 0.000000
0.22324000 1.71762395 -0.70988798 2041.000000 13.000000 3273.000000 0.000000
0.23638600 1.73527396 -0.71832502 1757.000000 10.000000 2531.000000 0.000000
0.24806800 1.74104297 -0.72153902 1503.000000 9.000000 2332.000000 0.000000
0.14625800 1.82954705 -0.80593300 1129.000000 9.000000 2565.000000 0.000000
0.15271300 1.77172601 -0.77928799 1271.000000 10.000000 3646.000000 0.000000
0.16187599 1.75180304 -0.77040702 1357.000000 11.000000 3802.000000 0.000000
0.17314200 1.75618899 -0.77294499 1268.000000 10.000000 2195.000000 0.000000
0.18179201 1.73435998 -0.76321697 1545.000000 13.000000 2198.000000 0.000000
0.19174500 1.72690594 -0.76025599 1721.000000 13.000000 2531.000000 0.000000
0.20202801 1.72299600 -0.75898802 1881.000000 14.000000 2407.000000 0.000000
0.21259600 1.72172403 -0.75898802 1909.000000 15.000000 2217.000000 0.000000
0.22372800 1.72488201 -0.76110202 1714.000000 13.000000 2787.000000 0.000000
0.23562700 1.73335695 -0.76575500 1586.000000 13.000000 2083.000000 0.000000
0.24801400 1.74444199 -0.77167600 1392.000000 11.000000 1912.000000 0.000000
0.27468401 1.85228002 -0.82327402 986.000000 7.000000 2264.000000 0.000000
0.13372099 1.78184295 -0.84034598 1439.000000 9.000000 2288.000000 0.000000
0.14150800 1.74264503 -0.82113898 1759.000000 11.000000 2423.000000 0.000000
0.15149000 1.73372304 -0.81711900 1849.000000 12.000000 2226.000000 0.000000
0.16187300 1.73008895 -0.81577897 1824.000000 12.000000 2092.000000 0.000000
0.17203800 1.72461200 -0.81354600 1972.000000 13.000000 2064.000000 0.000000
0.18195200 1.71729600 -0.81041902 1730.000000 11.000000 1819.000000 0.000000
0.19248600 1.71614695 -0.81041902 1742.000000 11.000000 2147.000000 0.000000
0.20428300 1.72559500 -0.81577897 2122.000000 14.000000 2215.000000 0.000000
0.21353100 1.71365595 -0.81041902 1901.000000 12.000000 2159.000000 0.000000
0.22497600 1.71940994 -0.81399298 1682.000000 10.000000 2145.000000 0.000000
0.23613299 1.72242904 -0.81622601 1753.000000 11.000000 1895.000000 0.000000
0.13150200 -2.05027199 -0.35741001 2046.000000 18.000000 2727.000000 0.000000
0.12255900 -2.11178398 -0.36928299 1273.000000 12.000000 3346.000000 0.000000
0.11028300 -2.12523699 -0.37177199 360.000000 3.000000 3238.000000 0.000000
0.21121500 -2.11876011 -0.42630699 1249.000000 7.000000 1918.000000 0.000000
0.19676600 -2.10446000 -0.42285499 2095.000000 15.000000 1590.000000 0.000000
0.17819899 -2.04045010 -0.40839899 2242.000000 15.000000 2243.000000 0.000000
0.16450000 -2.02690506 -0.40516299 2475.000000 18.000000 2739.000000 0.000000
0.15321900 -2.04345703 -0.40861499 2809.000000 22.000000 2032.000000 0.000000
0.14067701 -2.04435802 -0.40861499 2737.000000 21.000000 2342.000000 0.000000
0.12861399 -2.05297995 -0.41034099 2253.000000 15.000000 2514.000000 0.000000
0.11775700 -2.08492804 -0.41724500 2491.000000 19.000000 2559.000000 0.000000
0.10539800 -2.09438801 -0.41918701 1624.000000 10.000000 2583.000000 0.000000
0.09271500 -2.09889793 -0.42005000 421.000000 2.000000 2394.000000 0.000000
0.07870400 -2.06917810 -0.41336101 1467.000000 9.000000 2312.000000 0.000000
0.06591500 -2.06669402 -0.41271400 2026.000000 14.000000 2310.000000 0.000000
0.20398200 -2.11445808 -0.47737601 995.000000 9.000000 3531.000000 0.000000
0.18654799 -2.06732011 -0.46544099 1784.000000 18.000000 2545.000000 0.000000
0.17244500 -2.05197811 -0.46138299 1875.000000 19.000000 2687.000000 0.000000
0.15977401 -2.05202889 -0.46114400 2070.000000 22.000000 2583.000000 0.000000
0.14696600 -2.05006599 -0.46042800 2134.000000 23.000000 2853.000000 0.000000
0.13412300 -2.04705310 -0.45947301 2142.000000 24.000000 3114.000000 0.000000
0.12387700 -2.08563900 -0.46878201 1604.000000 16.000000 3450.000000 0.000000
0.11327000 -2.12611508 -0.47856900 1345.000000 13.000000 3564.000000 0.000000
0.10003200 -2.12289000 -0.47761399 516.000000 4.000000 4622.000000 0.000000
0.17784600 -2.04046607 -0.51282501 2098.000000 15.000000 2136.000000 0.000000
0.16524599 -2.04055691 -0.51256198 2495.000000 19.000000 2059.000000 0.000000
0.15272200 -2.04153299 -0.51256198 2536.000000 20.000000 2240.000000 0.000000
0.14025800 -2.04339409 -0.51282501 2439.000000 19.000000 2312.000000 0.000000
0.12753899 -2.04132700 -0.51203603 1394.000000 9.000000 3489.000000 0.000000
0.17638700 -2.06040001 -0.57028800 1420.000000 14.000000 3078.000000 0.000000
0.16203199 -2.04043007 -0.56400299 2044.000000 22.000000 2716.000000 0.000000
0.14922100 -2.03756404 -0.56286001 2226.000000 25.000000 2912.000000 0.000000
0.13671599 -2.03843999 -0.56286001 2185.000000 24.000000 3129.000000 0.000000
0.12540901 -2.05837011 -0.56857401 1550.000000 15.000000 4372.000000 0.000000
0.17593899 -2.03886604 -0.61988401 1882.000000 13.000000 2123.000000 0.000000
0.16335000 -2.03895998 -0.61957401 2377.000000 18.000000 2137.000000 0.000000
0.15090600 -2.04087210 -0.61988401 2427.000000 19.000000 2346.000000 0.000000
0.13838100 -2.04175901 -0.61988401 2391.000000 18.000000 2589.000000 0.000000
0.12683301 -2.05870295 -0.62515098 1435.000000 9.000000 3495.000000 0.000000
0.18130299 -2.07136297 -0.68419099 1289.000000 12.000000 3054.000000 0.000000
0.16655400 -2.04799604 -0.67555898 1686.000000 17.000000 2574.000000 0.000000
0.15362100 -2.04427600 -0.67389899 1831.000000 19.000000 2688.000000 0.000000
0.14107500 -2.04518104 -0.67389899 1836.000000 19.000000 3027.000000 0.000000
0.12858400 -2.04694891 -0.67423099 1819.000000 19.000000 3515.000000 0.000000
0.18979000 -2.05627704 -0.73838699 1532.000000 10.000000 3068.000000 0.000000
0.17549901 -2.03785110 -0.73090899 1870.000000 13.000000 2041.000000 0.000000
0.16254801 -2.03329992 -0.72877198 2066.000000 15.000000 2121.000000 0.000000
0.14986500 -2.03146291 -0.72770399 2160.000000 16.000000 2384.000000 0.000000
0.13764700 -2.03607392 -0.72912800 2367.000000 18.000000 2566.000000 0.000000
0.12498100 -2.03408194 -0.72806001 1386.000000 9.000000 3933.000000 0.000000
0.18776000 -2.08680797 -0.80549598 1158.000000 11.000000 3354.000000 0.000000
0.17099500 -2.04179311 -0.78661299 1665.000000 17.000000 2502.000000 0.000000
0.15824300 -2.04003501 -0.78547901 1727.000000 18.000000 2478.000000 0.000000
0.14551900 -2.03819799 -0.78434598 1783.000000 19.000000 2608.000000 0.000000
0.13282400 -2.03627992 -0.78321302 1880.000000 20.000000 3083.000000 0.000000
0.12156900 -2.05738997 -0.79152203 1114.000000 10.000000 3534.000000 0.000000
0.19491100 -2.12423801 -0.88587099 1308.000000 9.000000 2801.000000 0.000000
0.17404599 -2.03323698 -0.84529001 1894.000000 13.000000 2444.000000 0.000000
0.16120800 -2.02970195 -0.84328097 1835.000000 13.000000 2251.000000 0.000000
0.14901599 -2.03430605 -0.84488797 1936.000000 14.000000 2505.000000 0.000000
0.13695601 -2.04157805 -0.84770101 2246.000000 17.000000 3172.000000 0.000000
0.12563799 -2.06248999 -0.85654002 1350.000000 8.000000 3266.000000 0.000000
0.20623000 -2.22455406 -0.99202502 1061.000000 11.000000 2552.000000 0.000000
0.17693400 -2.04886103 -0.90912902 1753.000000 18.000000 2694.000000 0.000000
0.16265100 -2.02913594 -0.89940202 1980.000000 22.000000 2402.000000 0.000000
0.15019800 -2.03009605 -0.89940202 1974.000000 21.000000 2447.000000 0.000000
0.13773800 -2.03097892 -0.89940202 2300.000000 27.000000 3017.000000 0.000000
0.12538899 -2.03359509 -0.90024799 2192.000000 25.000000 3583.000000 0.000000
0.11790900 -2.12117290 -0.94085002 1538.000000 18.000000 3678.000000 0.000000
0.10503100 -2.12457204 -0.94211799 1437.000000 16.000000 3536.000000 0.000000
0.18752700 -2.06286192 -0.98238599 1726.000000 13.000000 1961.000000 0.000000
0.17201900 -2.03009510 -0.96541202 2096.000000 15.000000 2060.000000 0.000000
0.15893400 -2.02308393 -0.96139300 2363.000000 18.000000 2320.000000 0.000000
0.14728500 -2.03472996 -0.96675301 2529.000000 20.000000 2572.000000 0.000000
0.13485600 -2.03648806 -0.96719903 2555.000000 21.000000 2934.000000 0.000000
0.12405500 -2.06585693 -0.98149300 1909.000000 15.000000 2210.000000 0.000000
0.11346900 -2.10589099 -1.00114596 1683.000000 13.000000 1981.000000 0.000000
-0.78481102 -2.11992407 -0.23326799 2528.000000 20.000000 3137.000000 0.000000
-0.78973299 -2.09370995 -0.23049299 2765.000000 23.000000 2105.000000 0.000000
-0.80434799 -2.09345698 -0.23109700 2643.000000 21.000000 1886.000000 0.000000
-0.80957103 -2.06907296 -0.22856300 2623.000000 21.000000 2055.000000 0.000000
-0.81268501 -2.04009509 -0.22542600 3608.000000 38.000000 2340.000000 0.000000
-0.82518798 -2.03506994 -0.22542600 3680.000000 40.000000 2662.000000 0.000000
-0.80239302 -1.94464898 -0.21420500 2488.000000 19.000000 3298.000000 0.000000
-0.80243301 -2.17120004 -0.29394299 826.000000 8.000000 4888.000000 0.000000
-0.78588200 -2.08653688 -0.28158700 1981.000000 21.000000 3276.000000 0.000000
-0.80361003 -2.09461999 -0.28359899 2110.000000 23.000000 3128.000000 0.000000
-0.80820101 -2.06843400 -0.28029400 1980.000000 21.000000 2698.000000 0.000000
-0.81432199 -2.04687309 -0.27770799 2357.000000 27.000000 2746.000000 0.000000
-0.82464701 -2.03633094 -0.27684599 2748.000000 34.000000 3076.000000 0.000000
-0.83900398 -2.03581095 -0.27756500 2951.000000 39.000000 3634.000000 0.000000
-0.84843099 -2.02331805 -0.27641499 1423.000000 14.000000 4504.000000 0.000000
-0.76373601 -2.10257006 -0.33915299 1791.000000 12.000000 1967.000000 0.000000
-0.77250898 -2.08675408 -0.33713299 2351.000000 17.000000 1620.000000 0.000000
-0.78669298 -2.08566308 -0.33780599 2759.000000 22.000000 1676.000000 0.000000
-0.79381001 -2.06607795 -0.33511299 2573.000000 20.000000 1650.000000 0.000000
-0.80503303 -2.05749702 -0.33443999 2770.000000 23.000000 1761.000000 0.000000
-0.81581599 -2.04794097 -0.33359799 2426.000000 18.000000 1798.000000 0.000000
-0.82539898 -2.03559089 -0.33225200 2686.000000 22.000000 2022.000000 0.000000
-0.83523798 -2.02411103 -0.33107400 2587.000000 20.000000 2164.000000 0.000000
-0.84993500 -2.02440000 -0.33208400 631.000000 3.000000 2499.000000 0.000000
-0.77807498 -2.07222605 -0.38843200 1519.000000 15.000000 3256.000000 0.000000
-0.78972900 -2.06466103 -0.38785699 2142.000000 23.000000 3051.000000 0.000000
-0.80131799 -2.05703092 -0.38728300 1895.000000 20.000000 2524.000000 0.000000
-0.81176299 -2.04659700 -0.38613400 1831.000000 19.000000 2754.000000 0.000000
-0.81918401 -2.02882695 -0.38345301 2416.000000 28.000000 2991.000000 0.000000
-0.83013201 -2.02012801 -0.38268700 2417.000000 28.000000 3146.000000 0.000000
-0.84326500 -2.01680899 -0.38306999 1888.000000 20.000000 3296.000000 0.000000
-0.85485899 -2.00978899 -0.38268700 407.000000 3.000000 3058.000000 0.000000
-0.78662199 -2.08439112 -0.44809800 2889.000000 25.000000 2977.000000 0.000000
-0.80150300 -2.08499193 -0.44939300 3517.000000 36.000000 2466.000000 0.000000
-0.80536902 -2.05730891 -0.44399899 2474.000000 19.000000 1838.000000 0.000000
-0.80711502 -2.02512288 -0.43752599 2006.000000 14.000000 1883.000000 0.000000
-0.81768799 -2.01560998 -0.43644801 2296.000000 17.000000 1846.000000 0.000000
-0.83190602 -2.01506591 -0.43752599 2017.000000 14.000000 2180.000000 0.000000
-0.84425402 -2.00992393 -0.43752599 1897.000000 13.000000 2914.000000 0.000000
-0.78728098 -2.06680489 -0.49885899 2142.000000 24.000000 4204.000000 0.000000
-0.80554098 -2.07643104 -0.50267798 2988.000000 40.000000 3663.000000 0.000000
-0.81045300 -2.05156589 -0.49742699 2430.000000 28.000000 3076.000000 0.000000
-0.81941903 -2.03753805 -0.49504000 2024.000000 22.000000 2892.000000 0.000000
-0.83007503 -2.02797508 -0.49384600 2392.000000 28.000000 3217.000000 0.000000
-0.83804202 -2.01207805 -0.49098200 2208.000000 25.000000 3023.000000 0.000000
-0.85037202 -2.00689793 -0.49098200 1589.000000 16.000000 3316.000000 0.000000
-0.85348397 -1.98022199 -0.48525301 876.000000 8.000000 4882.000000 0.000000
-0.78451103 -2.07772303 -0.55990702 1245.000000 7.000000 3439.000000 0.000000
-0.79897898 -2.07737207 -0.56122297 3411.000000 38.000000 2863.000000 0.000000
-0.81065398 -2.06973600 -0.56043398 3330.000000 36.000000 2412.000000 0.000000
-0.80866402 -2.02798891 -0.54964900 2394.000000 18.000000 2097.000000 0.000000
-0.81854898 -2.01673198 -0.54780799 2498.000000 19.000000 2256.000000 0.000000
-0.82795697 -2.00453997 -0.54570401 2429.000000 18.000000 2161.000000 0.000000
-0.84510702 -2.01098204 -0.54912299 2266.000000 17.000000 2569.000000 0.000000
-0.87262100 -2.04123402 -0.55964398 1987.000000 14.000000 2528.000000 0.000000
-0.89784199 -2.06503201 -0.56832498 1285.000000 9.000000 3507.000000 0.000000
-0.79949999 -2.07034302 -0.61542702 1715.000000 20.000000 3979.000000 0.000000
-0.81428301 -2.07075310 -0.61714101 3073.000000 48.000000 3695.000000 0.000000
-0.82271898 -2.05503392 -0.61371303 2576.000000 36.000000 3056.000000 0.000000
-0.82163203 -2.01619792 -0.60285699 2001.000000 21.000000 2757.000000 0.000000
-0.83325702 -2.00934696 -0.60228503 2006.000000 22.000000 2955.000000 0.000000
-0.84408700 -2.00066209 -0.60114199 1647.000000 17.000000 2987.000000 0.000000
-0.87102300 -2.02981806 -0.61228400 855.000000 8.000000 3638.000000 0.000000
-0.80811602 -2.09569907 -0.68495202 787.000000 5.000000 3972.000000 0.000000
-0.80808198 -2.05796289 -0.67348701 2874.000000 28.000000 2525.000000 0.000000
-0.82246101 -2.05737901 -0.67503601 3096.000000 32.000000 2316.000000 0.000000
-0.81963801 -2.01443505 -0.66171300 2275.000000 17.000000 2343.000000 0.000000
-0.83380401 -2.01375890 -0.66326201 2103.000000 15.000000 2075.000000 0.000000
-0.84096998 -1.99634099 -0.65892398 1623.000000 10.000000 2012.000000 0.000000
-0.85882801 -2.00424910 -0.66357201 931.000000 5.000000 3999.000000 0.000000
-0.81972700 -2.09639311 -0.74461401 690.000000 7.000000 3919.000000 0.000000
-0.81798798 -2.05448890 -0.73066998 2328.000000 31.000000 3281.000000 0.000000
-0.82423002 -2.03368402 -0.72469401 2055.000000 25.000000 2827.000000 0.000000
-0.82953203 -2.01113510 -0.71805501 1602.000000 18.000000 2595.000000 0.000000
-0.84040302 -2.00252509 -0.71672702 1706.000000 20.000000 2711.000000 0.000000
-0.85193700 -1.99559402 -0.71606302 1098.000000 10.000000 2675.000000 0.000000
-0.86790597 -1.99898899 -0.71938300 429.000000 4.000000 3926.000000 0.000000
-0.82378602 -2.09682488 -0.80996001 785.000000 5.000000 3129.000000 0.000000
-0.82377702 -2.05963707 -0.79678500 2714.000000 25.000000 2571.000000 0.000000
-0.82228500 -2.01993203 -0.78254098 1924.000000 15.000000 2113.000000 0.000000
-0.82248598 -1.98550403 -0.77043402 2085.000000 15.000000 2061.000000 0.000000
-0.84046799 -1.99419403 -0.77613199 1671.000000 12.000000 1995.000000 0.000000
-0.85047603 -1.98384702 -0.77399498 1211.000000 8.000000 2551.000000 0.000000
-0.82513797 -2.01426411 -0.83873200 1210.000000 13.000000 2282.000000 0.000000
-0.83606303 -2.00574207 -0.83722198 1195.000000 13.000000 2187.000000 0.000000
-0.84655499 -1.99630797 -0.83533299 1333.000000 14.000000 2168.000000 0.000000
-0.85732800 -1.98767197 -0.83382201 1173.000000 12.000000 2622.000000 0.000000
-0.92209101 -2.10288501 -0.88745302 488.000000 4.000000 2908.000000 0.000000
-0.97942901 -1.99562597 -0.85761601 126.000000 1.000000 1823.000000 0.000000
-0.82862097 -2.14438105 -0.95859402 220.000000 1.000000 1573.000000 0.000000
-0.79374301 -2.01742911 -0.90113902 193.000000 1.000000 1415.000000 0.000000
-0.81667900 -2.03886604 -0.91359401 730.000000 4.000000 1669.000000 0.000000
-0.82709599 -2.02872992 -0.91118300 1357.000000 9.000000 1768.000000 0.000000
-0.83249998 -2.00670505 -0.90314800 1525.000000 11.000000 1903.000000 0.000000
-0.83837801 -1.98637700 -0.89591497 1893.000000 15.000000 2098.000000 0.000000
-0.85272098 -1.98624301 -0.89832598 1364.000000 10.000000 2063.000000 0.000000
-0.88617498 -2.02963495 -0.92163002 1099.000000 7.000000 2015.000000 0.000000
-0.82236397 -2.05870295 -0.98398900 1238.000000 13.000000 1863.000000 0.000000
-0.82954502 -2.04017711 -0.97722203 1459.000000 16.000000 1825.000000 0.000000
-0.83583999 -2.01996493 -0.96960902 1231.000000 13.000000 2062.000000 0.000000
-0.84296900 -2.00226092 -0.96326500 1339.000000 15.000000 2140.000000 0.000000
-0.85772502 -2.00288701 -0.96622598 1077.000000 11.000000 1994.000000 0.000000
-0.86999798 -1.99758601 -0.96622598 729.000000 7.000000 2267.000000 0.000000
-1.78865898 -2.08253598 -0.35643700 1007.000000 14.000000 3199.000000 0.000000
-1.81307304 -2.08498001 -0.35902300 1835.000000 29.000000 2834.000000 0.000000
-1.82779098 -2.07604694 -0.35945401 1750.000000 28.000000 2996.000000 0.000000
-1.84509695 -2.06996989 -0.36046001 1732.000000 27.000000 2842.000000 0.000000
-1.86570704 -2.06743789 -0.36218399 1901.000000 31.000000 3073.000000 0.000000
-1.88368905 -2.06180406 -0.36333299 998.000000 14.000000 3211.000000 0.000000
-1.79846501 -2.11616898 -0.43139100 801.000000 7.000000 3643.000000 0.000000
-1.79597604 -2.08716893 -0.42735100 2055.000000 21.000000 2309.000000 0.000000
-1.80745304 -2.07462311 -0.42701501 2370.000000 27.000000 2258.000000 0.000000
-1.82275903 -2.06645012 -0.42768800 2169.000000 23.000000 2559.000000 0.000000
-1.86759400 -2.09123802 -0.43593499 2533.000000 29.000000 2306.000000 0.000000
-1.88502002 -2.08485508 -0.43711400 2784.000000 34.000000 2572.000000 0.000000
-1.89577901 -2.07106900 -0.43660900 1989.000000 21.000000 2979.000000 0.000000
-1.92521000 -2.07746506 -0.44081700 532.000000 4.000000 3697.000000 0.000000
-1.80195200 -2.10247302 -0.49681801 964.000000 13.000000 3234.000000 0.000000
-1.80197406 -2.07653189 -0.49298799 1564.000000 24.000000 2662.000000 0.000000
-1.81597495 -2.06691289 -0.49337101 1595.000000 24.000000 2865.000000 0.000000
-1.83904397 -2.06748009 -0.49643499 1139.000000 16.000000 3627.000000 0.000000
-1.88120496 -2.08901906 -0.50505197 1370.000000 20.000000 3255.000000 0.000000
-1.88738501 -2.07017398 -0.50313699 2195.000000 38.000000 3292.000000 0.000000
-1.89938700 -2.05783200 -0.50294602 1586.000000 24.000000 3797.000000 0.000000
-1.90997100 -2.04398489 -0.50237101 524.000000 7.000000 4764.000000 0.000000
-1.80482197 -2.12289906 -0.57151198 976.000000 8.000000 3261.000000 0.000000
-1.79423106 -2.08441401 -0.56352901 2084.000000 22.000000 2230.000000 0.000000
-1.81019700 -2.07704496 -0.56460798 2164.000000 23.000000 2169.000000 0.000000
-1.82613897 -2.06955791 -0.56568700 1757.000000 17.000000 2825.000000 0.000000
-1.86614001 -2.08888507 -0.57474798 1604.000000 15.000000 3044.000000 0.000000
-1.88678598 -2.08608198 -0.57733703 2883.000000 40.000000 2753.000000 0.000000
-1.89625204 -2.07086611 -0.57625902 2370.000000 27.000000 3144.000000 0.000000
-1.92220604 -2.07350802 -0.58057398 450.000000 4.000000 3668.000000 0.000000
-1.80034697 -2.10649204 -0.63635200 956.000000 13.000000 3345.000000 0.000000
-1.79928195 -2.07923102 -0.63110000 1479.000000 22.000000 2668.000000 0.000000
-1.81775606 -2.07473302 -0.63324898 1487.000000 22.000000 2668.000000 0.000000
-1.83752894 -2.07154202 -0.63587397 1339.000000 20.000000 3207.000000 0.000000
-1.86380899 -2.07541990 -0.64088702 1604.000000 25.000000 3313.000000 0.000000
-1.88890100 -2.07761502 -0.64542300 2362.000000 46.000000 3592.000000 0.000000
-1.90424001 -2.06884694 -0.64637703 1486.000000 24.000000 4682.000000 0.000000
-1.79571295 -2.11145592 -0.71009803 1132.000000 10.000000 3007.000000 0.000000
-1.79036796 -2.07920504 -0.70247000 2039.000000 21.000000 2171.000000 0.000000
-1.80499601 -2.07036090 -0.70325899 1966.000000 20.000000 1977.000000 0.000000
-1.82021999 -2.06213903 -0.70431203 1892.000000 19.000000 2342.000000 0.000000
-1.86886001 -2.09119892 -0.71904099 2763.000000 37.000000 2547.000000 0.000000
-1.88295102 -2.08112311 -0.71956700 2732.000000 36.000000 2803.000000 0.000000
-1.90285802 -2.07735300 -0.72246099 1192.000000 12.000000 3470.000000 0.000000
-1.81837201 -2.13436890 -0.78969699 694.000000 10.000000 3252.000000 0.000000
-1.79581404 -2.08175802 -0.77341300 1630.000000 25.000000 2719.000000 0.000000
-1.80918300 -2.07142305 -0.77369797 1629.000000 25.000000 2623.000000 0.000000
-1.82566202 -2.06459594 -0.77541202 1583.000000 24.000000 2928.000000 0.000000
-1.87020397 -2.08910108 -0.78969699 2073.000000 38.000000 2925.000000 0.000000
-1.88106000 -2.07545400 -0.78884000 1683.000000 29.000000 3575.000000 0.000000
-1.86240900 -2.21332693 -0.89564699 1175.000000 11.000000 2647.000000 0.000000
-1.79513502 -2.10708594 -0.85505700 1759.000000 19.000000 2449.000000 0.000000
-1.78814602 -2.07300401 -0.84514201 1891.000000 21.000000 2028.000000 0.000000
-1.80709004 -2.06915092 -0.84824097 2027.000000 23.000000 2045.000000 0.000000
-1.82479298 -2.06371903 -0.85071999 2036.000000 23.000000 2596.000000 0.000000
-1.86724401 -2.08576393 -0.86528200 1708.000000 18.000000 3246.000000 0.000000
-1.83126998 -2.18494701 -0.95576400 1312.000000 21.000000 2433.000000 0.000000
-1.83489299 -2.16214800 -0.95045203 1276.000000 20.000000 2396.000000 0.000000
-1.79534602 -2.08924389 -0.92189997 1554.000000 26.000000 2719.000000 0.000000
-1.80813098 -2.07818890 -0.92189997 1597.000000 27.000000 2431.000000 0.000000
-1.81960404 -2.06563807 -0.92123598 1452.000000 24.000000 2639.000000 0.000000
-1.85668898 -2.08192611 -0.93418401 1208.000000 19.000000 2406.000000 0.000000
-1.80375302 -2.06461406 -0.99619299 1761.000000 19.000000 1866.000000 0.000000
-1.74006701 1.82534599 -0.08164900 1137.000000 14.000000 4729.000000 0.000000
-1.71511698 1.82146502 -0.08068900 1941.000000 27.000000 4078.000000 0.000000
-1.68346596 1.81004500 -0.07925000 2390.000000 31.000000 3769.000000 0.000000
-1.69602001 1.84604800 -0.08092900 2166.000000 31.000000 3921.000000 0.000000
-1.70012605 1.87340903 -0.08203300 1977.000000 27.000000 3429.000000 0.000000
-1.69728005 1.89346099 -0.08265600 2245.000000 33.000000 3046.000000 0.000000
-1.68894696 1.90757406 -0.08289600 2018.000000 28.000000 3223.000000 0.000000
-1.68577302 1.92766297 -0.08352000 1381.000000 17.000000 3417.000000 0.000000
-1.69418895 1.96137297 -0.08500700 329.000000 3.000000 5542.000000 0.000000
-1.75084805 1.83371103 -0.14424001 1875.000000 16.000000 2936.000000 0.000000
-1.72793698 1.83207905 -0.14300600 1597.000000 13.000000 2331.000000 0.000000
-1.69660294 1.86652696 -0.14329600 2537.000000 25.000000 2901.000000 0.000000
-1.71641695 1.91179895 -0.14670600 3254.000000 39.000000 2779.000000 0.000000
-1.70399296 1.92154801 -0.14663300 2786.000000 29.000000 2856.000000 0.000000
-1.69808102 1.93872297 -0.14728600 1986.000000 18.000000 3170.000000 0.000000
-1.74978900 1.83298099 -0.20366700 960.000000 11.000000 4158.000000 0.000000
-1.72346199 1.82777297 -0.20155500 1873.000000 26.000000 4257.000000 0.000000
-1.70745695 1.83322299 -0.20088200 2387.000000 36.000000 3867.000000 0.000000
-1.69550204 1.84293401 -0.20078599 2301.000000 34.000000 3898.000000 0.000000
-1.63412797 1.82069802 -0.19521700 1498.000000 16.000000 3683.000000 0.000000
-1.65070796 1.86192906 -0.19925000 1864.000000 25.000000 3501.000000 0.000000
-1.72983003 1.83472300 -0.26500100 2562.000000 26.000000 3715.000000 0.000000
-1.72192001 1.84893596 -0.26560399 3401.000000 43.000000 3310.000000 0.000000
-1.71188700 1.86092901 -0.26584601 3278.000000 40.000000 3231.000000 0.000000
-1.71978498 1.89271402 -0.26934499 2810.000000 30.000000 2952.000000 0.000000
-1.70548797 1.90027404 -0.26886201 3155.000000 37.000000 2668.000000 0.000000
-1.70630097 1.92482305 -0.27115500 2827.000000 30.000000 2541.000000 0.000000
-1.70687497 1.94945395 -0.27344701 1312.000000 10.000000 4298.000000 0.000000
-1.73389804 1.83626902 -0.32454300 1337.000000 17.000000 3586.000000 0.000000
-1.71380901 1.83747900 -0.32267600 2107.000000 30.000000 3545.000000 0.000000
-1.70518899 1.85086799 -0.32325000 2353.000000 35.000000 3521.000000 0.000000
-1.69980502 1.86787403 -0.32454300 2140.000000 31.000000 3643.000000 0.000000
-1.68963695 1.87973797 -0.32483101 1494.000000 19.000000 3440.000000 0.000000
-1.69650102 1.91076303 -0.32885301 2030.000000 28.000000 2959.000000 0.000000
-1.70304596 1.94194198 -0.33287600 1248.000000 15.000000 4150.000000 0.000000
-1.74013901 1.84566796 -0.39032099 2077.000000 19.000000 3207.000000 0.000000
-1.71938097 1.84620702 -0.38796499 3187.000000 38.000000 3657.000000 0.000000
-1.70535302 1.85381901 -0.38729200 3334.000000 41.000000 3162.000000 0.000000
-1.71183395 1.88395500 -0.39183599 2794.000000 30.000000 2880.000000 0.000000
-1.70419002 1.89882600 -0.39284599 2852.000000 31.000000 2382.000000 0.000000
-1.70623100 1.92474496 -0.39638099 3137.000000 37.000000 2452.000000 0.000000
-1.70542097 1.94779098 -0.39924201 1591.000000 13.000000 3685.000000 0.000000
-1.72841799 1.82669497 -0.44722101 1249.000000 15.000000 3826.000000 0.000000
-1.71583402 1.83583295 -0.44683799 2182.000000 32.000000 3804.000000 0.000000
-1.70787203 1.84992802 -0.44779500 2301.000000 34.000000 3398.000000 0.000000
-1.69913900 1.86326897 -0.44856101 2041.000000 29.000000 3270.000000 0.000000
-1.71794295 1.90715897 -0.45737001 1707.000000 23.000000 2707.000000 0.000000
-1.70751595 1.91912901 -0.45775300 2086.000000 30.000000 2783.000000 0.000000
-1.70349598 1.93840504 -0.46005100 1616.000000 21.000000 3098.000000 0.000000
-1.67803597 1.93327606 -0.45602900 408.000000 4.000000 4308.000000 0.000000
-1.73008704 1.81319797 -0.50958902 1640.000000 14.000000 3707.000000 0.000000
-1.72562206 1.83088899 -0.51174700 2746.000000 29.000000 3329.000000 0.000000
-1.71369100 1.84072697 -0.51153100 3222.000000 39.000000 3098.000000 0.000000
-1.71029103 1.85983706 -0.51411998 2694.000000 28.000000 2681.000000 0.000000
-1.71525002 1.88837397 -0.51951402 2334.000000 22.000000 2432.000000 0.000000
-1.72644103 1.92431295 -0.52706599 2962.000000 33.000000 2257.000000 0.000000
-1.71589601 1.93633199 -0.52749699 3022.000000 34.000000 2469.000000 0.000000
-1.70526803 1.94829500 -0.52792901 1714.000000 14.000000 3416.000000 0.000000
-1.72717202 1.79815698 -0.56808299 1111.000000 13.000000 2473.000000 0.000000
-1.72414005 1.81716096 -0.57094699 1523.000000 19.000000 2477.000000 0.000000
-1.71428800 1.82912099 -0.57142502 1517.000000 19.000000 2431.000000 0.000000
-1.71096301 1.84814405 -0.57428902 1619.000000 21.000000 2855.000000 0.000000
-1.70156002 1.86075497 -0.57500499 1565.000000 20.000000 3421.000000 0.000000
-1.72140896 1.90570199 -0.58646297 1701.000000 23.000000 2788.000000 0.000000
-1.72004497 1.92780602 -0.59028202 2369.000000 36.000000 2968.000000 0.000000
-1.70754099 1.93759596 -0.59004301 2109.000000 30.000000 2990.000000 0.000000
-1.70583904 1.95974100 -0.59386301 808.000000 9.000000 4024.000000 0.000000
-1.73304296 1.79473603 -0.63460797 1307.000000 10.000000 2444.000000 0.000000
-1.72865403 1.81232095 -0.63723898 1950.000000 17.000000 1981.000000 0.000000
-1.71948504 1.82500196 -0.63802803 2000.000000 18.000000 1865.000000 0.000000
-1.71088195 1.83834398 -0.63907999 2084.000000 19.000000 1880.000000 0.000000
-1.70740104 1.85733497 -0.64223599 2046.000000 18.000000 2348.000000 0.000000
-1.71152902 1.88492703 -0.64854902 1995.000000 18.000000 2321.000000 0.000000
-1.73212099 1.93132102 -0.66170102 3223.000000 45.000000 2486.000000 0.000000
-1.72087705 1.94263601 -0.66196400 3152.000000 43.000000 2550.000000 0.000000
-1.71082902 1.95533705 -0.66275299 1931.000000 20.000000 3057.000000 0.000000
-1.80052698 1.82322598 -0.71770298 691.000000 8.000000 3036.000000 0.000000
-1.75579298 1.79999197 -0.70341903 1563.000000 20.000000 3938.000000 0.000000
-1.74071896 1.80659795 -0.70170498 1792.000000 24.000000 3732.000000 0.000000
-1.72430694 1.81169999 -0.69941902 1407.000000 18.000000 2571.000000 0.000000
-1.71118498 1.82015395 -0.69856203 1325.000000 16.000000 2183.000000 0.000000
-1.70717096 1.83833301 -0.70170498 1521.000000 20.000000 2260.000000 0.000000
-1.73414600 1.89037800 -0.71855998 881.000000 10.000000 2885.000000 0.000000
-1.73089397 1.91020203 -0.72227401 1755.000000 28.000000 3043.000000 0.000000
-1.73322499 1.93647397 -0.72855902 2565.000000 48.000000 2935.000000 0.000000
-1.72258198 1.94850695 -0.72913098 2560.000000 48.000000 2998.000000 0.000000
-1.71122599 1.95976102 -0.72941703 1778.000000 28.000000 2713.000000 0.000000
-1.71421599 1.98761797 -0.73627299 271.000000 3.000000 1829.000000 0.000000
-1.70696902 2.00392699 -0.73855901 63.000000 1.000000 1848.000000 0.000000
-1.69155002 2.01070094 -0.73712999 67.000000 1.000000 1969.000000 0.000000
-1.77366304 1.79537594 -0.77542698 1442.000000 12.000000 2670.000000 0.000000
-1.75863099 1.80214000 -0.77356797 2669.000000 28.000000 3887.000000 0.000000
-1.74556196 1.81084204 -0.77263802 2803.000000 30.000000 3061.000000 0.000000
-1.73572898 1.82289600 -0.77325797 2872.000000 32.000000 2802.000000 0.000000
-1.71995401 1.82866204 -0.77108902 2138.000000 20.000000 2442.000000 0.000000
-1.74427295 1.87751102 -0.78813100 1358.000000 13.000000 2330.000000 0.000000
-1.80146599 1.96317005 -0.82128400 1105.000000 10.000000 2453.000000 0.000000
-1.73960900 1.91921306 -0.79711598 2823.000000 36.000000 2419.000000 0.000000
-1.73223698 1.93481195 -0.79928499 3033.000000 40.000000 2253.000000 0.000000
-1.72096205 1.94611704 -0.79959500 3126.000000 43.000000 2471.000000 0.000000
-1.72461605 1.97455001 -0.80734098 2370.000000 27.000000 2422.000000 0.000000
-1.76926601 1.78488803 -0.83690900 1216.000000 15.000000 2169.000000 0.000000
-1.74836600 1.78561604 -0.83192903 1163.000000 14.000000 2261.000000 0.000000
-1.73080802 1.78954101 -0.82860899 1197.000000 15.000000 2096.000000 0.000000
-1.72305799 1.80353200 -0.83026898 1346.000000 17.000000 2264.000000 0.000000
-1.71260798 1.81475496 -0.83060098 1167.000000 14.000000 2150.000000 0.000000
-1.70272899 1.82660794 -0.83126497 855.000000 10.000000 2010.000000 0.000000
-1.69341004 1.83910000 -0.83226103 888.000000 10.000000 2341.000000 0.000000
