2.72024298 2.23751998 -0.38662300 1484.000000 18.000000 4282.000000 0.000000
2.72621298 2.21453094 -0.38541600 2804.000000 46.000000 3840.000000 0.000000
2.67468596 2.14560890 -0.37528101 2095.000000 29.000000 4173.000000 0.000000
2.60529399 2.06384993 -0.36249200 1909.000000 24.000000 4467.000000 0.000000
2.67735004 2.09428501 -0.37166199 2326.000000 32.000000 4310.000000 0.000000
2.73258710 2.11056900 -0.37817699 2728.000000 44.000000 4464.000000 0.000000
2.74311709 2.09195805 -0.37781501 1447.000000 18.000000 4458.000000 0.000000
2.73541903 2.22809291 -0.47007599 1715.000000 34.000000 4505.000000 0.000000
2.72592497 2.19263291 -0.46576601 2129.000000 46.000000 3833.000000 0.000000
2.71377802 2.15552497 -0.46102500 1501.000000 29.000000 5048.000000 0.000000
2.70750308 2.12354207 -0.45743400 1678.000000 33.000000 5368.000000 0.000000
2.71657300 2.10385489 -0.45671499 1709.000000 34.000000 4079.000000 0.000000
2.71529293 2.07630992 -0.45412901 1528.000000 29.000000 4595.000000 0.000000
2.72491407 2.24135995 -0.55964899 1126.000000 13.000000 3340.000000 0.000000
2.73172808 2.21900702 -0.55813402 2611.000000 41.000000 3440.000000 0.000000
2.74452305 2.20158696 -0.55796498 2560.000000 39.000000 3045.000000 0.000000
2.72706294 2.16023397 -0.55123299 1866.000000 25.000000 3345.000000 0.000000
2.71852112 2.12646389 -0.54651999 2336.000000 34.000000 3698.000000 0.000000
2.73463893 2.11215305 -0.54719299 2470.000000 37.000000 3913.000000 0.000000
2.74284291 2.09174895 -0.54618299 1604.000000 20.000000 3946.000000 0.000000
2.72374296 2.22327805 -0.64254498 1232.000000 23.000000 4828.000000 0.000000
2.72817206 2.19912195 -0.64024699 2032.000000 43.000000 4306.000000 0.000000
2.71246004 2.15908003 -0.63296998 1658.000000 33.000000 5012.000000 0.000000
2.70252800 2.12417412 -0.62722498 1636.000000 32.000000 4393.000000 0.000000
2.70544004 2.09971690 -0.62473601 1418.000000 27.000000 3777.000000 0.000000
2.72372103 2.08726192 -0.62607598 1138.000000 21.000000 4885.000000 0.000000
2.77269912 2.07133007 -0.63182098 739.000000 13.000000 6290.000000 0.000000
2.71339798 2.23110795 -0.73203599 782.000000 9.000000 5423.000000 0.000000
2.72172999 2.21010995 -0.73052597 2245.000000 32.000000 3211.000000 0.000000
2.71695089 2.17871404 -0.72534698 1955.000000 27.000000 3703.000000 0.000000
2.69274712 2.13231397 -0.71477503 2295.000000 33.000000 3835.000000 0.000000
2.65961409 2.07968092 -0.70183003 2003.000000 27.000000 3331.000000 0.000000
2.73726606 2.11342406 -0.71995300 1784.000000 23.000000 3369.000000 0.000000
2.77037811 2.11197209 -0.72556299 422.000000 4.000000 4712.000000 0.000000
2.77782202 2.09082603 -0.72405303 799.000000 9.000000 4778.000000 0.000000
2.78903103 2.07257700 -0.72362101 580.000000 6.000000 6209.000000 0.000000
2.72214103 2.20048404 -0.81561798 1676.000000 33.000000 3734.000000 0.000000
2.72649193 2.17645907 -0.81275302 1722.000000 34.000000 4706.000000 0.000000
2.69483995 2.12416911 -0.79866999 1872.000000 38.000000 4833.000000 0.000000
2.69787002 2.09982800 -0.79556698 1793.000000 36.000000 4182.000000 0.000000
2.70147204 2.07612300 -0.79270202 1098.000000 20.000000 3223.000000 0.000000
2.71532512 2.20413303 -0.90789801 1990.000000 27.000000 2991.000000 0.000000
2.72428012 2.18381190 -0.90631998 1998.000000 27.000000 3752.000000 0.000000
2.69525290 2.13353801 -0.89159000 2245.000000 32.000000 4070.000000 0.000000
2.71285605 2.12052298 -0.89316797 2555.000000 40.000000 3433.000000 0.000000
2.66851807 2.05964804 -0.87344098 1711.000000 22.000000 2451.000000 0.000000
2.60050893 1.98186398 -0.84582198 829.000000 9.000000 2491.000000 0.000000
2.77724910 2.06308293 -0.89763999 1009.000000 12.000000 2935.000000 0.000000
2.83414102 1.99930704 -0.90000701 168.000000 1.000000 1832.000000 0.000000
2.72091103 2.23435402 -1.00339198 328.000000 5.000000 2704.000000 0.000000
2.72043991 2.20613289 -0.99796402 1299.000000 24.000000 3455.000000 0.000000
2.71225309 2.17200208 -0.98967898 1753.000000 35.000000 4683.000000 0.000000
2.71426392 2.14638901 -0.98539299 1692.000000 34.000000 5142.000000 0.000000
2.71530795 2.12024403 -0.98082203 2089.000000 45.000000 4343.000000 0.000000
2.72599196 2.10178494 -0.97996497 1726.000000 35.000000 3708.000000 0.000000
2.76321602 2.10362291 -0.98910701 811.000000 14.000000 3410.000000 0.000000
2.58352304 1.91683698 -0.91282898 598.000000 10.000000 3149.000000 0.000000
2.60605001 1.90889001 -0.91682798 752.000000 12.000000 3337.000000 0.000000
2.63892889 2.13838100 -1.05986595 1479.000000 18.000000 2369.000000 0.000000
2.64605904 2.11739898 -1.05738699 1588.000000 20.000000 2347.000000 0.000000
2.65153909 2.09523106 -1.05428898 1769.000000 23.000000 2641.000000 0.000000
2.62460399 2.04793906 -1.03786695 1558.000000 20.000000 2575.000000 0.000000
2.59568405 1.99989700 -1.02082598 1571.000000 19.000000 2647.000000 0.000000
2.61471891 1.98911095 -1.02361405 1622.000000 21.000000 2407.000000 0.000000
2.72041106 2.04322505 -1.06172502 1807.000000 24.000000 2411.000000 0.000000
2.61024189 1.86216402 -0.99789703 1671.000000 21.000000 2688.000000 0.000000
2.62861705 1.85103703 -1.00068605 1173.000000 13.000000 2591.000000 0.000000
0.81630403 2.16515803 -0.12813500 1606.000000 12.000000 4773.000000 0.000000
0.80681002 2.17845798 -0.18331100 2088.000000 26.000000 4930.000000 0.000000
0.83380598 2.20981002 -0.18705601 1647.000000 19.000000 4326.000000 0.000000
0.85552800 2.22603512 -0.18926400 434.000000 4.000000 5298.000000 0.000000
0.75549698 2.16211796 -0.23688801 1831.000000 14.000000 2954.000000 0.000000
0.77342099 2.17053103 -0.23857699 3374.000000 37.000000 3530.000000 0.000000
0.78706402 2.16667700 -0.23869801 3299.000000 35.000000 3814.000000 0.000000
0.80414099 2.17204499 -0.24002500 3092.000000 31.000000 3865.000000 0.000000
0.81745303 2.16706991 -0.24002500 2551.000000 22.000000 3331.000000 0.000000
0.83964902 2.18517494 -0.24304201 529.000000 3.000000 3991.000000 0.000000
0.86713701 2.17654991 -0.24328300 271.000000 1.000000 4368.000000 0.000000
0.86926901 2.14359689 -0.23966300 2372.000000 20.000000 4231.000000 0.000000
0.88581800 2.14648008 -0.24074900 2796.000000 26.000000 4534.000000 0.000000
0.89550900 2.13276911 -0.23966300 2249.000000 18.000000 4174.000000 0.000000
0.91209197 2.13544798 -0.24074900 2746.000000 25.000000 4526.000000 0.000000
0.92399001 2.12707996 -0.24038699 1482.000000 10.000000 4877.000000 0.000000
0.72919798 2.17601490 -0.29106900 986.000000 10.000000 5631.000000 0.000000
0.74062401 2.16587806 -0.29020700 2173.000000 27.000000 5677.000000 0.000000
0.76038700 2.17999196 -0.29308099 2504.000000 34.000000 5009.000000 0.000000
0.76978803 2.16408992 -0.29135701 2352.000000 31.000000 4089.000000 0.000000
0.78405899 2.16211891 -0.29178801 2241.000000 29.000000 4247.000000 0.000000
0.79935998 2.16283989 -0.29265001 1735.000000 20.000000 4327.000000 0.000000
0.82823998 2.19959807 -0.29911500 1498.000000 16.000000 3567.000000 0.000000
0.85124803 2.21943808 -0.30299401 286.000000 3.000000 6123.000000 0.000000
0.85497302 2.11159992 -0.28862700 342.000000 3.000000 5673.000000 0.000000
0.86190701 2.09166503 -0.28632799 1480.000000 14.000000 4911.000000 0.000000
0.87739199 2.09273005 -0.28733400 841.000000 7.000000 5709.000000 0.000000
0.89485598 2.09823799 -0.28905800 1653.000000 19.000000 5425.000000 0.000000
0.90104598 2.07726312 -0.28661600 1500.000000 15.000000 5291.000000 0.000000
0.91417199 2.07260108 -0.28675899 1468.000000 14.000000 5126.000000 0.000000
0.70520502 2.18929410 -0.34992501 1200.000000 8.000000 4636.000000 0.000000
0.72325301 2.19896889 -0.35245001 3200.000000 34.000000 5056.000000 0.000000
0.73673201 2.19448996 -0.35245001 3176.000000 33.000000 4870.000000 0.000000
0.74314398 2.16941595 -0.34874699 3597.000000 43.000000 5030.000000 0.000000
0.76002401 2.17505002 -0.35059899 3874.000000 52.000000 4554.000000 0.000000
0.77103502 2.16384697 -0.34942001 3590.000000 43.000000 4180.000000 0.000000
0.78328699 2.15629601 -0.34891501 2788.000000 26.000000 3749.000000 0.000000
0.81192702 2.19303894 -0.35648999 1995.000000 15.000000 2311.000000 0.000000
0.83477497 2.21291304 -0.36103401 1664.000000 12.000000 2776.000000 0.000000
0.86214697 2.24362707 -0.36759901 152.000000 1.000000 4942.000000 0.000000
0.86942297 2.07074094 -0.34066799 756.000000 4.000000 5221.000000 0.000000
0.88521397 2.07261801 -0.34201401 556.000000 3.000000 5288.000000 0.000000
0.72540098 2.17211699 -0.40336901 1907.000000 23.000000 5674.000000 0.000000
0.73682499 2.16204691 -0.40222001 2656.000000 37.000000 5602.000000 0.000000
0.74847299 2.15284705 -0.40126199 3054.000000 48.000000 5159.000000 0.000000
0.76362699 2.15376806 -0.40241101 2723.000000 39.000000 4568.000000 0.000000
0.79110700 2.18875694 -0.41064501 1492.000000 16.000000 2701.000000 0.000000
0.80350900 2.18109703 -0.41007099 1406.000000 15.000000 2457.000000 0.000000
0.82786500 2.20554900 -0.41619900 1572.000000 18.000000 3332.000000 0.000000
0.85778600 2.24354291 -0.42519900 289.000000 3.000000 6640.000000 0.000000
0.69900203 2.16879606 -0.45931801 1695.000000 12.000000 3491.000000 0.000000
0.71107399 2.16075706 -0.45845500 2298.000000 19.000000 2804.000000 0.000000
0.72431898 2.15635300 -0.45845500 2338.000000 20.000000 2832.000000 0.000000
0.73753601 2.15186810 -0.45845500 2261.000000 19.000000 2670.000000 0.000000
0.75685900 2.16481209 -0.46255401 2476.000000 21.000000 2906.000000 0.000000
0.76979899 2.15920806 -0.46233800 1846.000000 14.000000 2894.000000 0.000000
0.80474800 2.21408200 -0.47636300 2040.000000 16.000000 2596.000000 0.000000
0.82409298 2.22466612 -0.48003101 2595.000000 23.000000 2448.000000 0.000000
0.83462000 2.21134710 -0.47808900 1706.000000 13.000000 3104.000000 0.000000
0.87098098 2.26541305 -0.49211299 957.000000 6.000000 3278.000000 0.000000
0.72035998 2.16693497 -0.51652300 1532.000000 17.000000 3207.000000 0.000000
0.73146999 2.15603304 -0.51485199 2300.000000 30.000000 3135.000000 0.000000
0.74563301 2.15425897 -0.51556802 2381.000000 31.000000 3931.000000 0.000000
0.75915903 2.15055895 -0.51580697 2187.000000 28.000000 4200.000000 0.000000
0.78608602 2.18425989 -0.52583200 1798.000000 21.000000 3795.000000 0.000000
0.81278801 2.21588612 -0.53538102 1937.000000 23.000000 3021.000000 0.000000
0.82501501 2.20721698 -0.53442597 1800.000000 21.000000 3203.000000 0.000000
0.84748799 2.22572398 -0.54063201 301.000000 3.000000 4759.000000 0.000000
0.72751701 2.16462302 -0.57700402 2262.000000 19.000000 2898.000000 0.000000
0.74642801 2.17654204 -0.58173901 2889.000000 28.000000 3551.000000 0.000000
0.75721699 2.16463709 -0.57963502 2623.000000 24.000000 3107.000000 0.000000
0.77113402 2.16176701 -0.58016098 2682.000000 25.000000 4005.000000 0.000000
0.79693198 2.19144201 -0.59015602 2213.000000 18.000000 3291.000000 0.000000
0.81540102 2.20007801 -0.59410203 2178.000000 18.000000 2440.000000 0.000000
0.83707702 2.21669102 -0.60041398 764.000000 5.000000 4903.000000 0.000000
0.73638999 2.18180490 -0.64028198 1832.000000 22.000000 5158.000000 0.000000
0.74697000 2.16908598 -0.63771099 2663.000000 38.000000 4585.000000 0.000000
0.75994903 2.16355705 -0.63742501 2589.000000 36.000000 4455.000000 0.000000
0.77320999 2.15885305 -0.63742501 2542.000000 35.000000 4405.000000 0.000000
0.79200202 2.16938090 -0.64228201 1886.000000 23.000000 3976.000000 0.000000
0.82591999 2.22020411 -0.65999401 1575.000000 18.000000 3482.000000 0.000000
0.83006001 2.18998599 -0.65199500 510.000000 5.000000 6400.000000 0.000000
0.72894502 2.16269588 -0.69672602 1645.000000 12.000000 4741.000000 0.000000
0.74374998 2.16267705 -0.69827503 3015.000000 30.000000 4388.000000 0.000000
0.75637501 2.15627789 -0.69765502 3425.000000 39.000000 4314.000000 0.000000
0.77087498 2.15517712 -0.69889498 2960.000000 29.000000 3694.000000 0.000000
0.78604102 2.15576506 -0.70075399 2413.000000 21.000000 3541.000000 0.000000
0.80754602 2.17317700 -0.70850003 1854.000000 14.000000 3108.000000 0.000000
0.81479698 2.15217900 -0.70292300 567.000000 3.000000 5205.000000 0.000000
0.72512400 2.16182995 -0.75490600 1059.000000 11.000000 5538.000000 0.000000
0.73624802 2.15108895 -0.75258201 2186.000000 28.000000 4613.000000 0.000000
0.75345403 2.15811610 -0.75689799 2565.000000 36.000000 4339.000000 0.000000
0.76416397 2.14633799 -0.75424200 2404.000000 32.000000 4272.000000 0.000000
0.77828002 2.14427090 -0.75523800 2013.000000 25.000000 4190.000000 0.000000
0.80705500 2.18194795 -0.77117401 1533.000000 17.000000 3288.000000 0.000000
0.82142103 2.17960501 -0.77217001 591.000000 6.000000 5001.000000 0.000000
0.72948003 2.16304898 -0.82135499 1201.000000 8.000000 4661.000000 0.000000
0.73695099 2.14174795 -0.81458902 2628.000000 24.000000 4426.000000 0.000000
0.75131899 2.14071202 -0.81601298 3412.000000 39.000000 4473.000000 0.000000
0.76317900 2.13254309 -0.81458902 2891.000000 28.000000 3944.000000 0.000000
0.77689099 2.12957501 -0.81530100 2552.000000 23.000000 3819.000000 0.000000
0.79679197 2.14315796 -0.82277900 1500.000000 11.000000 3161.000000 0.000000
0.68306702 2.23484993 -0.90407097 600.000000 7.000000 3695.000000 0.000000
0.69429600 2.22265792 -0.90067202 964.000000 11.000000 3611.000000 0.000000
0.72997802 2.14967895 -0.87687802 1261.000000 14.000000 4980.000000 0.000000
0.73833001 2.13115191 -0.87083501 2119.000000 27.000000 4413.000000 0.000000
0.74985802 2.12221408 -0.86894703 2622.000000 37.000000 4422.000000 0.000000
0.76473898 2.12280297 -0.87121302 2214.000000 29.000000 4097.000000 0.000000
0.78060800 2.12589788 -0.87461197 1862.000000 22.000000 3763.000000 0.000000
0.80106503 2.14102793 -0.88329798 721.000000 7.000000 3920.000000 0.000000
0.70639300 2.22518992 -0.97426403 1082.000000 8.000000 2943.000000 0.000000
0.71805298 2.21471691 -0.97145200 1159.000000 9.000000 2778.000000 0.000000
0.73020297 2.16150188 -0.95095998 935.000000 6.000000 4235.000000 0.000000
0.73299003 2.12668610 -0.93689799 1844.000000 14.000000 4360.000000 0.000000
0.74298298 2.11351109 -0.93287998 2503.000000 22.000000 4178.000000 0.000000
0.75562799 2.10805106 -0.93247801 2399.000000 21.000000 3866.000000 0.000000
0.77075201 2.10939407 -0.93529099 1989.000000 16.000000 3359.000000 0.000000
0.79008198 2.12178397 -0.94332600 1394.000000 10.000000 2863.000000 0.000000
0.74566799 2.26111102 -1.06053996 870.000000 10.000000 2311.000000 0.000000
0.73470598 2.13859391 -1.00471306 1273.000000 16.000000 3946.000000 0.000000
0.74513203 2.12634397 -1.00090599 1620.000000 19.000000 3328.000000 0.000000
0.75786102 2.12087798 -1.00048304 1920.000000 24.000000 3219.000000 0.000000
0.77271199 2.12129998 -1.00302100 1945.000000 24.000000 3284.000000 0.000000
0.78571302 2.11651897 -1.00302100 1163.000000 12.000000 2360.000000 0.000000
0.68862098 2.11790800 -1.06010604 1674.000000 13.000000 3978.000000 0.000000
0.70132101 2.11279392 -1.05965900 1802.000000 14.000000 3670.000000 0.000000
0.71312100 2.10506201 -1.05787206 2114.000000 18.000000 4619.000000 0.000000
0.72573203 2.09980202 -1.05742598 2244.000000 19.000000 4939.000000 0.000000
0.73562199 2.08687305 -1.05295897 2445.000000 22.000000 4911.000000 0.000000
0.74811000 2.08147812 -1.05251205 2535.000000 23.000000 4576.000000 0.000000
0.76487601 2.08776689 -1.05831897 1914.000000 15.000000 3125.000000 0.000000
0.77735800 2.08219600 -1.05787206 1854.000000 15.000000 2470.000000 0.000000
-1.21010995 2.10050702 -0.49146599 2147.000000 17.000000 3474.000000 0.000000
-1.19719803 2.10789299 -0.49146599 2943.000000 29.000000 3545.000000 0.000000
-1.18519497 2.11690307 -0.49189699 3365.000000 37.000000 3841.000000 0.000000
-1.17077005 2.12157011 -0.49125001 2867.000000 27.000000 3405.000000 0.000000
-1.18615901 2.18105507 -0.50441098 2214.000000 21.000000 3130.000000 0.000000
-1.18657804 2.21411800 -0.51088399 2487.000000 25.000000 2548.000000 0.000000
-1.18709004 2.24813199 -0.51757300 1657.000000 14.000000 2477.000000 0.000000
-1.22681606 2.11350489 -0.55590898 2058.000000 29.000000 4467.000000 0.000000
-1.20995498 2.11425591 -0.55399901 2635.000000 43.000000 4177.000000 0.000000
-1.19983006 2.12670994 -0.55543202 2242.000000 33.000000 3487.000000 0.000000
-1.20001197 2.15777397 -0.56211501 1789.000000 24.000000 3423.000000 0.000000
-1.20968795 2.20678592 -0.57381201 1589.000000 21.000000 2813.000000 0.000000
-1.19288504 2.20819092 -0.57214099 1876.000000 26.000000 2791.000000 0.000000
-1.18938100 2.23431206 -0.57739198 1654.000000 22.000000 3304.000000 0.000000
-1.17745900 2.24500489 -0.57834703 426.000000 5.000000 6189.000000 0.000000
-1.21858299 1.97338295 -0.58673698 625.000000 4.000000 4128.000000 0.000000
-1.25609004 2.06242609 -0.61277699 404.000000 3.000000 4446.000000 0.000000
-1.22617900 2.09936404 -0.61724800 2233.000000 21.000000 4189.000000 0.000000
-1.21183097 2.10433888 -0.61645901 2921.000000 32.000000 3574.000000 0.000000
-1.20413101 2.12096691 -0.61935300 3090.000000 36.000000 3412.000000 0.000000
-1.20380294 2.15105391 -0.62645400 2226.000000 21.000000 3121.000000 0.000000
-1.22177303 2.21501708 -0.64407700 2074.000000 19.000000 2555.000000 0.000000
-1.20125401 2.20975399 -0.64013201 2226.000000 21.000000 2308.000000 0.000000
-1.19131303 2.22388911 -0.64223599 2232.000000 21.000000 2628.000000 0.000000
-1.18799305 2.25078607 -0.64828598 724.000000 5.000000 5020.000000 0.000000
-1.22426999 2.01563311 -0.65685201 446.000000 4.000000 4309.000000 0.000000
-1.22517705 2.10318089 -0.67942101 2034.000000 29.000000 4380.000000 0.000000
-1.21272802 2.11148906 -0.67970699 2732.000000 45.000000 3925.000000 0.000000
-1.19832802 2.11639094 -0.67885000 2541.000000 40.000000 3793.000000 0.000000
-1.20921004 2.16634202 -0.69341999 1708.000000 23.000000 3440.000000 0.000000
-1.20516098 2.19049907 -0.69913399 1678.000000 22.000000 2651.000000 0.000000
-1.19719505 2.20795298 -0.70256197 1778.000000 24.000000 2811.000000 0.000000
-1.20310295 2.25157094 -0.71484601 1534.000000 20.000000 3536.000000 0.000000
-1.22152495 2.00950599 -0.71934497 671.000000 4.000000 3678.000000 0.000000
-1.22674406 2.07510591 -0.73855501 773.000000 6.000000 5347.000000 0.000000
-1.21972799 2.09245396 -0.74227297 2495.000000 25.000000 3852.000000 0.000000
-1.21112597 2.10732102 -0.74506199 3325.000000 42.000000 3715.000000 0.000000
-1.19957805 2.11719489 -0.74599099 2952.000000 33.000000 3441.000000 0.000000
-1.20879602 2.16437197 -0.76086402 1996.000000 18.000000 3057.000000 0.000000
-1.21518898 2.20757508 -0.77418703 2257.000000 21.000000 2459.000000 0.000000
-1.20207405 2.21582603 -0.77449697 2369.000000 23.000000 2515.000000 0.000000
-1.19114196 2.22819209 -0.77635598 1620.000000 14.000000 3699.000000 0.000000
-1.22410297 2.03468800 -0.78810602 468.000000 5.000000 3270.000000 0.000000
-1.23476505 2.08106208 -0.80404198 889.000000 10.000000 3922.000000 0.000000
-1.22531605 2.09429193 -0.80636603 1769.000000 24.000000 3975.000000 0.000000
-1.21102500 2.09932208 -0.80536997 2432.000000 38.000000 3693.000000 0.000000
-1.19718504 2.10507488 -0.80470598 2298.000000 35.000000 3402.000000 0.000000
-1.21015501 2.15841508 -0.82329702 1574.000000 21.000000 3299.000000 0.000000
-1.20604098 2.18229699 -0.82993698 1570.000000 20.000000 2656.000000 0.000000
-1.20756197 2.21696806 -0.84089297 1711.000000 23.000000 2566.000000 0.000000
-1.19706798 2.23014808 -0.84321702 1195.000000 15.000000 3198.000000 0.000000
-1.21231103 2.02299809 -0.85019797 1042.000000 8.000000 2750.000000 0.000000
-1.22694695 2.07626891 -0.87049401 2219.000000 21.000000 3972.000000 0.000000
-1.21935403 2.09264302 -0.87441099 2802.000000 31.000000 3639.000000 0.000000
-1.20788598 2.10251689 -0.87548000 2919.000000 33.000000 3262.000000 0.000000
-1.20186400 2.12208891 -0.88082099 2282.000000 22.000000 3189.000000 0.000000
-1.20656705 2.16125393 -0.89470798 2011.000000 18.000000 2577.000000 0.000000
-1.20048404 2.18172002 -0.90040600 2238.000000 21.000000 2260.000000 0.000000
-1.19864500 2.21040797 -0.90966398 2082.000000 22.000000 2392.000000 0.000000
-1.23620701 2.07208991 -0.93504000 1224.000000 15.000000 3301.000000 0.000000
-1.22535300 2.08282495 -0.93655097 2118.000000 31.000000 3419.000000 0.000000
-1.21161795 2.08870506 -0.93579602 2124.000000 31.000000 3111.000000 0.000000
-1.20385098 2.10493207 -0.93994999 1850.000000 26.000000 2859.000000 0.000000
-1.21691203 2.15821004 -0.96147799 1350.000000 17.000000 2453.000000 0.000000
-1.21718097 2.18989301 -0.97280800 1612.000000 25.000000 2421.000000 0.000000
-1.19926000 2.18920708 -0.96903199 1412.000000 21.000000 2286.000000 0.000000
-1.19992304 2.22257495 -0.98111701 969.000000 14.000000 2541.000000 0.000000
-1.34709001 2.15953708 -1.06667495 1043.000000 9.000000 3036.000000 0.000000
-1.28155196 2.08272195 -1.02287996 1452.000000 12.000000 3040.000000 0.000000
-1.26115406 2.07801700 -1.01645195 1607.000000 14.000000 2707.000000 0.000000
-1.24462104 2.07942796 -1.01323700 1455.000000 12.000000 2744.000000 0.000000
-1.22765303 2.07992601 -1.00962102 2003.000000 18.000000 2927.000000 0.000000
-1.21578801 2.08900309 -1.01042497 2686.000000 29.000000 3837.000000 0.000000
-1.20431399 2.09880710 -1.01163006 2409.000000 24.000000 3497.000000 0.000000
-1.21258295 2.14363003 -1.03051400 1500.000000 14.000000 2760.000000 0.000000
-1.20163405 2.15503001 -1.03252304 1393.000000 13.000000 2196.000000 0.000000
-1.20292902 2.18885398 -1.04578197 1580.000000 15.000000 2308.000000 0.000000
-1.22215104 2.25660300 -1.07591605 1312.000000 12.000000 2769.000000 0.000000
-1.24238503 2.07024097 -1.07618904 1348.000000 17.000000 2630.000000 0.000000
-1.22688198 2.07315111 -1.07365096 1450.000000 19.000000 2639.000000 0.000000
-1.21963501 2.09002209 -1.07872605 1282.000000 16.000000 2037.000000 0.000000
-1.20542800 2.09511209 -1.07745695 1152.000000 14.000000 1866.000000 0.000000
-1.19389606 2.10483098 -1.07872605 1208.000000 15.000000 2041.000000 0.000000
2.78221607 -1.82989597 0.11603400 1927.000000 25.000000 4688.000000 0.000000
2.77010298 -1.84637797 0.11601000 2111.000000 28.000000 4849.000000 0.000000
2.64463210 -1.85802495 0.11372500 2014.000000 25.000000 5667.000000 0.000000
2.79404998 -1.74221802 0.03819500 1123.000000 20.000000 3731.000000 0.000000
2.76554298 -1.74812901 0.03819500 1933.000000 40.000000 3668.000000 0.000000
2.76740408 -1.77314305 0.03819500 1540.000000 29.000000 3748.000000 0.000000
2.78249097 -1.80694306 0.03819500 1220.000000 22.000000 3356.000000 0.000000
2.77636695 -1.82727504 0.03819500 1759.000000 35.000000 3352.000000 0.000000
2.75011706 -1.83430600 0.03819500 1973.000000 41.000000 3926.000000 0.000000
2.74875998 -1.85785401 0.03819500 1537.000000 30.000000 4738.000000 0.000000
2.68198490 -1.83689106 0.03819500 823.000000 13.000000 6356.000000 0.000000
2.79429507 -1.74044299 -0.04159800 1322.000000 15.000000 4321.000000 0.000000
2.79539394 -1.76503301 -0.04194000 2660.000000 40.000000 3283.000000 0.000000
2.77777696 -1.77783799 -0.04174400 2452.000000 35.000000 3690.000000 0.000000
2.78777790 -1.80845797 -0.04235500 1742.000000 21.000000 3939.000000 0.000000
2.79249597 -1.83597100 -0.04281900 2737.000000 42.000000 4111.000000 0.000000
2.78117800 -1.85307097 -0.04281900 3202.000000 56.000000 4780.000000 0.000000
2.76230097 -1.86506295 -0.04259900 2357.000000 33.000000 4277.000000 0.000000
2.77060199 -1.89553201 -0.04318600 811.000000 9.000000 5530.000000 0.000000
2.77873898 -1.75577605 -0.11840000 1048.000000 18.000000 3350.000000 0.000000
2.75528789 -1.76472700 -0.11768000 1597.000000 30.000000 3394.000000 0.000000
2.74776101 -1.78377199 -0.11787200 1455.000000 26.000000 3624.000000 0.000000
2.76348710 -1.81813502 -0.11940800 884.000000 15.000000 3411.000000 0.000000
2.75810194 -1.83892906 -0.11974300 1609.000000 30.000000 4352.000000 0.000000
2.74428105 -1.85414302 -0.11960000 1595.000000 30.000000 4216.000000 0.000000
2.73945189 -1.87545300 -0.11998300 1118.000000 19.000000 4753.000000 0.000000
2.75417709 -1.91041398 -0.12151900 372.000000 6.000000 4688.000000 0.000000
2.79966903 -1.74379396 -0.19973400 650.000000 7.000000 5355.000000 0.000000
2.78723001 -1.75987399 -0.19958900 2242.000000 30.000000 3323.000000 0.000000
2.77134109 -1.77371502 -0.19915400 2799.000000 43.000000 3578.000000 0.000000
2.75789595 -1.78905702 -0.19893600 2239.000000 30.000000 3614.000000 0.000000
2.75436497 -1.81087899 -0.19958900 1749.000000 22.000000 3760.000000 0.000000
2.77390409 -1.84821999 -0.20227300 2610.000000 39.000000 3900.000000 0.000000
2.75920606 -1.86297202 -0.20198300 2969.000000 48.000000 4954.000000 0.000000
2.75677490 -1.88606501 -0.20278101 2461.000000 35.000000 5411.000000 0.000000
2.75334501 -1.90863001 -0.20350599 984.000000 11.000000 6010.000000 0.000000
2.76378894 -1.76746297 -0.27568200 1383.000000 25.000000 3433.000000 0.000000
2.74704099 -1.78060496 -0.27500901 1629.000000 31.000000 3462.000000 0.000000
2.74522090 -1.80342805 -0.27606601 1305.000000 23.000000 4101.000000 0.000000
2.74654198 -1.82849801 -0.27750599 1050.000000 18.000000 3402.000000 0.000000
2.74518108 -1.85198402 -0.27865800 1782.000000 35.000000 4482.000000 0.000000
2.73458791 -1.86935401 -0.27875400 1815.000000 36.000000 5178.000000 0.000000
2.71323895 -1.87930799 -0.27760199 1094.000000 19.000000 5504.000000 0.000000
2.75792289 -1.93530703 -0.28422701 294.000000 5.000000 5747.000000 0.000000
2.76986694 -1.77344704 -0.35826901 1795.000000 22.000000 2948.000000 0.000000
2.75560308 -1.78824604 -0.35778600 2401.000000 34.000000 3023.000000 0.000000
2.75121188 -1.80948699 -0.35875100 1812.000000 23.000000 2979.000000 0.000000
2.74253511 -1.82798696 -0.35911301 1774.000000 22.000000 3043.000000 0.000000
2.74771500 -1.85590005 -0.36152601 2708.000000 41.000000 3913.000000 0.000000
2.72317195 -1.86374795 -0.35959601 2409.000000 34.000000 4259.000000 0.000000
2.72554898 -1.89004397 -0.36164701 1300.000000 15.000000 5007.000000 0.000000
2.75744700 -1.78462505 -0.43473500 1314.000000 23.000000 3216.000000 0.000000
2.73816395 -1.79609203 -0.43329799 1446.000000 26.000000 3117.000000 0.000000
2.73533893 -1.81832802 -0.43473500 1282.000000 23.000000 2820.000000 0.000000
2.73891711 -1.84501195 -0.43732101 1731.000000 33.000000 3767.000000 0.000000
2.72345400 -1.85899901 -0.43660200 2012.000000 41.000000 4628.000000 0.000000
2.70466495 -1.87061703 -0.43530899 1592.000000 30.000000 4934.000000 0.000000
2.72882605 -1.91212296 -0.44163099 629.000000 10.000000 4721.000000 0.000000
2.75215006 -1.78600299 -0.51740098 1882.000000 24.000000 2745.000000 0.000000
2.74360895 -1.80448198 -0.51790601 2049.000000 27.000000 2684.000000 0.000000
2.73576593 -1.82347095 -0.51857901 2000.000000 26.000000 2558.000000 0.000000
2.74085808 -1.85126400 -0.52194601 2229.000000 30.000000 2961.000000 0.000000
2.73026109 -1.86860394 -0.52211398 2797.000000 44.000000 3857.000000 0.000000
2.71955395 -1.88588405 -0.52228200 2270.000000 31.000000 4207.000000 0.000000
2.73131490 -1.91897798 -0.52716303 610.000000 6.000000 4102.000000 0.000000
2.74315310 -1.79528701 -0.59620303 1102.000000 19.000000 2862.000000 0.000000
2.72308111 -1.80612898 -0.59409702 1473.000000 27.000000 3014.000000 0.000000
2.72009993 -1.82826805 -0.59601200 1400.000000 25.000000 2990.000000 0.000000
2.72019696 -1.85264599 -0.59869301 1416.000000 26.000000 2761.000000 0.000000
2.71524596 -1.87375295 -0.60022497 1758.000000 34.000000 3778.000000 0.000000
2.70611310 -1.89206302 -0.60079902 1903.000000 38.000000 4421.000000 0.000000
2.68643689 -1.90296805 -0.59888399 1218.000000 22.000000 4862.000000 0.000000
2.71301889 -1.94683695 -0.60807598 558.000000 9.000000 3266.000000 0.000000
2.72419810 -1.79237998 -0.67637002 427.000000 4.000000 1638.000000 0.000000
2.71721005 -1.81177199 -0.67744899 1090.000000 12.000000 2008.000000 0.000000
2.71332097 -1.83333302 -0.67939103 1242.000000 14.000000 2265.000000 0.000000
2.73263001 -1.87092102 -0.68759000 987.000000 11.000000 1751.000000 0.000000
2.70986891 -1.87985694 -0.68456900 1577.000000 19.000000 1930.000000 0.000000
2.69588804 -1.89476395 -0.68392199 1619.000000 19.000000 2047.000000 0.000000
2.69216299 -1.91693699 -0.68607998 1467.000000 17.000000 1947.000000 0.000000
2.68272495 -1.93513405 -0.68672699 1436.000000 17.000000 3022.000000 0.000000
2.63375711 -1.92446697 -0.67658597 985.000000 11.000000 3180.000000 0.000000
2.71416998 -1.81884599 -0.75832897 1516.000000 28.000000 3010.000000 0.000000
2.71099901 -1.84091103 -0.76071602 1351.000000 24.000000 2962.000000 0.000000
2.71886802 -1.87069798 -0.76644498 1028.000000 18.000000 2668.000000 0.000000
2.69218993 -1.87681198 -0.76191002 1185.000000 21.000000 3322.000000 0.000000
2.67347908 -1.88826203 -0.75976098 1464.000000 27.000000 4236.000000 0.000000
2.66421390 -1.90632296 -0.76047701 1660.000000 32.000000 4816.000000 0.000000
2.65876198 -1.92718601 -0.76238698 1110.000000 19.000000 2832.000000 0.000000
0.74098998 -1.70016098 0.12598900 3025.000000 30.000000 3906.000000 0.000000
0.73093897 -1.70559299 0.12603700 3376.000000 37.000000 3839.000000 0.000000
0.72046000 -1.71004605 0.12603700 3347.000000 36.000000 4015.000000 0.000000
0.71955597 -1.73748505 0.12723701 3046.000000 30.000000 4139.000000 0.000000
0.71383500 -1.78510594 0.12925200 2836.000000 31.000000 3485.000000 0.000000
0.75436503 -1.69518995 0.08128300 1395.000000 7.000000 3954.000000 0.000000
0.74394900 -1.69978702 0.08128300 3559.000000 32.000000 3247.000000 0.000000
0.73705697 -1.71258700 0.08149500 3950.000000 42.000000 3168.000000 0.000000
0.72692299 -1.71799803 0.08151900 4000.000000 44.000000 3401.000000 0.000000
0.71636802 -1.72242606 0.08151900 3977.000000 43.000000 3504.000000 0.000000
0.71900201 -1.75918806 0.08234300 3265.000000 27.000000 3145.000000 0.000000
0.72083902 -1.79511702 0.08314400 2787.000000 21.000000 3009.000000 0.000000
0.69369799 -1.75857604 0.08210800 2558.000000 17.000000 3643.000000 0.000000
0.68541801 -1.76932704 0.08227300 2739.000000 19.000000 3160.000000 0.000000
0.66638899 -1.75200200 0.08173100 3164.000000 25.000000 2717.000000 0.000000
0.67688900 -1.88348198 0.08472300 2720.000000 20.000000 4444.000000 0.000000
0.74504799 -1.70941806 0.03819500 2994.000000 29.000000 3943.000000 0.000000
0.73058701 -1.70477402 0.03819500 3317.000000 35.000000 3595.000000 0.000000
0.72167301 -1.71290803 0.03819500 3426.000000 37.000000 3789.000000 0.000000
0.71191800 -1.71914995 0.03819500 3498.000000 39.000000 3582.000000 0.000000
0.72181398 -1.77346098 0.03819500 2713.000000 24.000000 3360.000000 0.000000
0.74702901 -1.70603597 -0.00666000 3389.000000 29.000000 3256.000000 0.000000
0.73812598 -1.71426201 -0.00675700 3818.000000 38.000000 3085.000000 0.000000
0.72953898 -1.72336304 -0.00688000 4062.000000 46.000000 3020.000000 0.000000
0.71933401 -1.72872996 -0.00690400 4076.000000 46.000000 3293.000000 0.000000
0.71740103 -1.75440001 -0.00746600 3522.000000 32.000000 3396.000000 0.000000
0.74168301 -1.70094800 -0.04964700 2254.000000 18.000000 3848.000000 0.000000
0.73400098 -1.71188700 -0.04998300 3217.000000 33.000000 3519.000000 0.000000
0.72543299 -1.72095597 -0.05022300 3305.000000 35.000000 3591.000000 0.000000
0.72907698 -1.75948906 -0.05199800 3071.000000 30.000000 3568.000000 0.000000
0.72280997 -1.77502096 -0.05257400 2871.000000 31.000000 3774.000000 0.000000
0.72271901 -1.80629504 -0.05396500 2977.000000 34.000000 4511.000000 0.000000
0.71676302 -1.82369995 -0.05463700 2926.000000 33.000000 4930.000000 0.000000
0.74810702 -1.70850396 -0.09549100 2694.000000 19.000000 3188.000000 0.000000
0.73879099 -1.71581101 -0.09570900 3592.000000 33.000000 3110.000000 0.000000
0.73873001 -1.74511695 -0.09766800 3777.000000 37.000000 3231.000000 0.000000
0.72341800 -1.73856401 -0.09679700 3689.000000 35.000000 3183.000000 0.000000
0.71122903 -1.73927701 -0.09650700 3333.000000 28.000000 3595.000000 0.000000
0.73729098 -1.83525395 -0.10368900 3874.000000 42.000000 3893.000000 0.000000
0.70727998 -1.85877097 -0.10448700 3286.000000 29.000000 3279.000000 0.000000
0.69621003 -1.86400998 -0.10455900 3150.000000 27.000000 3211.000000 0.000000
0.68818599 -1.87761295 -0.10528500 2428.000000 17.000000 3668.000000 0.000000
0.74910599 -1.71466804 -0.13971800 1302.000000 9.000000 3374.000000 0.000000
0.73936099 -1.72106004 -0.13991000 2607.000000 23.000000 3772.000000 0.000000
0.73306698 -1.73564196 -0.14096600 2735.000000 25.000000 3860.000000 0.000000
0.72623903 -1.74929202 -0.14192601 3106.000000 31.000000 3665.000000 0.000000
0.71246898 -1.74634898 -0.14115800 2681.000000 24.000000 3639.000000 0.000000
0.71476901 -1.78299797 -0.14451900 2748.000000 29.000000 4075.000000 0.000000
0.71917999 -1.85935402 -0.15152800 3301.000000 41.000000 5106.000000 0.000000
0.70491600 -1.85629296 -0.15075999 2797.000000 30.000000 4987.000000 0.000000
0.75748098 -1.73076296 -0.18814300 1503.000000 8.000000 3598.000000 0.000000
0.74292898 -1.72625697 -0.18693601 2910.000000 22.000000 2367.000000 0.000000
0.73579800 -1.73901403 -0.18802200 3341.000000 28.000000 2598.000000 0.000000
0.72930002 -1.75358105 -0.18934900 3330.000000 28.000000 2750.000000 0.000000
0.72152603 -1.76537704 -0.19031499 3309.000000 29.000000 3204.000000 0.000000
0.71917403 -1.79096401 -0.19309001 2968.000000 24.000000 3095.000000 0.000000
0.72380799 -1.83506203 -0.19827799 3341.000000 30.000000 3097.000000 0.000000
0.71933502 -1.85706103 -0.20057000 3177.000000 27.000000 3332.000000 0.000000
0.70757502 -1.86051202 -0.20045000 2954.000000 24.000000 3375.000000 0.000000
0.69926500 -1.87319005 -0.20153600 2302.000000 16.000000 3355.000000 0.000000
0.74180800 -1.72346997 -0.23029900 2310.000000 19.000000 3643.000000 0.000000
0.73277003 -1.73163104 -0.23087400 2896.000000 27.000000 3514.000000 0.000000
0.72213101 -1.73609495 -0.23087400 2801.000000 26.000000 3316.000000 0.000000
0.71146500 -1.74049306 -0.23087400 2762.000000 25.000000 3707.000000 0.000000
0.70299602 -1.75033104 -0.23173600 2185.000000 17.000000 3782.000000 0.000000
0.71524400 -1.81255996 -0.24078600 2990.000000 34.000000 3624.000000 0.000000
0.72244102 -1.86393905 -0.24811301 3671.000000 52.000000 4055.000000 0.000000
0.70249999 -1.84615505 -0.24466500 3073.000000 36.000000 4069.000000 0.000000
0.70125401 -1.87729597 -0.24883200 2715.000000 29.000000 4384.000000 0.000000
0.69109100 -1.88527703 -0.24940600 2387.000000 23.000000 4370.000000 0.000000
0.68052101 -1.89227402 -0.24983700 1031.000000 8.000000 5238.000000 0.000000
0.74713898 -1.73606002 -0.27990499 2950.000000 22.000000 2681.000000 0.000000
0.73378903 -1.73425496 -0.27872699 3291.000000 27.000000 2645.000000 0.000000
0.72351199 -1.73963499 -0.27889499 3369.000000 29.000000 2761.000000 0.000000
0.71319598 -1.74495494 -0.27906400 3258.000000 27.000000 2882.000000 0.000000
0.71347702 -1.77674699 -0.28411299 2895.000000 23.000000 2975.000000 0.000000
0.73722500 -1.86914504 -0.30027199 4102.000000 50.000000 3410.000000 0.000000
0.72396499 -1.86903596 -0.29943001 3939.000000 45.000000 3464.000000 0.000000
0.71178299 -1.87160003 -0.29909301 3896.000000 43.000000 4141.000000 0.000000
0.69856501 -1.87131405 -0.29825199 3445.000000 32.000000 3963.000000 0.000000
0.69316202 -1.89222896 -0.30128199 2529.000000 18.000000 3705.000000 0.000000
0.68220401 -1.89830196 -0.30161801 470.000000 2.000000 5914.000000 0.000000
0.74652201 -1.72946501 -0.32409000 1480.000000 12.000000 3705.000000 0.000000
0.73666698 -1.73581803 -0.32447299 2418.000000 24.000000 3071.000000 0.000000
0.73283899 -1.75659597 -0.32791999 2598.000000 27.000000 3231.000000 0.000000
0.71830398 -1.75198603 -0.32600501 2928.000000 33.000000 3728.000000 0.000000
0.70495999 -1.74999297 -0.32466400 2506.000000 25.000000 3656.000000 0.000000
0.71780801 -1.81355798 -0.33711201 2682.000000 28.000000 3602.000000 0.000000
0.72132200 -1.85540605 -0.34496301 3353.000000 42.000000 3934.000000 0.000000
0.70253497 -1.84055495 -0.34094101 3007.000000 34.000000 3956.000000 0.000000
0.69884503 -1.86503601 -0.34515399 2855.000000 31.000000 4721.000000 0.000000
0.69079399 -1.87849498 -0.34706900 2299.000000 22.000000 4164.000000 0.000000
0.67858499 -1.88085306 -0.34668601 571.000000 4.000000 5209.000000 0.000000
0.74492502 -1.73172605 -0.37236699 2387.000000 17.000000 2635.000000 0.000000
0.73694301 -1.74256206 -0.37387800 3025.000000 25.000000 2641.000000 0.000000
0.72474003 -1.74344301 -0.37301499 3212.000000 28.000000 2765.000000 0.000000
0.71808398 -1.75780296 -0.37538800 3137.000000 27.000000 2938.000000 0.000000
0.71636200 -1.78483701 -0.38078201 2707.000000 20.000000 3044.000000 0.000000
0.72935098 -1.85007799 -0.39523801 3372.000000 31.000000 3204.000000 0.000000
0.72150499 -1.86362600 -0.39739501 3807.000000 41.000000 3636.000000 0.000000
0.70659298 -1.85888898 -0.39523801 3193.000000 28.000000 2992.000000 0.000000
0.69551402 -1.86410403 -0.39545399 2456.000000 17.000000 3171.000000 0.000000
0.69847298 -1.90777397 -0.40473101 1145.000000 6.000000 3966.000000 0.000000
0.74238700 -1.74257696 -0.42080301 1932.000000 17.000000 3242.000000 0.000000
0.73092699 -1.74530900 -0.42032599 2472.000000 25.000000 3041.000000 0.000000
0.72317600 -1.75693905 -0.42223501 2528.000000 26.000000 3257.000000 0.000000
0.71494401 -1.76763999 -0.42390600 2551.000000 26.000000 3457.000000 0.000000
0.70084000 -1.76387799 -0.42175800 2251.000000 21.000000 3617.000000 0.000000
0.71946299 -1.84316897 -0.44157001 2805.000000 30.000000 3693.000000 0.000000
0.70988703 -1.85207903 -0.44276401 2734.000000 29.000000 3546.000000 0.000000
0.69850898 -1.85640001 -0.44276401 2399.000000 24.000000 3433.000000 0.000000
0.69556099 -1.88340902 -0.44873101 1798.000000 16.000000 3772.000000 0.000000
0.69264001 -1.91136205 -0.45493799 362.000000 2.000000 5937.000000 0.000000
0.75147700 -1.74781597 -0.47310701 1843.000000 11.000000 2634.000000 0.000000
0.73923802 -1.74883902 -0.47205499 2605.000000 19.000000 2536.000000 0.000000
0.73218900 -1.76225400 -0.47468501 2607.000000 19.000000 2551.000000 0.000000
0.72209001 -1.76849997 -0.47521099 2558.000000 19.000000 2477.000000 0.000000
0.70333600 -1.75319195 -0.46942499 2289.000000 16.000000 2907.000000 0.000000
0.72928703 -1.85085201 -0.49678001 3025.000000 25.000000 2923.000000 0.000000
0.71895999 -1.85799205 -0.49756899 3020.000000 25.000000 2776.000000 0.000000
0.70720398 -1.86146605 -0.49730599 2567.000000 19.000000 2755.000000 0.000000
0.70317203 -1.88566303 -0.50309300 2265.000000 15.000000 3333.000000 0.000000
0.69522899 -1.89991105 -0.50598598 662.000000 3.000000 3207.000000 0.000000
0.75318098 -1.76023698 -0.52457798 1116.000000 9.000000 3269.000000 0.000000
0.73751098 -1.75335097 -0.52086401 2383.000000 23.000000 3244.000000 0.000000
0.72637099 -1.75695896 -0.52057803 2473.000000 25.000000 3084.000000 0.000000
0.71920198 -1.77025402 -0.52343500 2366.000000 23.000000 3199.000000 0.000000
0.70832700 -1.77463305 -0.52343500 2398.000000 24.000000 3348.000000 0.000000
0.71043599 -1.81192994 -0.53400600 2042.000000 19.000000 3475.000000 0.000000
0.70415097 -1.82876599 -0.53800499 2420.000000 24.000000 3285.000000 0.000000
0.70347798 -1.86081898 -0.54686201 2169.000000 20.000000 3266.000000 0.000000
0.70109802 -1.88934100 -0.55457503 1846.000000 16.000000 3868.000000 0.000000
0.69971198 -1.92150199 -0.56343198 644.000000 5.000000 3824.000000 0.000000
0.76807398 -1.79074395 -0.58796901 1512.000000 9.000000 2930.000000 0.000000
0.73826200 -1.75073004 -0.57216698 2530.000000 18.000000 2466.000000 0.000000
0.72786897 -1.75610495 -0.57247698 2471.000000 18.000000 2488.000000 0.000000
0.71708000 -1.76053798 -0.57247698 2478.000000 18.000000 2452.000000 0.000000
0.70661700 -1.76578796 -0.57278699 2472.000000 18.000000 2832.000000 0.000000
0.71382302 -1.81611705 -0.58889902 2065.000000 14.000000 2303.000000 0.000000
0.70676702 -1.83111000 -0.59261698 1952.000000 12.000000 1792.000000 0.000000
0.70358998 -1.85675597 -0.60005301 2074.000000 14.000000 1799.000000 0.000000
0.69152200 -1.85925496 -0.59943402 1963.000000 13.000000 2053.000000 0.000000
0.81403500 -1.89176595 -0.67721897 1295.000000 12.000000 2731.000000 0.000000
0.75071901 -1.77520299 -0.63073897 1716.000000 15.000000 2545.000000 0.000000
0.73872101 -1.77716601 -0.62974298 1777.000000 15.000000 2592.000000 0.000000
0.72529298 -1.77555704 -0.62741899 2032.000000 19.000000 2763.000000 0.000000
0.71932900 -1.79222000 -0.63206702 2100.000000 20.000000 3126.000000 0.000000
0.71005797 -1.80098403 -0.63372701 2043.000000 19.000000 3435.000000 0.000000
0.71474600 -1.84573698 -0.64899898 2205.000000 21.000000 3508.000000 0.000000
0.70542902 -1.85537398 -0.65099102 2133.000000 20.000000 3809.000000 0.000000
0.72288299 -1.93649399 -0.67987502 1310.000000 12.000000 3427.000000 0.000000
0.79705501 -1.85932696 -0.72236300 1898.000000 13.000000 2065.000000 0.000000
0.74251503 -1.76168203 -0.67998898 2132.000000 14.000000 1988.000000 0.000000
0.73062003 -1.76361406 -0.67891997 2341.000000 16.000000 1902.000000 0.000000
0.72224700 -1.77412403 -0.68141299 2347.000000 16.000000 2042.000000 0.000000
0.71273297 -1.78199399 -0.68283701 2327.000000 16.000000 2020.000000 0.000000
0.70519602 -1.79503405 -0.68639803 2267.000000 16.000000 2544.000000 0.000000
0.71934903 -1.86473095 -0.71310502 2596.000000 21.000000 3011.000000 0.000000
0.70756400 -1.86823595 -0.71274799 2651.000000 22.000000 3579.000000 0.000000
0.69836199 -1.87867498 -0.71524101 2136.000000 15.000000 2266.000000 0.000000
0.69097698 -1.89434004 -0.71986997 1718.000000 11.000000 1693.000000 0.000000
0.69128102 -1.93198502 -0.73340100 1362.000000 8.000000 1858.000000 0.000000
0.77403998 -1.81786096 -0.75677598 1639.000000 17.000000 2185.000000 0.000000
0.75029600 -1.79270697 -0.74355698 1734.000000 15.000000 2488.000000 0.000000
0.72759801 -1.76904404 -0.73109400 1905.000000 17.000000 2588.000000 0.000000
0.71463698 -1.76832795 -0.72882801 1988.000000 18.000000 2792.000000 0.000000
0.70720798 -1.78127801 -0.73260403 1972.000000 18.000000 2795.000000 0.000000
0.70404500 -1.80540895 -0.74129099 1733.000000 15.000000 2794.000000 0.000000
0.69495201 -1.81487894 -0.74355698 1619.000000 14.000000 2295.000000 0.000000
0.68871802 -1.83209896 -0.74922198 2091.000000 23.000000 2498.000000 0.000000
0.68229800 -1.84931099 -0.75488698 2078.000000 23.000000 3464.000000 0.000000
0.68551999 -1.89348197 -0.77226102 1471.000000 14.000000 2673.000000 0.000000
-1.21780002 -1.82346201 0.03819500 1395.000000 13.000000 2553.000000 0.000000
-1.21722603 -1.79854298 0.03819500 1848.000000 19.000000 2777.000000 0.000000
-1.23331499 -1.79847205 0.03819500 2190.000000 25.000000 3003.000000 0.000000
-1.23465204 -1.77689195 0.03819500 2393.000000 28.000000 3236.000000 0.000000
-1.23749304 -1.75782096 0.03819500 2562.000000 31.000000 3386.000000 0.000000
-1.26620996 -1.77546501 0.03819500 2196.000000 25.000000 3258.000000 0.000000
-1.26130795 -1.74574900 0.03819500 1179.000000 11.000000 4193.000000 0.000000
-1.29202700 -1.76545000 0.03819500 132.000000 1.000000 3365.000000 0.000000
-1.17982697 -1.94784200 -0.01679900 1549.000000 10.000000 5059.000000 0.000000
-1.17657101 -1.91586995 -0.01609000 1996.000000 14.000000 3950.000000 0.000000
-1.18301594 -1.90013099 -0.01584600 2593.000000 20.000000 3045.000000 0.000000
-1.19465303 -1.89283705 -0.01584600 2511.000000 19.000000 2599.000000 0.000000
-1.20246994 -1.87957799 -0.01567500 3497.000000 36.000000 3187.000000 0.000000
-1.21615696 -1.87551904 -0.01577300 3973.000000 49.000000 3399.000000 0.000000
-1.22764301 -1.86802101 -0.01577300 4034.000000 51.000000 3290.000000 0.000000
-1.23908198 -1.86045301 -0.01577300 3954.000000 48.000000 2990.000000 0.000000
-1.24767494 -1.84867406 -0.01565100 3618.000000 38.000000 2758.000000 0.000000
-1.23753202 -1.80963898 -0.01472200 3043.000000 27.000000 2722.000000 0.000000
-1.23607600 -1.78394103 -0.01418500 3256.000000 31.000000 2795.000000 0.000000
-1.24699795 -1.77632296 -0.01418500 3362.000000 33.000000 2692.000000 0.000000
-1.25845397 -1.76945198 -0.01420900 2963.000000 25.000000 2680.000000 0.000000
-1.28683400 -1.78602004 -0.01494200 1404.000000 9.000000 4558.000000 0.000000
-1.19340003 -1.88638198 -0.06773500 1024.000000 9.000000 4242.000000 0.000000
-1.20280194 -1.87565696 -0.06754300 2090.000000 23.000000 4102.000000 0.000000
-1.21591604 -1.87075603 -0.06768700 2930.000000 39.000000 4044.000000 0.000000
-1.22846794 -1.86493099 -0.06778300 3184.000000 45.000000 3864.000000 0.000000
-1.24044096 -1.85818899 -0.06783100 3250.000000 47.000000 3777.000000 0.000000
-1.25070298 -1.84888697 -0.06773500 2974.000000 40.000000 3532.000000 0.000000
-1.22879004 -1.79251099 -0.06490400 2155.000000 24.000000 3237.000000 0.000000
-1.23919702 -1.78411603 -0.06485600 2198.000000 24.000000 3161.000000 0.000000
-1.24495995 -1.76911795 -0.06442500 2020.000000 21.000000 2994.000000 0.000000
-1.25405705 -1.75900304 -0.06428100 1729.000000 17.000000 2965.000000 0.000000
-1.27066004 -1.75938296 -0.06476000 923.000000 8.000000 3543.000000 0.000000
-1.18462801 -1.85172606 -0.11972000 2948.000000 25.000000 3900.000000 0.000000
-1.21823502 -1.87871897 -0.12269500 3781.000000 43.000000 3562.000000 0.000000
-1.22919202 -1.87037599 -0.12262200 3885.000000 46.000000 3328.000000 0.000000
-1.24175203 -1.86445796 -0.12276700 3840.000000 44.000000 3201.000000 0.000000
-1.24814296 -1.84936595 -0.12211400 3497.000000 35.000000 2758.000000 0.000000
-1.22903800 -1.79723406 -0.11819700 2830.000000 23.000000 2821.000000 0.000000
-1.23435795 -1.78146505 -0.11747200 3206.000000 30.000000 2763.000000 0.000000
-1.24583900 -1.77467299 -0.11754400 3172.000000 29.000000 2801.000000 0.000000
-1.25786197 -1.76862001 -0.11768900 2735.000000 22.000000 2610.000000 0.000000
-1.27102399 -1.76410401 -0.11797900 1382.000000 8.000000 2818.000000 0.000000
-1.23381603 -1.85099804 -0.17380500 2846.000000 37.000000 3845.000000 0.000000
-1.24126005 -1.83761203 -0.17313300 2731.000000 34.000000 3467.000000 0.000000
-1.23625004 -1.80611205 -0.17034800 2147.000000 23.000000 3491.000000 0.000000
-1.23486102 -1.78047597 -0.16823600 2299.000000 26.000000 3476.000000 0.000000
-1.25147104 -1.78102005 -0.16919599 2267.000000 25.000000 3528.000000 0.000000
-1.18353903 -1.98049295 -0.23893900 428.000000 2.000000 4018.000000 0.000000
-1.16831303 -1.87582600 -0.22711501 2079.000000 15.000000 3031.000000 0.000000
-1.15539896 -1.83002400 -0.22156499 2093.000000 15.000000 3717.000000 0.000000
-1.18642104 -1.82902801 -0.22349501 2575.000000 20.000000 3632.000000 0.000000
-1.22382104 -1.86151397 -0.22928700 3283.000000 31.000000 3122.000000 0.000000
-1.23466897 -1.85314405 -0.22916600 3246.000000 30.000000 2706.000000 0.000000
-1.23156095 -1.82415104 -0.22602899 2613.000000 21.000000 2434.000000 0.000000
-1.23038900 -1.79854202 -0.22337499 2467.000000 19.000000 2528.000000 0.000000
-1.24196696 -1.79177403 -0.22349501 2951.000000 25.000000 2625.000000 0.000000
-1.25122499 -1.78168404 -0.22313300 3008.000000 26.000000 2617.000000 0.000000
-1.26386201 -1.77639902 -0.22349501 2683.000000 21.000000 2577.000000 0.000000
-1.27822304 -1.77344000 -0.22421899 1277.000000 8.000000 4639.000000 0.000000
-1.16525495 -1.92523599 -0.28460401 1611.000000 16.000000 4274.000000 0.000000
-1.17653000 -1.91720605 -0.28446099 1740.000000 18.000000 3949.000000 0.000000
-1.18514299 -1.90490305 -0.28359899 2031.000000 22.000000 3940.000000 0.000000
-1.18891203 -1.88502598 -0.28144401 2477.000000 29.000000 3742.000000 0.000000
-1.19620299 -1.87101805 -0.28029400 2754.000000 35.000000 3817.000000 0.000000
-1.21517503 -1.87528300 -0.28230599 2990.000000 40.000000 3913.000000 0.000000
-1.22395003 -1.86365104 -0.28158700 2575.000000 31.000000 3666.000000 0.000000
-1.23372102 -1.85363102 -0.28115600 2114.000000 23.000000 3481.000000 0.000000
-1.25445402 -1.85999095 -0.28359899 731.000000 6.000000 5069.000000 0.000000
-1.24133801 -1.81626594 -0.27727699 1279.000000 12.000000 4180.000000 0.000000
-1.24908698 -1.80372703 -0.27641499 2214.000000 25.000000 3256.000000 0.000000
-1.25446105 -1.78791797 -0.27497900 2334.000000 27.000000 3197.000000 0.000000
-1.26426399 -1.77857101 -0.27469099 2137.000000 23.000000 3239.000000 0.000000
-1.28207600 -1.78042996 -0.27641499 1355.000000 13.000000 4172.000000 0.000000
-1.17768300 -1.91693795 -0.34134099 2368.000000 18.000000 2967.000000 0.000000
-1.18525004 -1.90298498 -0.33999500 3214.000000 30.000000 2965.000000 0.000000
-1.20059204 -1.90150905 -0.34117299 3623.000000 39.000000 2918.000000 0.000000
-1.21276796 -1.89493597 -0.34134099 3658.000000 39.000000 2874.000000 0.000000
-1.22491002 -1.88828599 -0.34150901 3583.000000 38.000000 2910.000000 0.000000
-1.23430502 -1.87744105 -0.34083599 2939.000000 25.000000 2668.000000 0.000000
-1.25510097 -1.88377202 -0.34369799 1125.000000 6.000000 3795.000000 0.000000
-1.23912895 -1.81130195 -0.33191499 2114.000000 15.000000 2547.000000 0.000000
-1.24347496 -1.79394698 -0.32989499 2835.000000 24.000000 2393.000000 0.000000
-1.25445998 -1.78628302 -0.32989499 2765.000000 23.000000 2286.000000 0.000000
-1.26711202 -1.78096104 -0.33039999 2659.000000 21.000000 2471.000000 0.000000
-1.28032398 -1.77635002 -0.33107400 966.000000 5.000000 4316.000000 0.000000
-1.17934203 -1.92628801 -0.39724100 1385.000000 15.000000 3921.000000 0.000000
-1.18442905 -1.90816295 -0.39475101 2089.000000 23.000000 3404.000000 0.000000
-1.20028496 -1.90751195 -0.39628300 2631.000000 32.000000 3540.000000 0.000000
-1.21091402 -1.89845502 -0.39590001 2674.000000 33.000000 3512.000000 0.000000
-1.22466600 -1.89428902 -0.39666599 2506.000000 30.000000 3293.000000 0.000000
-1.23894799 -1.89084899 -0.39762399 2233.000000 28.000000 3394.000000 0.000000
-1.25377595 -1.88812304 -0.39877301 1098.000000 11.000000 4454.000000 0.000000
-1.23493600 -1.81089199 -0.38421899 846.000000 7.000000 4433.000000 0.000000
-1.24045897 -1.79519606 -0.38230401 1782.000000 18.000000 2859.000000 0.000000
-1.25145102 -1.78754997 -0.38230401 2099.000000 23.000000 3006.000000 0.000000
-1.26409495 -1.78224301 -0.38287899 1998.000000 21.000000 3014.000000 0.000000
-1.27729201 -1.77764499 -0.38364500 1470.000000 14.000000 3513.000000 0.000000
-1.18677998 -1.98513305 -0.46686900 630.000000 4.000000 4081.000000 0.000000
-1.18221903 -1.95026803 -0.45974901 1617.000000 12.000000 3338.000000 0.000000
-1.19006896 -1.93632400 -0.45802301 2671.000000 24.000000 2853.000000 0.000000
-1.19985998 -1.92567205 -0.45716000 3363.000000 37.000000 2758.000000 0.000000
-1.21217501 -1.91909897 -0.45737600 3307.000000 36.000000 2716.000000 0.000000
-1.22392797 -1.91162503 -0.45737600 3326.000000 36.000000 2846.000000 0.000000
-1.23882604 -1.90899205 -0.45867100 2969.000000 29.000000 2764.000000 0.000000
-1.25051606 -1.90135396 -0.45867100 1744.000000 13.000000 3435.000000 0.000000
-1.23838603 -1.80954802 -0.44033101 1882.000000 13.000000 2382.000000 0.000000
-1.24890900 -1.80111396 -0.44011500 2560.000000 20.000000 2103.000000 0.000000
-1.25937498 -1.79261804 -0.43990001 2572.000000 20.000000 2231.000000 0.000000
-1.26298404 -1.77452004 -0.43709499 2349.000000 17.000000 2380.000000 0.000000
-1.27785003 -1.77227795 -0.43860501 976.000000 5.000000 3858.000000 0.000000
-1.18961704 -1.94918799 -0.51652300 1655.000000 19.000000 3453.000000 0.000000
-1.19900703 -1.93771899 -0.51532900 1999.000000 24.000000 2966.000000 0.000000
-1.20881605 -1.92703104 -0.51437497 2363.000000 31.000000 3080.000000 0.000000
-1.22373497 -1.92449999 -0.51580697 2494.000000 34.000000 3327.000000 0.000000
-1.23604500 -1.91777205 -0.51604599 2587.000000 36.000000 3625.000000 0.000000
-1.24778903 -1.91015196 -0.51604599 2262.000000 29.000000 3947.000000 0.000000
-1.26697099 -1.91380894 -0.51938701 753.000000 7.000000 4011.000000 0.000000
-1.24648595 -1.80929506 -0.49527800 1574.000000 15.000000 2827.000000 0.000000
-1.25534594 -1.79842401 -0.49432400 1895.000000 20.000000 2768.000000 0.000000
-1.26635695 -1.79068696 -0.49432400 1989.000000 21.000000 2961.000000 0.000000
-1.28183401 -1.78920698 -0.49623299 1681.000000 17.000000 3231.000000 0.000000
-1.28368497 -1.76871598 -0.49241400 450.000000 4.000000 4490.000000 0.000000
-1.19937003 -2.00538111 -0.59147102 723.000000 4.000000 2584.000000 0.000000
-1.18561399 -1.95510101 -0.57779402 2034.000000 16.000000 2322.000000 0.000000
-1.19000101 -1.93546605 -0.57384801 2431.000000 21.000000 2051.000000 0.000000
-1.20594096 -1.93467605 -0.57595199 2933.000000 28.000000 2265.000000 0.000000
-1.21572602 -1.92397797 -0.57489997 3136.000000 32.000000 2607.000000 0.000000
-1.23011196 -1.92054296 -0.57621503 2942.000000 29.000000 2736.000000 0.000000
-1.24397695 -1.91619503 -0.57726800 2796.000000 26.000000 3069.000000 0.000000
-1.26791799 -1.92705703 -0.58331698 1323.000000 9.000000 3394.000000 0.000000
-1.24426103 -1.81744897 -0.55491000 1848.000000 12.000000 2116.000000 0.000000
-1.24933505 -1.80106401 -0.55201697 2099.000000 15.000000 1892.000000 0.000000
-1.26036203 -1.79336405 -0.55201697 2110.000000 15.000000 2028.000000 0.000000
-1.27190304 -1.78638196 -0.55228001 2217.000000 16.000000 2377.000000 0.000000
-1.30148005 -1.80435503 -0.56095999 961.000000 6.000000 2935.000000 0.000000
-1.22424996 -2.04138994 -0.66342300 799.000000 8.000000 2769.000000 0.000000
-1.19107199 -1.95843101 -0.63713902 1447.000000 16.000000 2336.000000 0.000000
-1.20005703 -1.94618702 -0.63542497 1782.000000 21.000000 2597.000000 0.000000
-1.21096301 -1.93716002 -0.63485402 2034.000000 25.000000 2708.000000 0.000000
-1.22487199 -1.93293405 -0.63599598 2271.000000 29.000000 2597.000000 0.000000
-1.23567605 -1.92376804 -0.63542497 2322.000000 30.000000 3052.000000 0.000000
-1.24797904 -1.91695404 -0.63571101 2344.000000 31.000000 3601.000000 0.000000
-1.26761305 -1.92127299 -0.63999599 1533.000000 17.000000 3904.000000 0.000000
-1.27246594 -1.85331798 -0.62399799 1514.000000 17.000000 3090.000000 0.000000
-1.25979602 -1.81081796 -0.61142701 1866.000000 22.000000 2697.000000 0.000000
-1.26592696 -1.79599595 -0.60885602 1667.000000 17.000000 2582.000000 0.000000
-1.27692294 -1.78819394 -0.60885602 1658.000000 17.000000 2915.000000 0.000000
-1.32764995 -1.83552694 -0.62914002 890.000000 9.000000 3570.000000 0.000000
-1.20244396 -2.00658607 -0.71531701 1653.000000 12.000000 2497.000000 0.000000
-1.18359995 -1.94799697 -0.69579601 1893.000000 15.000000 1959.000000 0.000000
-1.19503105 -1.93988895 -0.69548601 1818.000000 14.000000 1688.000000 0.000000
-1.20539904 -1.93010104 -0.69455701 1925.000000 15.000000 1727.000000 0.000000
-1.21874595 -1.92507803 -0.69548601 2058.000000 16.000000 1746.000000 0.000000
-1.23156297 -1.91916299 -0.69610602 2278.000000 19.000000 2063.000000 0.000000
-1.24331605 -1.91156995 -0.69610602 2031.000000 16.000000 2094.000000 0.000000
-1.25711703 -1.90708005 -0.69734502 1800.000000 14.000000 2715.000000 0.000000
-1.37504494 -2.05818009 -0.75962502 1358.000000 11.000000 2769.000000 0.000000
-1.33056903 -1.96549106 -0.72647101 1656.000000 14.000000 2432.000000 0.000000
-1.24733102 -1.81856596 -0.67162800 2151.000000 17.000000 2033.000000 0.000000
-1.25846601 -1.81087804 -0.67162800 2375.000000 20.000000 2004.000000 0.000000
-1.27010095 -1.80389905 -0.67193800 2358.000000 20.000000 2161.000000 0.000000
-1.28059304 -1.79529905 -0.67162800 2177.000000 18.000000 2609.000000 0.000000
-1.44429600 -1.99847102 -0.75652599 1419.000000 11.000000 2066.000000 0.000000
-1.18123102 -1.97790504 -0.76320601 1585.000000 18.000000 2462.000000 0.000000
-1.19042099 -1.96577406 -0.76121402 1561.000000 18.000000 2253.000000 0.000000
-1.19852400 -1.95199502 -0.75855798 1423.000000 16.000000 2262.000000 0.000000
-1.20600498 -1.93738902 -0.75556999 1381.000000 15.000000 2292.000000 0.000000
-1.21485806 -1.92516005 -0.75357801 1614.000000 18.000000 2320.000000 0.000000
-1.22918200 -1.92164803 -0.75523800 1842.000000 22.000000 2581.000000 0.000000
-1.24043798 -1.91327703 -0.75490600 1689.000000 19.000000 2831.000000 0.000000
-1.25370395 -1.90799701 -0.75590199 1800.000000 21.000000 2981.000000 0.000000
-1.27998698 -1.92227900 -0.76519799 1510.000000 17.000000 2691.000000 0.000000
-1.29232895 -1.89005494 -0.75822598 1378.000000 15.000000 2596.000000 0.000000
-1.26853895 -1.83085203 -0.73631400 1756.000000 20.000000 2500.000000 0.000000
-1.26731598 -1.80525398 -0.72867799 1902.000000 23.000000 2661.000000 0.000000
-1.28436697 -1.80590999 -0.73233002 1769.000000 21.000000 3041.000000 0.000000
-1.35427403 -1.87999403 -0.76785398 1379.000000 15.000000 3253.000000 0.000000
-1.24232996 -1.81061602 -0.78823900 2064.000000 17.000000 2062.000000 0.000000
-1.25555205 -1.80602705 -0.78966302 2184.000000 18.000000 2124.000000 0.000000
-1.27199602 -1.80592597 -0.79322398 2360.000000 20.000000 2325.000000 0.000000
