2.46488094 1.80983400 -0.18225101 1478.000000 15.000000 3278.000000 0.000000
2.47109199 1.79116499 -0.18181600 2445.000000 30.000000 2957.000000 0.000000
2.48122501 1.77538896 -0.18174399 2556.000000 32.000000 2552.000000 0.000000
2.49044204 1.75898099 -0.18159901 2550.000000 32.000000 2691.000000 0.000000
2.45453811 1.71117604 -0.17746399 1998.000000 22.000000 2708.000000 0.000000
2.45923805 1.69212794 -0.17695600 2046.000000 23.000000 2570.000000 0.000000
2.46792412 1.67588603 -0.17681099 2039.000000 23.000000 2595.000000 0.000000
2.47733212 1.66015697 -0.17673799 1113.000000 11.000000 4352.000000 0.000000
2.46097708 1.80789900 -0.25378901 1399.000000 22.000000 4017.000000 0.000000
2.46638799 1.78866696 -0.25311700 1696.000000 29.000000 3804.000000 0.000000
2.47246599 1.77001703 -0.25254101 1906.000000 33.000000 3727.000000 0.000000
2.48652792 1.75711501 -0.25292501 1883.000000 33.000000 3647.000000 0.000000
2.45892596 1.71501195 -0.24841200 1490.000000 24.000000 3583.000000 0.000000
2.46448803 1.69649994 -0.24783599 1486.000000 24.000000 3135.000000 0.000000
2.46827006 1.67686296 -0.24706800 1458.000000 24.000000 3409.000000 0.000000
2.46777391 1.65446603 -0.24581900 669.000000 10.000000 6190.000000 0.000000
2.44503999 1.81781101 -0.32882801 847.000000 8.000000 3197.000000 0.000000
2.46255302 1.80746996 -0.32979399 2126.000000 26.000000 2423.000000 0.000000
2.46635890 1.78708696 -0.32870799 2769.000000 37.000000 2596.000000 0.000000
2.47808599 1.77249706 -0.32882801 2729.000000 39.000000 2723.000000 0.000000
2.46782398 1.74238205 -0.32569101 1858.000000 20.000000 3251.000000 0.000000
2.45565796 1.71132505 -0.32231301 2219.000000 26.000000 2540.000000 0.000000
2.46447611 1.69509995 -0.32207200 2148.000000 25.000000 2424.000000 0.000000
2.49290490 1.69220400 -0.32472599 1701.000000 18.000000 3097.000000 0.000000
-1.56979597 1.68355501 -0.29207501 1710.000000 19.000000 3042.000000 0.000000
-1.55271900 1.68588698 -0.29063800 1948.000000 23.000000 2897.000000 0.000000
-1.54434705 1.69757605 -0.29106900 1856.000000 22.000000 2804.000000 0.000000
-1.53390205 1.70702004 -0.29106900 1661.000000 19.000000 3041.000000 0.000000
-1.55301702 1.74965501 -0.29753399 1804.000000 21.000000 2724.000000 0.000000
-1.55859303 1.77772796 -0.30112600 2181.000000 27.000000 3259.000000 0.000000
-1.56777704 1.81041598 -0.30557999 1995.000000 24.000000 4212.000000 0.000000
-1.55148304 1.81399405 -0.30443001 858.000000 8.000000 4207.000000 0.000000
2.43455911 1.81418705 -0.39867499 638.000000 9.000000 3834.000000 0.000000
2.44166303 1.79627800 -0.39795601 1525.000000 25.000000 2902.000000 0.000000
2.45503902 1.78301001 -0.39838701 2097.000000 38.000000 3248.000000 0.000000
2.46593308 1.76791203 -0.39838701 2014.000000 36.000000 3168.000000 0.000000
2.45736408 1.73900294 -0.39493901 1564.000000 26.000000 3622.000000 0.000000
2.46312499 1.72048604 -0.39407700 1511.000000 25.000000 3092.000000 0.000000
2.46875095 1.70196402 -0.39321500 1658.000000 28.000000 3207.000000 0.000000
2.46688604 1.67841697 -0.39105999 1079.000000 16.000000 4204.000000 0.000000
-1.57569599 1.69176197 -0.35194501 2491.000000 21.000000 2333.000000 0.000000
-1.56661999 1.70284998 -0.35228199 2674.000000 24.000000 2317.000000 0.000000
-1.55680394 1.71316099 -0.35245001 2594.000000 23.000000 2367.000000 0.000000
-1.55547595 1.73295605 -0.35480601 2472.000000 21.000000 2687.000000 0.000000
-1.59252000 1.79633904 -0.36709401 2951.000000 29.000000 2335.000000 0.000000
-1.58536100 1.81052804 -0.36810401 3370.000000 37.000000 2681.000000 0.000000
-1.57422197 1.82022202 -0.36810401 3324.000000 36.000000 3636.000000 0.000000
-1.55918503 1.82534802 -0.36709401 2010.000000 16.000000 3296.000000 0.000000
2.43503594 1.83367801 -0.47767800 743.000000 7.000000 3034.000000 0.000000
2.45098901 1.82222998 -0.47868800 1913.000000 23.000000 2519.000000 0.000000
2.46132898 1.80657303 -0.47852001 2758.000000 39.000000 2788.000000 0.000000
2.47236800 1.79143703 -0.47852001 2663.000000 37.000000 2548.000000 0.000000
2.46727300 1.76477098 -0.47515300 1917.000000 23.000000 2838.000000 0.000000
2.45791793 1.73539400 -0.47094500 2067.000000 24.000000 2374.000000 0.000000
2.46932912 1.72084296 -0.47111401 2024.000000 23.000000 2263.000000 0.000000
2.47902894 1.70510006 -0.47094500 1894.000000 21.000000 2917.000000 0.000000
-1.58425701 1.69549596 -0.40930501 869.000000 9.000000 3302.000000 0.000000
-1.56915498 1.70014405 -0.40796399 1771.000000 20.000000 2657.000000 0.000000
-1.55935705 1.71046400 -0.40815601 1792.000000 21.000000 2679.000000 0.000000
-1.55014801 1.72145605 -0.40853900 1795.000000 21.000000 3046.000000 0.000000
-1.56896603 1.76388800 -0.41715601 1357.000000 15.000000 3099.000000 0.000000
-1.57174301 1.78894305 -0.42117801 2022.000000 25.000000 2913.000000 0.000000
-1.57620394 1.81631899 -0.42577299 2494.000000 34.000000 3264.000000 0.000000
-1.56438994 1.82521200 -0.42558199 2330.000000 30.000000 4109.000000 0.000000
-1.56332695 1.84674597 -0.42864600 1199.000000 12.000000 3490.000000 0.000000
2.45058703 1.83012605 -0.55330902 1167.000000 19.000000 2929.000000 0.000000
2.45545602 1.81038702 -0.55177701 2041.000000 39.000000 2933.000000 0.000000
2.46413994 1.79355097 -0.55120200 2012.000000 38.000000 3057.000000 0.000000
2.45518994 1.76405394 -0.54641497 1570.000000 28.000000 3444.000000 0.000000
2.45477009 1.74099195 -0.54373401 1477.000000 24.000000 3064.000000 0.000000
2.45496297 1.71856594 -0.54124397 1561.000000 26.000000 2707.000000 0.000000
2.47110891 1.70738399 -0.54258502 1372.000000 22.000000 2914.000000 0.000000
2.48639989 1.69551301 -0.54373401 500.000000 7.000000 3097.000000 0.000000
-1.59200001 1.70987904 -0.47204801 1774.000000 13.000000 2405.000000 0.000000
-1.57619405 1.71386194 -0.47032100 2718.000000 25.000000 2340.000000 0.000000
-1.57089698 1.72928596 -0.47204801 2680.000000 24.000000 2470.000000 0.000000
-1.55308795 1.73089397 -0.46967399 2447.000000 21.000000 2622.000000 0.000000
-1.57285798 1.77475405 -0.47981501 1450.000000 10.000000 2405.000000 0.000000
-1.57993495 1.80495405 -0.48585600 2669.000000 24.000000 2474.000000 0.000000
-1.57521200 1.82200396 -0.48801401 3149.000000 32.000000 2945.000000 0.000000
-1.56717205 1.83535004 -0.48909199 3343.000000 37.000000 3838.000000 0.000000
-1.55965495 1.84941196 -0.49038699 2032.000000 16.000000 3037.000000 0.000000
2.44070101 1.83727896 -0.63084501 1125.000000 12.000000 2067.000000 0.000000
2.45584798 1.82517898 -0.63192397 1888.000000 22.000000 1958.000000 0.000000
2.45912600 1.80430305 -0.62976700 2178.000000 27.000000 2112.000000 0.000000
2.46461296 1.78517306 -0.62825602 2185.000000 27.000000 2344.000000 0.000000
2.46598601 1.76320601 -0.62566698 2260.000000 29.000000 2401.000000 0.000000
2.45760608 1.73453701 -0.62048900 2069.000000 25.000000 2171.000000 0.000000
2.46579790 1.71775103 -0.61984199 1972.000000 24.000000 2397.000000 0.000000
-1.59069097 1.71863997 -0.53084499 1546.000000 17.000000 2633.000000 0.000000
-1.57552004 1.72335899 -0.52917397 1878.000000 22.000000 2747.000000 0.000000
-1.56687200 1.73515201 -0.52989000 1958.000000 24.000000 3123.000000 0.000000
-1.56267202 1.75197005 -0.53227699 1502.000000 17.000000 3110.000000 0.000000
-1.57954895 1.79281104 -0.54254198 914.000000 9.000000 3300.000000 0.000000
-1.58065498 1.81636703 -0.54707700 1830.000000 21.000000 3045.000000 0.000000
-1.56757700 1.82382596 -0.54636103 2281.000000 29.000000 3373.000000 0.000000
-1.57083905 1.85041296 -0.55185097 2509.000000 39.000000 4234.000000 0.000000
-1.55508006 1.85481501 -0.55018002 1410.000000 15.000000 3234.000000 0.000000
2.45910001 1.86549902 -0.71393001 1063.000000 17.000000 2406.000000 0.000000
2.45496988 1.83871198 -0.70915598 1181.000000 19.000000 2513.000000 0.000000
2.44748402 1.80973303 -0.70342702 1422.000000 24.000000 2739.000000 0.000000
2.45932698 1.79525495 -0.70366597 1380.000000 23.000000 2397.000000 0.000000
2.44117308 1.75908697 -0.69483399 1622.000000 29.000000 2857.000000 0.000000
2.44796801 1.74125504 -0.69364101 1589.000000 28.000000 2663.000000 0.000000
2.45781112 1.72564304 -0.69340199 1545.000000 27.000000 2847.000000 0.000000
2.48111200 1.71939600 -0.69722098 924.000000 15.000000 2861.000000 0.000000
-1.60511899 1.72458196 -0.59673202 1019.000000 7.000000 2988.000000 0.000000
-1.58276105 1.72160697 -0.59199703 2511.000000 22.000000 2149.000000 0.000000
-1.57605600 1.73557401 -0.59357500 2517.000000 22.000000 2225.000000 0.000000
-1.57567799 1.75670898 -0.59778398 2581.000000 23.000000 2561.000000 0.000000
-1.57573903 1.77862704 -0.60225600 2141.000000 17.000000 2433.000000 0.000000
-1.58003402 1.80569601 -0.60856801 2583.000000 23.000000 2392.000000 0.000000
-1.57081604 1.81754804 -0.60935700 3087.000000 31.000000 2862.000000 0.000000
-1.56401598 1.83229101 -0.61119902 2893.000000 32.000000 3258.000000 0.000000
-1.55274403 1.84185302 -0.61119902 2440.000000 24.000000 3001.000000 0.000000
2.46193194 1.73695004 -0.77585602 1891.000000 22.000000 2044.000000 0.000000
-1.59527504 1.73947096 -0.65742302 1882.000000 22.000000 2645.000000 0.000000
-1.58457100 1.74922597 -0.65742302 2228.000000 28.000000 2822.000000 0.000000
-1.57572901 1.76105595 -0.65828001 2023.000000 25.000000 2973.000000 0.000000
-1.57761097 1.78503096 -0.66399401 1698.000000 20.000000 3019.000000 0.000000
-1.56978500 1.79828203 -0.66542202 2115.000000 26.000000 2537.000000 0.000000
-1.57690501 1.82889795 -0.67370701 2564.000000 41.000000 3234.000000 0.000000
-1.56565297 1.83853900 -0.67370701 2585.000000 41.000000 3559.000000 0.000000
-1.55619597 1.85030794 -0.67456400 1752.000000 24.000000 2693.000000 0.000000
-1.55463099 1.87160099 -0.67913502 1460.000000 19.000000 2586.000000 0.000000
-1.53702700 1.87370503 -0.67627901 1198.000000 15.000000 2579.000000 0.000000
-1.61321795 1.75781703 -0.73049903 1862.000000 16.000000 1524.000000 0.000000
-1.57815194 1.74090099 -0.71872503 1393.000000 10.000000 1425.000000 0.000000
-1.56617200 1.74913394 -0.71810502 681.000000 4.000000 1301.000000 0.000000
-1.55352199 1.75657296 -0.71717602 225.000000 1.000000 1167.000000 0.000000
-1.54333901 1.76678896 -0.71748501 207.000000 1.000000 1188.000000 0.000000
-1.56040001 1.80863595 -0.73142898 422.000000 3.000000 1156.000000 0.000000
-1.54126203 1.80876398 -0.72740102 1060.000000 8.000000 1605.000000 0.000000
-1.53931201 1.82910395 -0.73204798 2101.000000 19.000000 2107.000000 0.000000
0.32646501 1.82325304 -0.13789400 3450.000000 38.000000 4353.000000 0.000000
0.33818501 1.82415199 -0.13818200 3416.000000 37.000000 4117.000000 0.000000
0.34659001 1.80737400 -0.13674100 1053.000000 7.000000 4692.000000 0.000000
0.37695199 1.78704596 -0.13539700 2665.000000 23.000000 2671.000000 0.000000
0.38812000 1.78567302 -0.13549300 2651.000000 23.000000 2773.000000 0.000000
0.39799201 1.77839899 -0.13501300 2519.000000 21.000000 2937.000000 0.000000
0.40801200 1.77204096 -0.13462900 2393.000000 20.000000 3262.000000 0.000000
0.42183101 1.78210294 -0.13587700 1024.000000 6.000000 4732.000000 0.000000
0.30155501 1.81977701 -0.18271300 2324.000000 15.000000 3670.000000 0.000000
0.31778499 1.84723794 -0.18633300 4124.000000 48.000000 3382.000000 0.000000
0.32543901 1.82473302 -0.18379900 2965.000000 22.000000 3585.000000 0.000000
0.34368700 1.86076903 -0.18850499 225.000000 1.000000 4647.000000 0.000000
0.36495000 1.79091096 -0.18066201 1228.000000 6.000000 3354.000000 0.000000
0.37675199 1.79252303 -0.18114500 2779.000000 20.000000 2334.000000 0.000000
0.38668901 1.78532696 -0.18054099 3065.000000 24.000000 2223.000000 0.000000
0.39872000 1.78776503 -0.18114500 2761.000000 20.000000 2188.000000 0.000000
0.40990499 1.78625202 -0.18126500 2798.000000 20.000000 2491.000000 0.000000
0.41811401 1.77211106 -0.17981800 2209.000000 14.000000 3518.000000 0.000000
0.31639200 1.83942497 -0.22886200 3020.000000 29.000000 3906.000000 0.000000
0.32801601 1.83939803 -0.22915000 3423.000000 38.000000 4031.000000 0.000000
0.34053999 1.84416604 -0.23015501 1408.000000 10.000000 4754.000000 0.000000
0.36635700 1.91886401 -0.24150500 465.000000 3.000000 5202.000000 0.000000
0.37286299 1.82982397 -0.22900601 1002.000000 6.000000 4130.000000 0.000000
0.37582099 1.78777695 -0.22311600 2448.000000 21.000000 2942.000000 0.000000
0.38678399 1.78543794 -0.22311600 2581.000000 22.000000 2816.000000 0.000000
0.39645100 1.77723300 -0.22225399 2400.000000 20.000000 2733.000000 0.000000
0.40669101 1.77187204 -0.22182301 2300.000000 19.000000 2881.000000 0.000000
0.41778001 1.77030694 -0.22196600 1759.000000 13.000000 3899.000000 0.000000
0.42586100 1.75616300 -0.22024199 200.000000 1.000000 5532.000000 0.000000
0.31876799 1.85292900 -0.27822199 1660.000000 9.000000 2733.000000 0.000000
0.32856801 1.84220505 -0.27670699 3433.000000 30.000000 2491.000000 0.000000
0.34058401 1.84403098 -0.27737999 3037.000000 23.000000 2680.000000 0.000000
0.35263500 1.84577894 -0.27805400 781.000000 4.000000 3364.000000 0.000000
0.37644401 1.84710705 -0.27906400 1163.000000 6.000000 2663.000000 0.000000
0.37637800 1.79075003 -0.26963800 2889.000000 21.000000 2134.000000 0.000000
0.38652101 1.78455400 -0.26896501 3040.000000 23.000000 2128.000000 0.000000
0.39832500 1.78599596 -0.26963800 2875.000000 21.000000 2122.000000 0.000000
0.40949699 1.78447902 -0.26980600 2799.000000 20.000000 2201.000000 0.000000
0.42134699 1.78577006 -0.27047899 2485.000000 17.000000 2800.000000 0.000000
0.32807699 1.85092795 -0.32332399 1255.000000 8.000000 3841.000000 0.000000
0.34100401 1.85757196 -0.32504699 2915.000000 32.000000 3209.000000 0.000000
0.35130900 1.84965706 -0.32389799 2246.000000 21.000000 3618.000000 0.000000
0.37163001 1.89371502 -0.33309001 431.000000 3.000000 5137.000000 0.000000
0.37952900 1.81500399 -0.31834501 1937.000000 15.000000 3214.000000 0.000000
0.38472101 1.78480399 -0.31279200 2400.000000 20.000000 2612.000000 0.000000
0.39587599 1.78336799 -0.31298301 2351.000000 19.000000 2683.000000 0.000000
0.40746000 1.78377700 -0.31355801 2245.000000 18.000000 2642.000000 0.000000
0.41906500 1.78411198 -0.31413200 2060.000000 16.000000 3027.000000 0.000000
0.43137300 1.78723395 -0.31528100 859.000000 5.000000 4254.000000 0.000000
0.33202201 1.85964799 -0.37323001 701.000000 3.000000 2802.000000 0.000000
0.34698999 1.87677705 -0.37754601 3285.000000 29.000000 2609.000000 0.000000
0.35868299 1.87557197 -0.37776101 3205.000000 28.000000 2644.000000 0.000000
0.36676499 1.85609496 -0.37387800 1199.000000 7.000000 4008.000000 0.000000
0.37600100 1.78744400 -0.35942200 2185.000000 14.000000 2434.000000 0.000000
0.38800001 1.78987396 -0.36050099 2595.000000 18.000000 2091.000000 0.000000
0.39876100 1.78650606 -0.36028501 2627.000000 18.000000 2032.000000 0.000000
0.40971601 1.78402603 -0.36028501 2714.000000 19.000000 2203.000000 0.000000
0.42042899 1.78052795 -0.36006901 2323.000000 15.000000 2473.000000 0.000000
0.43342501 1.78645396 -0.36201099 814.000000 4.000000 4258.000000 0.000000
0.35262999 1.87089396 -0.42319000 2795.000000 30.000000 3535.000000 0.000000
0.36685899 1.88299894 -0.42677099 3092.000000 36.000000 3551.000000 0.000000
0.37290800 1.85309196 -0.41984800 978.000000 7.000000 4275.000000 0.000000
0.38564000 1.85742795 -0.42151901 799.000000 6.000000 3716.000000 0.000000
0.38334399 1.79042602 -0.40528700 2203.000000 18.000000 2624.000000 0.000000
0.39432299 1.78804004 -0.40528700 2294.000000 19.000000 2752.000000 0.000000
0.40592599 1.78842902 -0.40600401 2233.000000 18.000000 2744.000000 0.000000
0.41645399 1.78401303 -0.40552601 2354.000000 19.000000 2950.000000 0.000000
0.42761701 1.78236902 -0.40576500 1792.000000 13.000000 3381.000000 0.000000
0.35822299 1.87143695 -0.47389600 2596.000000 19.000000 2656.000000 0.000000
0.37195301 1.88056004 -0.47705299 3011.000000 25.000000 2766.000000 0.000000
0.38038701 1.86311901 -0.47284400 1243.000000 7.000000 3270.000000 0.000000
0.38822100 1.84375894 -0.46811000 1350.000000 8.000000 2171.000000 0.000000
0.38782901 1.78760803 -0.45311701 2524.000000 17.000000 1980.000000 0.000000
0.39984500 1.78990197 -0.45443201 2469.000000 16.000000 1956.000000 0.000000
0.41038701 1.78553498 -0.45390600 2473.000000 17.000000 1968.000000 0.000000
0.42177999 1.78486097 -0.45443201 2437.000000 16.000000 2209.000000 0.000000
0.43363699 1.78598905 -0.45548400 1522.000000 8.000000 2669.000000 0.000000
0.36502799 1.88924801 -0.52743500 2457.000000 25.000000 3094.000000 0.000000
0.37679899 1.88791203 -0.52772099 2741.000000 29.000000 3377.000000 0.000000
0.38665301 1.87711406 -0.52514899 898.000000 7.000000 3525.000000 0.000000
0.39303899 1.85032201 -0.51772100 1304.000000 10.000000 2902.000000 0.000000
0.39180601 1.78980601 -0.50000900 2243.000000 18.000000 2504.000000 0.000000
0.40236300 1.78549802 -0.49943700 2180.000000 17.000000 2545.000000 0.000000
0.41395399 1.78579795 -0.50029403 2405.000000 20.000000 2621.000000 0.000000
0.42490399 1.78322399 -0.50029403 2242.000000 18.000000 2772.000000 0.000000
0.43877301 1.79269099 -0.50400800 1461.000000 12.000000 3291.000000 0.000000
0.36421701 1.89384103 -0.58146298 2856.000000 23.000000 2599.000000 0.000000
0.37452900 1.88504398 -0.57929403 2751.000000 21.000000 2757.000000 0.000000
0.39854601 1.94324303 -0.59943402 1080.000000 6.000000 2475.000000 0.000000
0.39109001 1.79516304 -0.55171698 2449.000000 17.000000 2076.000000 0.000000
0.40251499 1.79458499 -0.55233699 2288.000000 16.000000 1973.000000 0.000000
0.41287601 1.78930295 -0.55140799 2317.000000 16.000000 1982.000000 0.000000
0.42384699 1.78673506 -0.55140799 2321.000000 16.000000 2175.000000 0.000000
0.43480200 1.78410101 -0.55140799 1925.000000 12.000000 2781.000000 0.000000
0.36485401 1.90793502 -0.63605100 2569.000000 26.000000 3070.000000 0.000000
0.37564901 1.90103102 -0.63439101 2273.000000 22.000000 3597.000000 0.000000
0.39177400 1.80617797 -0.60285199 1759.000000 15.000000 2811.000000 0.000000
0.40183201 1.79913497 -0.60119200 1929.000000 17.000000 2515.000000 0.000000
0.41307199 1.79755497 -0.60152400 1871.000000 17.000000 2434.000000 0.000000
0.42344999 1.79223096 -0.60052800 1909.000000 17.000000 2467.000000 0.000000
0.43355700 1.78593099 -0.59920001 1831.000000 16.000000 2956.000000 0.000000
0.36167800 1.94286597 -0.70455801 1780.000000 12.000000 1893.000000 0.000000
0.36313301 1.88647902 -0.68354899 2605.000000 19.000000 2414.000000 0.000000
0.37378699 1.87963402 -0.68176901 2267.000000 16.000000 1703.000000 0.000000
0.38625500 1.88188100 -0.68354899 2659.000000 20.000000 2321.000000 0.000000
0.39779499 1.87947500 -0.68354899 2603.000000 19.000000 2379.000000 0.000000
0.39713600 1.82131505 -0.66182798 2475.000000 18.000000 2132.000000 0.000000
0.40707201 1.81337404 -0.65969199 2473.000000 18.000000 2017.000000 0.000000
0.41207400 1.78444302 -0.64936501 2293.000000 16.000000 1842.000000 0.000000
0.42258200 1.78006303 -0.64865297 2195.000000 15.000000 1986.000000 0.000000
0.43371901 1.77834404 -0.64900899 2085.000000 14.000000 2111.000000 0.000000
0.46192300 1.84452796 -0.67607200 1369.000000 8.000000 2139.000000 0.000000
0.38400400 1.90601301 -0.74393499 1692.000000 15.000000 2249.000000 0.000000
0.39047000 1.87822604 -0.73335999 1905.000000 17.000000 2321.000000 0.000000
0.39987400 1.86583102 -0.72920501 1960.000000 18.000000 2712.000000 0.000000
0.40558401 1.83710802 -0.71825302 2103.000000 20.000000 2494.000000 0.000000
0.41501999 1.82645500 -0.71485299 1953.000000 18.000000 2390.000000 0.000000
0.41724500 1.78508401 -0.69861299 1740.000000 15.000000 2175.000000 0.000000
0.42818999 1.78249002 -0.69861299 1646.000000 14.000000 2195.000000 0.000000
0.43911901 1.77982903 -0.69861299 1704.000000 15.000000 2759.000000 0.000000
0.40496799 1.79970503 -0.75930703 1894.000000 12.000000 2087.000000 0.000000
0.41538200 1.79451096 -0.75810200 1869.000000 12.000000 2063.000000 0.000000
0.42468399 1.78480196 -0.75488800 1953.000000 13.000000 2138.000000 0.000000
0.43606400 1.78394198 -0.75569099 1733.000000 11.000000 2345.000000 0.000000
-1.56750703 -2.32110500 -0.43542999 815.000000 7.000000 4623.000000 0.000000
-1.57225001 -2.29761791 -0.43256900 2268.000000 25.000000 2714.000000 0.000000
-1.58800399 -2.29035711 -0.43307400 2712.000000 33.000000 2643.000000 0.000000
-1.60259497 -2.28137708 -0.43324199 2751.000000 34.000000 2772.000000 0.000000
-1.59425700 -2.24018908 -0.42667800 2348.000000 26.000000 3399.000000 0.000000
-1.60105097 -2.22077298 -0.42465800 2540.000000 30.000000 3114.000000 0.000000
-1.61231995 -2.20772409 -0.42398500 2947.000000 38.000000 4045.000000 0.000000
-1.62583601 -2.19778991 -0.42398500 1832.000000 18.000000 3893.000000 0.000000
-1.57658398 -2.28351808 -0.49796700 1345.000000 20.000000 3201.000000 0.000000
-1.58326697 -2.26333499 -0.49547699 1942.000000 32.000000 3357.000000 0.000000
-1.58919501 -2.24235606 -0.49279600 2040.000000 34.000000 3522.000000 0.000000
-1.59492600 -2.22138906 -0.49011499 2019.000000 34.000000 4409.000000 0.000000
-1.59297001 -2.19010711 -0.48494500 2181.000000 38.000000 4845.000000 0.000000
-1.61102605 -2.18662000 -0.48647699 1907.000000 31.000000 4399.000000 0.000000
-1.62441301 -2.17669392 -0.48647699 1346.000000 20.000000 3518.000000 0.000000
-1.62946796 -2.15571189 -0.48379600 471.000000 6.000000 3029.000000 0.000000
-1.58415198 -2.28396511 -0.57000202 1952.000000 20.000000 2838.000000 0.000000
-1.59420395 -2.26861191 -0.56849098 2643.000000 32.000000 2840.000000 0.000000
-1.60752702 -2.25799203 -0.56827599 2713.000000 33.000000 3024.000000 0.000000
-1.58934498 -2.20375109 -0.55619299 2386.000000 27.000000 3727.000000 0.000000
-1.59361506 -2.18134689 -0.55274099 2908.000000 37.000000 3562.000000 0.000000
-1.60755098 -2.17231202 -0.55295700 2868.000000 36.000000 3717.000000 0.000000
-1.63139796 -2.17646599 -0.55684000 1780.000000 18.000000 4046.000000 0.000000
-1.58686900 -2.27520490 -0.63706797 858.000000 12.000000 4106.000000 0.000000
-1.59912097 -2.26304412 -0.63635200 1428.000000 21.000000 3172.000000 0.000000
-1.60790002 -2.24607611 -0.63420397 1787.000000 28.000000 3063.000000 0.000000
-1.62506497 -2.24088907 -0.63563597 1693.000000 27.000000 3266.000000 0.000000
-1.61870205 -2.20345497 -0.62728101 1901.000000 31.000000 4192.000000 0.000000
-1.62062001 -2.17788291 -0.62250698 2232.000000 39.000000 4918.000000 0.000000
-1.63278604 -2.16634607 -0.62203002 2181.000000 38.000000 5188.000000 0.000000
-1.64839995 -2.15937710 -0.62298399 895.000000 12.000000 5321.000000 0.000000
-1.58738804 -2.25809312 -0.70694202 1428.000000 13.000000 3153.000000 0.000000
-1.60401404 -2.25223899 -0.70825702 2073.000000 22.000000 2712.000000 0.000000
-1.61215496 -2.23453307 -0.70562702 2292.000000 25.000000 2649.000000 0.000000
-1.62469602 -2.22304106 -0.70510101 1861.000000 19.000000 3043.000000 0.000000
-1.62796605 -2.19907808 -0.70036602 2195.000000 24.000000 4298.000000 0.000000
-1.62636995 -2.16898489 -0.69352698 2940.000000 38.000000 4532.000000 0.000000
-1.63964796 -2.15896511 -0.69352698 2497.000000 29.000000 3785.000000 0.000000
-1.65463102 -2.15115690 -0.69431603 509.000000 4.000000 3834.000000 0.000000
-1.60687995 -2.25205493 -0.77855498 1296.000000 21.000000 3388.000000 0.000000
-1.61898696 -2.23982000 -0.77769798 1845.000000 32.000000 3419.000000 0.000000
-1.63326502 -2.23061800 -0.77798402 1861.000000 33.000000 3480.000000 0.000000
-1.63096797 -2.19897890 -0.76998401 1719.000000 27.000000 4967.000000 0.000000
-1.62949300 -2.16898704 -0.76255602 2220.000000 39.000000 5257.000000 0.000000
-1.64103401 -2.15665698 -0.76169902 2142.000000 37.000000 4597.000000 0.000000
-1.65073299 -2.14198804 -0.75998503 698.000000 9.000000 4899.000000 0.000000
-1.59889197 -2.24095511 -0.85009998 1099.000000 11.000000 3252.000000 0.000000
-1.60815299 -2.22494006 -0.84762102 2181.000000 26.000000 2785.000000 0.000000
-1.62795699 -2.22346592 -0.85102898 2409.000000 30.000000 2853.000000 0.000000
-1.62513399 -2.19129705 -0.84204400 2271.000000 25.000000 4182.000000 0.000000
-1.62483501 -2.16304588 -0.83460802 2824.000000 36.000000 4394.000000 0.000000
-1.63865197 -2.15379190 -0.83491701 2912.000000 38.000000 4169.000000 0.000000
-1.64602995 -2.13616800 -0.83181900 1157.000000 10.000000 3842.000000 0.000000
-1.60507405 -2.22944593 -0.91924399 616.000000 9.000000 3351.000000 0.000000
-1.62094200 -2.22260690 -0.92057198 1529.000000 25.000000 3306.000000 0.000000
-1.63175201 -2.20882201 -0.91891199 1651.000000 28.000000 3753.000000 0.000000
-1.62158597 -2.16701198 -0.90496898 1851.000000 30.000000 5346.000000 0.000000
-1.62973404 -2.15024805 -0.90198100 2087.000000 36.000000 5439.000000 0.000000
-1.63945794 -2.13571310 -0.89998901 1877.000000 31.000000 4851.000000 0.000000
-1.65253198 -2.12561297 -0.89998901 671.000000 9.000000 3771.000000 0.000000
-1.78348398 -2.12776589 -0.92953598 187.000000 2.000000 2194.000000 0.000000
-1.54818106 -2.25578904 -0.99405599 272.000000 2.000000 1611.000000 0.000000
-1.53966296 -2.18545604 -0.97019798 318.000000 2.000000 1740.000000 0.000000
-1.60307503 -2.21711493 -0.99405599 856.000000 8.000000 2779.000000 0.000000
-1.60780799 -2.19517899 -0.98835897 2054.000000 24.000000 2824.000000 0.000000
-1.61010396 -2.17026901 -0.98123699 1928.000000 22.000000 3253.000000 0.000000
-1.59923601 -2.12823701 -0.96592498 2471.000000 29.000000 5365.000000 0.000000
-1.61169803 -2.11764097 -0.96556902 2522.000000 30.000000 4136.000000 0.000000
-1.62352002 -2.10623288 -0.96485698 2535.000000 30.000000 4108.000000 0.000000
-1.64389300 -2.10580301 -0.96948600 1911.000000 20.000000 3712.000000 0.000000
-1.66895998 -2.11106491 -0.97696400 1177.000000 12.000000 2847.000000 0.000000
-1.74716306 -2.10179400 -0.99298799 714.000000 6.000000 3227.000000 0.000000
-1.68659496 -2.29491496 -1.11255002 1239.000000 21.000000 3202.000000 0.000000
-1.59359002 -2.14027691 -1.03928006 1223.000000 19.000000 2887.000000 0.000000
-1.57998598 -2.09493208 -1.02115095 1522.000000 24.000000 3218.000000 0.000000
-1.59281099 -2.08519793 -1.02115095 1542.000000 24.000000 3162.000000 0.000000
-1.60557497 -2.07538509 -1.02115095 1788.000000 29.000000 3761.000000 0.000000
-1.64050603 -2.09395599 -1.03588104 1186.000000 17.000000 2551.000000 0.000000
-1.66078997 -2.09329200 -1.04079103 1215.000000 19.000000 2620.000000 0.000000
0.25089100 -2.33055902 -0.41390100 146.000000 1.000000 3884.000000 0.000000
0.46799800 -2.19814396 -0.45241401 2363.000000 18.000000 4502.000000 0.000000
0.45489499 -2.20288706 -0.45284501 3656.000000 45.000000 4621.000000 0.000000
0.44270700 -2.21234012 -0.45435500 2992.000000 30.000000 3322.000000 0.000000
0.43727100 -2.25719905 -0.46384901 2735.000000 25.000000 2555.000000 0.000000
0.42377201 -2.26175904 -0.46428001 2756.000000 25.000000 2096.000000 0.000000
0.40832600 -2.25566792 -0.46233800 2595.000000 23.000000 2960.000000 0.000000
0.39028999 -2.23408198 -0.45694500 2007.000000 16.000000 3182.000000 0.000000
0.37625200 -2.23450804 -0.45651299 2094.000000 17.000000 3813.000000 0.000000
0.36642599 -2.26087403 -0.46190700 2669.000000 24.000000 3661.000000 0.000000
0.34865299 -2.23799205 -0.45629701 2023.000000 16.000000 4444.000000 0.000000
0.33433899 -2.23622608 -0.45543399 2417.000000 21.000000 4377.000000 0.000000
0.45811000 -2.18454790 -0.50387198 1208.000000 11.000000 4806.000000 0.000000
0.44567299 -2.19207406 -0.50506502 2846.000000 42.000000 5514.000000 0.000000
0.43959901 -2.23191309 -0.51437497 2353.000000 31.000000 4101.000000 0.000000
0.42699599 -2.24028993 -0.51580697 2137.000000 27.000000 3514.000000 0.000000
0.41341999 -2.24382305 -0.51604599 2266.000000 29.000000 2953.000000 0.000000
0.40119001 -2.25492001 -0.51819402 2459.000000 33.000000 2995.000000 0.000000
0.38684899 -2.25446796 -0.51747799 1906.000000 23.000000 3158.000000 0.000000
0.37044799 -2.24147391 -0.51365900 786.000000 8.000000 4280.000000 0.000000
0.34975100 -2.20056009 -0.50291699 1525.000000 15.000000 4753.000000 0.000000
0.34291399 -2.24585199 -0.51365900 1774.000000 21.000000 4636.000000 0.000000
0.32926899 -2.24887395 -0.51389700 1750.000000 20.000000 3535.000000 0.000000
0.31655601 -2.25854397 -0.51580697 1700.000000 19.000000 3096.000000 0.000000
0.30543399 -2.28065109 -0.52082002 628.000000 6.000000 3904.000000 0.000000
0.46291801 -2.17606401 -0.56095999 1539.000000 11.000000 3685.000000 0.000000
0.44819701 -2.17224789 -0.55911797 3104.000000 28.000000 4977.000000 0.000000
0.43636799 -2.18252707 -0.56122297 2884.000000 28.000000 3402.000000 0.000000
0.43046299 -2.22400308 -0.57200700 2320.000000 19.000000 3167.000000 0.000000
0.42087901 -2.24841595 -0.57805699 2626.000000 24.000000 2637.000000 0.000000
0.40724599 -2.25190592 -0.57832003 2681.000000 24.000000 2197.000000 0.000000
0.39259401 -2.24960995 -0.57700402 2409.000000 21.000000 2426.000000 0.000000
0.38069701 -2.26339507 -0.58016098 785.000000 5.000000 2621.000000 0.000000
0.26265800 -2.34807801 -0.59857303 667.000000 4.000000 2526.000000 0.000000
0.24875000 -2.35444188 -0.59988803 1294.000000 9.000000 2944.000000 0.000000
0.19243900 -2.37907195 -0.60514897 1383.000000 10.000000 4289.000000 0.000000
0.17790900 -2.38117003 -0.60541201 1477.000000 10.000000 3980.000000 0.000000
0.16565201 -2.41686893 -0.61488098 897.000000 6.000000 2797.000000 0.000000
0.44435200 -2.16854405 -0.61371303 1908.000000 23.000000 5418.000000 0.000000
0.43160301 -2.17404795 -0.61457002 3144.000000 51.000000 5415.000000 0.000000
0.41971600 -2.18418193 -0.61685503 2990.000000 46.000000 4705.000000 0.000000
0.41337600 -2.22439098 -0.62828302 2231.000000 29.000000 3377.000000 0.000000
0.39869401 -2.22122788 -0.62656897 2336.000000 30.000000 2930.000000 0.000000
0.38753501 -2.23779202 -0.63085401 2184.000000 28.000000 3112.000000 0.000000
0.37523201 -2.24863291 -0.63342500 977.000000 10.000000 4454.000000 0.000000
0.17940900 -2.43892503 -0.68284899 558.000000 6.000000 4606.000000 0.000000
0.16542999 -2.45432091 -0.68713498 997.000000 12.000000 4244.000000 0.000000
0.44376001 -2.16011405 -0.67162800 1836.000000 14.000000 4916.000000 0.000000
0.43012801 -2.16093111 -0.67100799 3376.000000 38.000000 4460.000000 0.000000
0.41972899 -2.17846894 -0.67596602 3038.000000 31.000000 3534.000000 0.000000
0.41121501 -2.20717812 -0.68464202 2454.000000 21.000000 2498.000000 0.000000
0.39917499 -2.21808195 -0.68743002 2445.000000 21.000000 2196.000000 0.000000
0.38653001 -2.22611094 -0.68928897 2440.000000 21.000000 2815.000000 0.000000
0.37567800 -2.24532199 -0.69486701 1250.000000 9.000000 5043.000000 0.000000
0.43639100 -2.17651296 -0.73365802 1749.000000 21.000000 5441.000000 0.000000
0.42121401 -2.16989398 -0.73033798 2707.000000 39.000000 4403.000000 0.000000
0.41035199 -2.18541193 -0.73498601 2242.000000 29.000000 3992.000000 0.000000
0.40254799 -2.21850705 -0.74594200 1700.000000 20.000000 2933.000000 0.000000
0.39007801 -2.22743702 -0.74826598 1855.000000 22.000000 2716.000000 0.000000
0.37672099 -2.23164797 -0.74892998 1786.000000 21.000000 3526.000000 0.000000
0.42557400 -2.13991594 -0.78289700 1307.000000 9.000000 4733.000000 0.000000
0.41331699 -2.14707589 -0.78467798 3292.000000 36.000000 4277.000000 0.000000
0.40166900 -2.15784001 -0.78788298 2755.000000 26.000000 3676.000000 0.000000
0.39600199 -2.20257497 -0.80426300 2139.000000 17.000000 2414.000000 0.000000
0.38263801 -2.20588493 -0.80461901 2117.000000 17.000000 2344.000000 0.000000
0.37247300 -2.22847009 -0.81245202 1189.000000 8.000000 4522.000000 0.000000
0.41132101 -2.16201496 -0.84855199 1844.000000 22.000000 4818.000000 0.000000
0.39550999 -2.15084291 -0.84288698 2391.000000 32.000000 3952.000000 0.000000
0.38737699 -2.18148208 -0.85459501 1773.000000 21.000000 3390.000000 0.000000
0.37477401 -2.18838000 -0.85648298 1718.000000 20.000000 2650.000000 0.000000
0.36225399 -2.19611812 -0.85874897 965.000000 10.000000 3594.000000 0.000000
0.41560599 -2.16505909 -0.91720998 1283.000000 9.000000 4003.000000 0.000000
0.39881599 -2.14865899 -0.90877301 2541.000000 23.000000 4245.000000 0.000000
0.38546401 -2.15016389 -0.90837097 2492.000000 22.000000 3779.000000 0.000000
0.37894899 -2.19129300 -0.92564797 1858.000000 14.000000 2726.000000 0.000000
0.36759600 -2.20622492 -0.93127298 1211.000000 8.000000 2846.000000 0.000000
0.40360200 -2.16323709 -0.97637600 1356.000000 15.000000 4010.000000 0.000000
0.38804701 -2.15319204 -0.97045499 2167.000000 28.000000 3835.000000 0.000000
0.37702501 -2.16802692 -0.97637600 1717.000000 20.000000 3227.000000 0.000000
0.36841100 -2.19799495 -0.98948699 1539.000000 18.000000 2503.000000 0.000000
0.35462499 -2.19842601 -0.98864102 643.000000 6.000000 2594.000000 0.000000
0.41358900 -2.16462588 -1.04849195 1420.000000 10.000000 4183.000000 0.000000
0.39689800 -2.14864492 -1.03911197 2539.000000 23.000000 4961.000000 0.000000
0.38370699 -2.15104008 -1.03911197 2578.000000 24.000000 3857.000000 0.000000
0.37216401 -2.16305399 -1.04402602 1830.000000 14.000000 2527.000000 0.000000
0.36442301 -2.19884109 -1.06099904 1403.000000 10.000000 2748.000000 0.000000
0.38755101 -2.11125708 -1.08273697 1903.000000 24.000000 5329.000000 0.000000
0.37427700 -2.11185598 -1.08180201 1796.000000 22.000000 4943.000000 0.000000
0.36221600 -2.11933899 -1.08460605 1639.000000 19.000000 4470.000000 0.000000
0.35225701 -2.13983297 -1.09442306 1007.000000 11.000000 3014.000000 0.000000
2.58038497 -2.33347297 -0.55123299 1048.000000 12.000000 3172.000000 0.000000
2.45627189 -2.24871111 -0.52581698 1712.000000 21.000000 2485.000000 0.000000
2.44387388 -2.26507998 -0.52615303 2232.000000 30.000000 2843.000000 0.000000
2.43352199 -2.28340697 -0.52699500 2290.000000 32.000000 2929.000000 0.000000
2.42375207 -2.30237103 -0.52800500 2291.000000 32.000000 2698.000000 0.000000
2.40815902 -2.31583190 -0.52766800 2246.000000 31.000000 2505.000000 0.000000
2.39037395 -2.32712507 -0.52682698 2179.000000 29.000000 2755.000000 0.000000
2.37043500 -2.33621097 -0.52547997 2047.000000 27.000000 2508.000000 0.000000
2.35675406 -2.35140800 -0.52564901 608.000000 6.000000 5300.000000 0.000000
2.46510696 -2.21892691 -0.60367203 615.000000 10.000000 4378.000000 0.000000
2.44781399 -2.23071003 -0.60271400 1007.000000 17.000000 3297.000000 0.000000
2.44130301 -2.25233412 -0.60462898 1370.000000 25.000000 2877.000000 0.000000
2.43030906 -2.26994801 -0.60539502 1340.000000 24.000000 2841.000000 0.000000
2.41704893 -2.28549099 -0.60558599 1291.000000 23.000000 2258.000000 0.000000
2.40369010 -2.30095601 -0.60577798 1281.000000 23.000000 2672.000000 0.000000
2.37753010 -2.30406499 -0.60252303 1737.000000 33.000000 2915.000000 0.000000
2.35282707 -2.30831099 -0.59965003 1602.000000 30.000000 2808.000000 0.000000
2.35674596 -2.34066606 -0.60462898 936.000000 16.000000 2964.000000 0.000000
2.33679605 -2.34952211 -0.60309702 430.000000 6.000000 3087.000000 0.000000
2.51745510 -2.22173500 -0.69773000 1367.000000 16.000000 3916.000000 0.000000
2.49649692 -2.23063111 -0.69557297 2238.000000 31.000000 3546.000000 0.000000
2.47335291 -2.23738790 -0.69276798 2662.000000 40.000000 3171.000000 0.000000
2.45669794 -2.24988294 -0.69190502 2047.000000 27.000000 2321.000000 0.000000
2.44714189 -2.26889992 -0.69319898 1663.000000 20.000000 1935.000000 0.000000
2.45096588 -2.30058599 -0.69859302 922.000000 10.000000 3876.000000 0.000000
2.40567088 -2.28597403 -0.68910003 1626.000000 20.000000 3082.000000 0.000000
2.38597202 -2.29527402 -0.68737400 2284.000000 31.000000 2699.000000 0.000000
2.37813711 -2.31600499 -0.68931597 1955.000000 25.000000 2879.000000 0.000000
2.49052191 -2.20810509 -0.77336699 1340.000000 24.000000 4758.000000 0.000000
2.47548008 -2.22204995 -0.77288997 2075.000000 43.000000 3932.000000 0.000000
2.46179891 -2.23719692 -0.77288997 1967.000000 40.000000 3526.000000 0.000000
2.46161890 -2.26473689 -0.77742499 899.000000 15.000000 4753.000000 0.000000
2.41454411 -2.27680898 -0.77098000 714.000000 12.000000 4390.000000 0.000000
2.39068294 -2.28220606 -0.76763898 1602.000000 30.000000 3097.000000 0.000000
2.37453699 -2.29481006 -0.76692200 1715.000000 33.000000 2954.000000 0.000000
2.35693693 -2.30594492 -0.76572901 855.000000 14.000000 5541.000000 0.000000
2.50142097 -2.18116999 -0.85923702 695.000000 7.000000 4502.000000 0.000000
2.48003697 -2.18945098 -0.85634398 2182.000000 30.000000 3953.000000 0.000000
2.46655703 -2.20462608 -0.85634398 2707.000000 41.000000 3331.000000 0.000000
2.45655799 -2.22295690 -0.85765898 1813.000000 23.000000 2927.000000 0.000000
2.45709491 -2.25102901 -0.86291897 451.000000 4.000000 3049.000000 0.000000
2.40889692 -2.26185203 -0.85529202 1844.000000 23.000000 2767.000000 0.000000
2.38798404 -2.26993990 -0.85266101 2201.000000 30.000000 2594.000000 0.000000
2.37609506 -2.28655791 -0.85345000 1605.000000 19.000000 2962.000000 0.000000
2.47217107 -2.18501210 -0.93739802 1680.000000 32.000000 4651.000000 0.000000
2.45013905 -2.19248104 -0.93396902 2290.000000 50.000000 4055.000000 0.000000
2.43877196 -2.20940208 -0.93482602 1632.000000 31.000000 3664.000000 0.000000
2.43860412 -2.23661494 -0.94025499 689.000000 12.000000 4022.000000 0.000000
2.41991305 -2.24697709 -0.93825501 908.000000 15.000000 3520.000000 0.000000
2.40538096 -2.26112795 -0.93796903 1635.000000 31.000000 3072.000000 0.000000
2.39215708 -2.27650404 -0.93825501 1766.000000 34.000000 2755.000000 0.000000
2.37883401 -2.29180288 -0.93853998 1058.000000 18.000000 4426.000000 0.000000
2.45998812 -2.14876390 -1.01741695 1085.000000 12.000000 3533.000000 0.000000
2.45387697 -2.17012000 -1.02051604 2575.000000 38.000000 3939.000000 0.000000
2.43909907 -2.18386602 -1.01989603 2663.000000 40.000000 3433.000000 0.000000
2.42987800 -2.20262408 -1.02175498 1986.000000 26.000000 2850.000000 0.000000
2.43312311 -2.23292804 -1.02919102 1238.000000 15.000000 2324.000000 0.000000
2.40614700 -2.23551393 -1.02330399 2032.000000 28.000000 2258.000000 0.000000
2.39376998 -2.25153899 -1.02392399 2067.000000 29.000000 2467.000000 0.000000
2.38472700 -2.27077699 -1.02609301 1390.000000 17.000000 2854.000000 0.000000
2.46602106 -2.09202504 -1.09055495 212.000000 3.000000 2322.000000 0.000000
2.45743608 -2.11079907 -1.09254706 180.000000 3.000000 2119.000000 0.000000
2.45583892 -2.13572693 -1.09785795 223.000000 3.000000 2314.000000 0.000000
2.44056201 -2.14888811 -1.09686196 1046.000000 18.000000 4138.000000 0.000000
2.41675711 -2.15442109 -1.09188294 1697.000000 33.000000 3719.000000 0.000000
2.40419292 -2.16984010 -1.09221494 1500.000000 28.000000 3018.000000 0.000000
2.40756607 -2.19980097 -1.10018206 1304.000000 24.000000 3097.000000 0.000000
2.39748907 -2.21773100 -1.10184205 1379.000000 26.000000 2208.000000 0.000000
2.38935089 -2.23755097 -1.10449803 1389.000000 26.000000 2422.000000 0.000000
2.37489104 -2.25152111 -1.10416603 911.000000 16.000000 2504.000000 0.000000
