-1.01013899 -2.13773894 1.51520896 40.000000 1.000000 193.000000 3.000000
-0.98842502 -2.08623695 1.39732504 2.000000 1.000000 186.000000 3.000000
-0.92325300 -2.04256606 1.07376695 1109.000000 12.000000 166.000000 3.000000
-0.94292402 -2.05251503 1.08181500 946.000000 10.000000 174.000000 3.000000
-0.95015699 -2.03519011 1.07588506 1033.000000 11.000000 185.000000 3.000000
-0.96262699 -2.02932096 1.07588506 896.000000 9.000000 167.000000 3.000000
-0.88787103 -2.05721807 1.00849700 20.000000 1.000000 173.000000 3.000000
-0.92038202 -2.09700608 1.03017700 335.000000 2.000000 170.000000 3.000000
-0.91790801 -2.05703712 1.01371598 1482.000000 11.000000 215.000000 3.000000
-0.92823899 -2.04636312 1.01130795 1937.000000 15.000000 234.000000 3.000000
-0.94269800 -2.04478693 1.01331496 1579.000000 11.000000 247.000000 3.000000
-0.95639402 -2.04145098 1.01451898 1555.000000 11.000000 187.000000 3.000000
-0.96535498 -2.02810407 1.01090598 887.000000 6.000000 212.000000 3.000000
-0.89954901 -2.08818197 0.89340001 1049.000000 7.000000 204.000000 3.000000
-0.93331099 -2.02813292 0.87774599 975.000000 6.000000 145.000000 3.000000
-0.94573802 -2.02236795 0.87774599 983.000000 6.000000 126.000000 3.000000
-0.92913598 -2.02937603 0.81474900 731.000000 7.000000 154.000000 3.000000
-0.94553500 -2.03219604 0.81807101 907.000000 9.000000 124.000000 3.000000
-0.95959300 -2.02976894 0.81939900 886.000000 9.000000 138.000000 3.000000
-0.88320398 -2.09038496 0.76760399 37.000000 1.000000 142.000000 3.000000
-0.88886899 -2.06833100 0.76172602 1110.000000 7.000000 149.000000 3.000000
-0.89811099 -2.05499792 0.75894201 582.000000 3.000000 145.000000 3.000000
-0.90992999 -2.04771090 0.75832301 801.000000 5.000000 136.000000 3.000000
-0.91895002 -2.03429198 0.75553900 1382.000000 9.000000 158.000000 3.000000
-0.94055301 -2.04848599 0.76265401 1062.000000 7.000000 146.000000 3.000000
-0.94706500 -2.02975392 0.75801402 1440.000000 10.000000 154.000000 3.000000
-0.88783801 -2.06131601 0.69885802 862.000000 8.000000 126.000000 3.000000
-0.89166099 -2.03562307 0.69229102 1030.000000 10.000000 150.000000 3.000000
-0.90413499 -2.03011394 0.69229102 1615.000000 18.000000 154.000000 3.000000
-0.91854298 -2.02889705 0.69371802 1774.000000 20.000000 170.000000 3.000000
-0.93496501 -2.03193593 0.69657302 1226.000000 13.000000 152.000000 3.000000
-0.94741499 -2.02616096 0.69657302 1221.000000 13.000000 139.000000 3.000000
-0.96433699 -2.02983999 0.69971400 397.000000 3.000000 99.000000 3.000000
-0.87658697 -2.07774305 0.64394802 292.000000 1.000000 106.000000 3.000000
-0.89274800 -2.08030391 0.64630902 814.000000 5.000000 115.000000 3.000000
-0.89080900 -2.04118896 0.63634002 1960.000000 15.000000 177.000000 3.000000
-0.90527600 -2.04009295 0.63765198 1931.000000 15.000000 168.000000 3.000000
-0.91499501 -2.02834392 0.63581502 2198.000000 18.000000 181.000000 3.000000
-0.92903501 -2.02620006 0.63686502 2208.000000 18.000000 154.000000 3.000000
-0.95491701 -2.04931688 0.64552200 1831.000000 14.000000 181.000000 3.000000
-0.87290698 -2.08908010 0.58813900 695.000000 6.000000 169.000000 3.000000
-0.88646603 -2.08547306 0.58861601 826.000000 8.000000 124.000000 3.000000
-0.89195299 -2.06304598 0.58408099 604.000000 5.000000 119.000000 3.000000
-0.90148097 -2.05041695 0.58217102 611.000000 5.000000 104.000000 3.000000
-0.90970302 -2.03508711 0.57954597 497.000000 4.000000 117.000000 3.000000
-0.92457402 -2.03477597 0.58097798 1149.000000 10.000000 159.000000 3.000000
-0.92892998 -2.01141810 0.57620400 1726.000000 17.000000 165.000000 3.000000
-0.88807702 -2.07337689 0.52897400 566.000000 3.000000 125.000000 3.000000
-0.88828498 -2.03924489 0.52209198 1142.000000 7.000000 146.000000 3.000000
-0.89919698 -2.03018594 0.52123100 1014.000000 6.000000 161.000000 3.000000
-0.91123497 -2.02374005 0.52101600 1013.000000 6.000000 150.000000 3.000000
-0.93177497 -2.03586602 0.52531803 1704.000000 11.000000 127.000000 3.000000
-0.87410498 -2.08485198 0.47362399 894.000000 9.000000 149.000000 3.000000
-0.87345803 -2.04782605 0.46692801 801.000000 7.000000 123.000000 3.000000
-0.87978297 -2.02800989 0.46386600 878.000000 7.000000 110.000000 3.000000
-0.87721598 -1.98842204 0.45659599 1735.000000 17.000000 131.000000 3.000000
-0.89220101 -1.98927605 0.45793501 1126.000000 10.000000 156.000000 3.000000
-0.91209602 -2.00074601 0.46157101 623.000000 5.000000 81.000000 3.000000
-0.93956298 -2.02809095 0.46864900 503.000000 4.000000 100.000000 3.000000
-0.85414898 -1.99619305 0.40239501 851.000000 4.000000 122.000000 3.000000
-0.87465400 -2.00989294 0.40591100 708.000000 4.000000 145.000000 3.000000
-0.89176399 -2.01530504 0.40792099 1286.000000 8.000000 137.000000 3.000000
-0.89925301 -1.99900901 0.40591100 611.000000 3.000000 125.000000 3.000000
-0.92668998 -2.02661800 0.41210699 485.000000 2.000000 94.000000 3.000000
-0.93661201 -2.01553106 0.41110200 260.000000 1.000000 124.000000 3.000000
-0.86929399 -2.06929994 0.36013201 886.000000 7.000000 153.000000 3.000000
-0.85757500 -2.00655389 0.35108101 1463.000000 14.000000 142.000000 3.000000
-0.87104899 -2.00397897 0.35151201 486.000000 4.000000 88.000000 3.000000
-0.87615699 -1.98229098 0.34892601 1354.000000 12.000000 129.000000 3.000000
-0.84895998 -2.02013302 0.29932401 908.000000 5.000000 112.000000 3.000000
-0.86485600 -2.02309990 0.30040199 2282.000000 16.000000 207.000000 3.000000
-0.87249702 -2.00683188 0.29896501 1565.000000 10.000000 147.000000 3.000000
-0.87675500 -1.98328495 0.29656899 2078.000000 14.000000 142.000000 3.000000
-0.85228002 -2.02565408 0.24760200 840.000000 7.000000 149.000000 3.000000
-0.86352301 -2.01764011 0.24731401 1305.000000 12.000000 180.000000 3.000000
-0.87430400 -2.00865006 0.24693000 1437.000000 13.000000 137.000000 3.000000
-0.88581002 -2.00142503 0.24673800 1622.000000 16.000000 170.000000 3.000000
-0.90742999 -2.01684690 0.24894699 485.000000 4.000000 101.000000 3.000000
-0.91648901 -2.00399303 0.24817801 412.000000 3.000000 132.000000 3.000000
-0.92626101 -1.99291205 0.24760200 101.000000 1.000000 154.000000 3.000000
-0.83665699 -2.02754402 0.19385700 1148.000000 6.000000 184.000000 3.000000
-0.84908199 -2.02237201 0.19385700 2068.000000 14.000000 138.000000 3.000000
-0.85912102 -2.01162195 0.19342700 2526.000000 19.000000 155.000000 3.000000
-0.87144798 -2.00631309 0.19342700 2531.000000 19.000000 215.000000 3.000000
-0.88858402 -2.01187396 0.19428700 1465.000000 9.000000 133.000000 3.000000
-0.90254903 -2.01002192 0.19457400 513.000000 2.000000 78.000000 3.000000
-0.91818202 -2.01170397 0.19514699 334.000000 1.000000 111.000000 3.000000
-0.83999300 -2.02923989 0.14239800 566.000000 4.000000 164.000000 3.000000
-0.84972602 -2.01760006 0.14206199 326.000000 2.000000 160.000000 3.000000
-0.86052299 -2.00867200 0.14187001 703.000000 5.000000 173.000000 3.000000
-0.86885798 -1.99418998 0.14139000 1208.000000 11.000000 183.000000 3.000000
-0.88389802 -1.99521899 0.14172600 634.000000 5.000000 164.000000 3.000000
-0.90225202 -2.00342989 0.14244600 917.000000 8.000000 183.000000 3.000000
-0.91825598 -2.00603700 0.14287800 239.000000 1.000000 141.000000 3.000000
-0.83665103 -2.02752900 0.08924600 1680.000000 11.000000 159.000000 3.000000
-0.84171200 -2.00484800 0.08879900 3085.000000 27.000000 177.000000 3.000000
-0.85281801 -1.99688804 0.08872800 2461.000000 18.000000 160.000000 3.000000
-0.86664999 -1.99528503 0.08882200 1963.000000 13.000000 169.000000 3.000000
-0.87847197 -1.98901498 0.08879900 3082.000000 27.000000 159.000000 3.000000
-0.89230001 -1.98723495 0.08889300 2193.000000 15.000000 164.000000 3.000000
-0.82846397 -2.03667498 0.03819500 304.000000 2.000000 430.000000 3.000000
-0.83561301 -2.01860809 0.03819500 1034.000000 9.000000 164.000000 3.000000
-0.84179902 -1.99868596 0.03819500 1987.000000 21.000000 180.000000 3.000000
-0.85169399 -1.98796403 0.03819500 2427.000000 28.000000 186.000000 3.000000
-0.86626297 -1.98820603 0.03819500 1899.000000 20.000000 194.000000 3.000000
-0.87844598 -1.98285306 0.03819500 1921.000000 20.000000 188.000000 3.000000
-0.89918602 -1.99658895 0.03819500 524.000000 4.000000 167.000000 3.000000
-0.91224903 -1.99285400 0.03819500 562.000000 4.000000 136.000000 3.000000
-0.82119501 -2.02624106 -0.01457600 639.000000 3.000000 323.000000 3.000000
-0.83361202 -2.02116394 -0.01457600 1137.000000 6.000000 108.000000 3.000000
-0.83824998 -1.99757898 -0.01408700 2351.000000 17.000000 168.000000 3.000000
-0.85638702 -2.00618601 -0.01445400 3414.000000 33.000000 182.000000 3.000000
-0.86269999 -1.98714197 -0.01408700 2372.000000 17.000000 166.000000 3.000000
-0.87487698 -1.98181105 -0.01408700 2190.000000 15.000000 151.000000 3.000000
-0.90300602 -2.01196599 -0.01504000 867.000000 5.000000 103.000000 3.000000
-0.81668699 -2.00857091 -0.06466500 246.000000 2.000000 143.000000 3.000000
-0.82709497 -1.99890399 -0.06442500 1297.000000 12.000000 159.000000 3.000000
-0.84165901 -1.99932003 -0.06471300 2119.000000 23.000000 142.000000 3.000000
-0.84921300 -1.98309100 -0.06413700 2421.000000 28.000000 156.000000 3.000000
-0.86613101 -1.98884106 -0.06471300 1682.000000 16.000000 145.000000 3.000000
-0.87912297 -1.98531699 -0.06480800 2012.000000 21.000000 165.000000 3.000000
-0.88843000 -1.97350395 -0.06447300 587.000000 5.000000 111.000000 3.000000
-0.82905102 -2.04559302 -0.12037300 961.000000 5.000000 190.000000 3.000000
-0.82406902 -1.99806499 -0.11703600 2183.000000 15.000000 161.000000 3.000000
-0.83824497 -1.99756801 -0.11739900 2926.000000 25.000000 183.000000 3.000000
-0.85166299 -1.99513805 -0.11761700 3024.000000 26.000000 167.000000 3.000000
-0.86110502 -1.98347199 -0.11710900 2505.000000 19.000000 138.000000 3.000000
-0.87567902 -1.98362505 -0.11754400 2907.000000 24.000000 181.000000 3.000000
-0.88865101 -1.98003399 -0.11768900 1195.000000 7.000000 124.000000 3.000000
-0.81268197 -1.96774995 -0.16458701 1335.000000 12.000000 137.000000 3.000000
-0.83510602 -1.98752201 -0.16718000 2118.000000 23.000000 162.000000 3.000000
-0.85001302 -1.98877203 -0.16785200 2552.000000 30.000000 220.000000 3.000000
-0.86220002 -1.98351896 -0.16785200 2559.000000 30.000000 175.000000 3.000000
-0.87715900 -1.98457003 -0.16852400 2149.000000 23.000000 168.000000 3.000000
-0.89094502 -1.98278499 -0.16890800 870.000000 7.000000 147.000000 3.000000
-0.81472802 -2.00931811 -0.22204700 951.000000 5.000000 138.000000 3.000000
-0.82514501 -1.99969399 -0.22144400 2966.000000 25.000000 167.000000 3.000000
-0.81429201 -2.01062894 -0.27282399 599.000000 5.000000 149.000000 3.000000
-0.82623798 -2.00467896 -0.27268001 1292.000000 12.000000 134.000000 3.000000
-0.83471298 -1.99043798 -0.27124301 1792.000000 18.000000 158.000000 3.000000
-0.84807003 -1.98801196 -0.27167401 2295.000000 26.000000 174.000000 3.000000
-0.86103702 -1.98458803 -0.27196199 2775.000000 35.000000 191.000000 3.000000
-0.87279999 -1.97836101 -0.27181801 2381.000000 27.000000 174.000000 3.000000
-0.89178002 -1.98833096 -0.27426001 1203.000000 11.000000 174.000000 3.000000
-0.80981898 -1.99723303 -0.32518300 1691.000000 11.000000 122.000000 3.000000
-0.82130498 -1.99040496 -0.32484600 1853.000000 12.000000 137.000000 3.000000
-0.83350301 -1.98532796 -0.32484600 1677.000000 11.000000 121.000000 3.000000
-0.84372997 -1.97564495 -0.32400399 2138.000000 15.000000 144.000000 3.000000
-0.85898298 -1.97766197 -0.32535100 965.000000 5.000000 106.000000 3.000000
-0.87708300 -1.98587596 -0.32787600 457.000000 2.000000 116.000000 3.000000
-0.80491698 -1.99330699 -0.37598500 544.000000 4.000000 139.000000 3.000000
-0.82047498 -1.99650705 -0.37770799 959.000000 8.000000 122.000000 3.000000
-0.82705498 -1.97784197 -0.37483600 1983.000000 21.000000 179.000000 3.000000
-0.83841002 -1.97092295 -0.37445301 1494.000000 14.000000 153.000000 3.000000
-0.85475701 -1.97565806 -0.37655899 666.000000 5.000000 132.000000 3.000000
-0.87040502 -1.97846794 -0.37828299 202.000000 1.000000 108.000000 3.000000
-0.88292801 -1.97398698 -0.37847400 217.000000 1.000000 162.000000 3.000000
-0.79589099 -1.99701095 -0.43083799 518.000000 2.000000 158.000000 3.000000
-0.80298299 -1.97942603 -0.42781699 1156.000000 7.000000 133.000000 3.000000
-0.81623298 -1.97716796 -0.42846400 2288.000000 17.000000 166.000000 3.000000
-0.83213598 -1.98112297 -0.43062201 2874.000000 24.000000 191.000000 3.000000
-0.83812898 -1.96161699 -0.42717001 2376.000000 18.000000 174.000000 3.000000
-0.85638499 -1.97076201 -0.43062201 1331.000000 8.000000 146.000000 3.000000
-0.86846101 -1.96547103 -0.43062201 1421.000000 9.000000 119.000000 3.000000
-0.81040102 -2.01499701 -0.48907200 401.000000 3.000000 281.000000 3.000000
-0.82091898 -2.00549006 -0.48787901 966.000000 8.000000 179.000000 3.000000
-0.82354403 -1.97709000 -0.48167199 1597.000000 16.000000 153.000000 3.000000
-0.83452803 -1.96931505 -0.48095599 2223.000000 25.000000 165.000000 3.000000
-0.84889197 -1.96951199 -0.48238799 1618.000000 16.000000 160.000000 3.000000
-0.85746700 -1.95625603 -0.48023999 1067.000000 9.000000 164.000000 3.000000
-0.79900098 -2.00379801 -0.54254699 848.000000 4.000000 156.000000 3.000000
-0.80255997 -1.97740805 -0.53623497 1343.000000 8.000000 163.000000 3.000000
-0.81799799 -1.98046994 -0.53860199 1188.000000 7.000000 149.000000 3.000000
-0.83163202 -1.97897005 -0.53965402 776.000000 4.000000 127.000000 3.000000
-0.83236599 -1.94722295 -0.53176302 406.000000 2.000000 125.000000 3.000000
-0.85546899 -1.96773100 -0.53939098 860.000000 5.000000 128.000000 3.000000
-0.80073601 -1.99983394 -0.59600002 1318.000000 12.000000 166.000000 3.000000
-0.80507100 -1.97534394 -0.58971500 1654.000000 16.000000 198.000000 3.000000
-0.81754202 -1.97125304 -0.59000099 1782.000000 18.000000 172.000000 3.000000
-0.83073503 -1.96885097 -0.59085798 2220.000000 25.000000 156.000000 3.000000
-0.83828402 -1.95314002 -0.58742899 2045.000000 22.000000 207.000000 3.000000
-0.85368800 -1.95587099 -0.59000099 1257.000000 11.000000 150.000000 3.000000
-0.78337097 -1.99514306 -0.65148801 1586.000000 10.000000 166.000000 3.000000
-0.78994203 -1.97617602 -0.64653099 1227.000000 7.000000 170.000000 3.000000
-0.80097598 -1.96865106 -0.64560097 1169.000000 7.000000 162.000000 3.000000
-0.80794102 -1.95140398 -0.64126301 1942.000000 13.000000 177.000000 3.000000
-0.81953001 -1.94553399 -0.64095300 2421.000000 18.000000 189.000000 3.000000
-0.83520198 -1.94920504 -0.64405203 2073.000000 15.000000 181.000000 3.000000
-0.85247201 -1.95624304 -0.64839000 725.000000 4.000000 138.000000 3.000000
-0.77869600 -1.99089801 -0.70477498 815.000000 7.000000 221.000000 3.000000
-0.78742403 -1.97731197 -0.70145500 1046.000000 9.000000 204.000000 3.000000
-0.79848403 -1.96981895 -0.70045900 1134.000000 10.000000 222.000000 3.000000
-0.80983901 -1.96313703 -0.69979501 714.000000 6.000000 150.000000 3.000000
-0.82114297 -1.95639002 -0.69913101 674.000000 5.000000 220.000000 3.000000
-0.83055001 -1.94523704 -0.69680703 412.000000 3.000000 175.000000 3.000000
-0.84920299 -1.95569098 -0.70278299 611.000000 5.000000 213.000000 3.000000
-0.77245301 -1.96639502 -0.75654697 1318.000000 8.000000 195.000000 3.000000
-0.78832698 -1.97116005 -0.76046401 1038.000000 6.000000 164.000000 3.000000
-0.79017401 -1.94119298 -0.75013798 500.000000 2.000000 180.000000 3.000000
-0.81102401 -1.95788503 -0.75904000 1075.000000 6.000000 192.000000 3.000000
-0.82338601 -1.95373201 -0.75939602 657.000000 3.000000 167.000000 3.000000
-0.82761502 -1.93061197 -0.75191802 306.000000 1.000000 171.000000 3.000000
-0.84954298 -1.94861901 -0.76153201 127.000000 1.000000 140.000000 3.000000
-0.76590902 -1.97210097 -0.81380498 613.000000 5.000000 223.000000 3.000000
-0.77596200 -1.96219397 -0.81153899 1093.000000 10.000000 229.000000 3.000000
-0.78695500 -1.95481706 -0.81040603 1628.000000 16.000000 256.000000 3.000000
-0.80068201 -1.95423901 -0.81229502 966.000000 8.000000 227.000000 3.000000
-0.81088400 -1.94501305 -0.81040603 333.000000 2.000000 188.000000 3.000000
-0.82532299 -1.94597304 -0.81304997 252.000000 2.000000 182.000000 3.000000
-0.84272403 -1.95363605 -0.81871498 148.000000 1.000000 199.000000 3.000000
-0.75820899 -1.96248198 -0.87301302 839.000000 5.000000 248.000000 3.000000
-0.79630202 -1.91960704 -0.86176300 362.000000 2.000000 213.000000 3.000000
-0.81163198 -1.92311895 -0.86578101 318.000000 1.000000 212.000000 3.000000
-0.82667297 -1.92567396 -0.86939698 278.000000 1.000000 181.000000 3.000000
-0.80831999 -1.91951203 -0.92139500 199.000000 1.000000 222.000000 3.000000
-0.82469898 -1.92535400 -0.92689300 73.000000 1.000000 206.000000 3.000000
-0.76984698 -1.95187497 -0.99578601 347.000000 2.000000 229.000000 3.000000
-0.77880299 -1.93964398 -0.99176598 210.000000 1.000000 217.000000 3.000000
-0.79238498 -1.93896902 -0.99399900 263.000000 1.000000 250.000000 3.000000
-0.80357897 -1.93241894 -0.99310601 202.000000 1.000000 247.000000 3.000000
-0.81193000 -1.91921401 -0.98863900 151.000000 1.000000 229.000000 3.000000
-0.81802398 -1.90105104 -0.98149300 102.000000 1.000000 244.000000 3.000000
-0.75051999 -1.93064404 -1.04300201 720.000000 7.000000 302.000000 3.000000
-0.75879198 -1.91695297 -1.03786004 750.000000 7.000000 237.000000 3.000000
-0.77858800 -1.89849305 -1.03271794 388.000000 3.000000 226.000000 3.000000
-0.79225397 -1.89857900 -1.03552198 259.000000 2.000000 259.000000 3.000000
-0.82246798 -1.90496004 -1.04487205 114.000000 1.000000 227.000000 3.000000
-0.74840403 -1.96283305 -1.12973702 451.000000 2.000000 335.000000 3.000000
-0.75759000 -1.95089602 -1.12531996 372.000000 2.000000 293.000000 3.000000
-0.76441199 -1.93324995 -1.11746800 635.000000 4.000000 332.000000 3.000000
-0.77984399 -1.93741202 -1.12286699 371.000000 2.000000 282.000000 3.000000
-0.79634899 -1.94387496 -1.12973702 204.000000 1.000000 323.000000 3.000000
-0.80624700 -1.93412805 -1.12679303 159.000000 1.000000 277.000000 3.000000
-0.81639600 -1.92513502 -1.12433898 116.000000 1.000000 302.000000 3.000000
-0.75388902 -1.96045399 -1.19353700 199.000000 1.000000 289.000000 3.000000
-0.76372099 -1.95018303 -1.18996203 183.000000 1.000000 239.000000 3.000000
-0.77472299 -1.94306195 -1.18842995 158.000000 1.000000 238.000000 3.000000
-0.78566599 -1.93587995 -1.18689799 214.000000 2.000000 251.000000 3.000000
-0.79785597 -1.93181801 -1.18740904 337.000000 3.000000 262.000000 3.000000
-0.81665403 -1.94354606 -1.19813299 129.000000 1.000000 230.000000 3.000000
-0.74480098 -1.94836903 -1.26181304 656.000000 4.000000 291.000000 3.000000
-0.75674200 -1.94376194 -1.26181304 746.000000 5.000000 318.000000 3.000000
-0.76522100 -1.93043804 -1.25593996 265.000000 1.000000 299.000000 3.000000
-0.78497601 -1.94530404 -1.26928794 144.000000 1.000000 298.000000 3.000000
-0.78370500 -1.90839195 -1.24739802 86.000000 1.000000 246.000000 3.000000
-0.81303298 -1.94566405 -1.27622902 157.000000 1.000000 282.000000 3.000000
-0.75489700 -1.95136297 -1.33415198 371.000000 4.000000 301.000000 3.000000
-0.76169401 -1.93350899 -1.32474399 200.000000 2.000000 302.000000 3.000000
-0.77323502 -1.92802501 -1.32419097 254.000000 2.000000 248.000000 3.000000
-0.78880799 -1.93250597 -1.33083200 215.000000 2.000000 249.000000 3.000000
-0.80446500 -1.93686903 -1.33747196 164.000000 1.000000 306.000000 3.000000
-0.94311601 -2.03316903 0.19729701 108.000000 1.000000 109.000000 3.000000
-0.91367298 -2.00275111 -0.01494200 599.000000 3.000000 133.000000 3.000000
-0.80534101 -2.05932689 -0.12066300 2483.000000 19.000000 326.000000 3.000000
-0.80430400 -1.91589701 -0.21106800 2328.000000 16.000000 161.000000 3.000000
-0.81487399 -1.90818799 -0.21070600 2743.000000 21.000000 185.000000 3.000000
-0.88188201 -1.93415701 -0.26650301 105.000000 1.000000 87.000000 3.000000
-0.88931900 -1.97969496 -0.43536901 347.000000 1.000000 202.000000 3.000000
-0.89346600 -2.00510907 -0.49480101 696.000000 6.000000 199.000000 3.000000
-0.85950899 -1.95946002 -0.82362503 91.000000 1.000000 197.000000 3.000000
-0.75310999 -1.91434395 -0.85252202 1427.000000 9.000000 254.000000 3.000000
-0.76962101 -1.88800299 -0.84448600 457.000000 2.000000 203.000000 3.000000
-0.75980300 -1.90122199 -0.90490001 933.000000 8.000000 254.000000 3.000000
-0.75175202 -1.84780002 -0.88037002 978.000000 9.000000 208.000000 3.000000
-0.76060599 -1.99307096 -1.07572496 402.000000 3.000000 572.000000 3.000000
-0.75542003 -1.87451196 -1.01635599 817.000000 7.000000 237.000000 3.000000
-0.77467102 -1.82445395 -0.99578798 426.000000 3.000000 224.000000 3.000000
-0.83730698 -1.95907199 -1.21141100 168.000000 1.000000 234.000000 3.000000
-0.74908400 -1.97232294 -1.34577298 473.000000 5.000000 276.000000 3.000000
-0.81859201 -1.93727195 -1.34134603 211.000000 2.000000 272.000000 3.000000
-0.04269000 -1.95654595 1.00126600 3.000000 1.000000 181.000000 3.000000
0.50801301 -1.98740005 0.98481798 289.000000 2.000000 206.000000 3.000000
0.49691299 -1.99487305 0.98693597 275.000000 2.000000 195.000000 3.000000
0.48487899 -1.99876404 0.98736000 340.000000 2.000000 170.000000 3.000000
0.47260499 -2.00170207 0.98736000 330.000000 2.000000 193.000000 3.000000
0.45990500 -2.00279903 0.98651302 322.000000 2.000000 201.000000 3.000000
0.44621399 -1.99939704 0.98354799 311.000000 2.000000 205.000000 3.000000
0.43277499 -1.99678802 0.98100603 288.000000 2.000000 172.000000 3.000000
0.41900900 -1.99231696 0.97761798 251.000000 2.000000 213.000000 3.000000
0.40659401 -1.99396300 0.97719401 242.000000 2.000000 212.000000 3.000000
0.39399701 -1.99464405 0.97634703 227.000000 1.000000 188.000000 3.000000
0.38157800 -1.99613500 0.97592300 229.000000 1.000000 183.000000 3.000000
0.36882401 -1.99576700 0.97465301 220.000000 1.000000 179.000000 3.000000
0.35705400 -2.00066710 0.97592300 232.000000 2.000000 187.000000 3.000000
0.34477100 -2.00282001 0.97592300 283.000000 2.000000 174.000000 3.000000
0.33277601 -2.00668406 0.97677100 254.000000 2.000000 194.000000 3.000000
0.32089001 -2.01137090 0.97804099 285.000000 2.000000 179.000000 3.000000
0.30868199 -2.01419711 0.97846502 356.000000 3.000000 176.000000 3.000000
0.29618400 -2.01515794 0.97804099 311.000000 2.000000 207.000000 3.000000
0.25939199 -2.02296305 0.97931200 337.000000 2.000000 147.000000 3.000000
0.24675199 -2.02271795 0.97846502 333.000000 2.000000 167.000000 3.000000
0.23444200 -2.02509403 0.97888798 264.000000 2.000000 168.000000 3.000000
0.22221300 -2.02829504 0.97973597 276.000000 2.000000 186.000000 3.000000
0.20947801 -2.02691793 0.97846502 236.000000 2.000000 170.000000 3.000000
0.19685800 -2.02636194 0.97761798 233.000000 2.000000 175.000000 3.000000
0.18375000 -2.02031589 0.97422898 204.000000 1.000000 189.000000 3.000000
0.17103700 -2.01779604 0.97253501 231.000000 1.000000 172.000000 3.000000
0.15814300 -2.01248598 0.96956998 208.000000 1.000000 163.000000 3.000000
0.14518601 -2.00528908 0.96575803 219.000000 1.000000 158.000000 3.000000
0.13287900 -2.00614190 0.96575803 246.000000 2.000000 206.000000 3.000000
0.12039800 -2.00420690 0.96448702 233.000000 2.000000 187.000000 3.000000
0.10809800 -2.00490808 0.96448702 211.000000 1.000000 225.000000 3.000000
0.09597500 -2.00915194 0.96618098 201.000000 1.000000 189.000000 3.000000
0.08360600 -2.00879788 0.96575803 245.000000 2.000000 163.000000 3.000000
0.07134600 -2.01108408 0.96660501 235.000000 2.000000 170.000000 3.000000
0.05903300 -2.01238990 0.96702898 193.000000 1.000000 149.000000 3.000000
0.04666200 -2.01180792 0.96660501 195.000000 1.000000 176.000000 3.000000
0.03433400 -2.01296210 0.96702898 119.000000 1.000000 154.000000 3.000000
0.02197000 -2.01222897 0.96660501 85.000000 1.000000 149.000000 3.000000
0.00966000 -2.01776099 0.96914601 35.000000 1.000000 132.000000 3.000000
-0.00275700 -1.96705401 0.94542700 15.000000 1.000000 186.000000 3.000000
-0.01497900 -1.99508202 0.95855701 27.000000 1.000000 207.000000 3.000000
-0.02714700 -1.98861206 0.95559198 19.000000 1.000000 157.000000 3.000000
-0.03896400 -1.96667004 0.94542700 11.000000 1.000000 196.000000 3.000000
-0.12353800 -1.96589601 0.94669700 10.000000 1.000000 174.000000 3.000000
-0.15088700 -2.00850201 0.96745199 13.000000 1.000000 146.000000 3.000000
1.16429496 -2.00917912 1.04422796 75.000000 1.000000 216.000000 3.000000
1.13288295 -1.98287404 1.02736604 184.000000 1.000000 281.000000 3.000000
1.11485898 -1.97941005 1.02214706 275.000000 1.000000 272.000000 3.000000
1.10358000 -1.98781502 1.02295005 244.000000 1.000000 323.000000 3.000000
1.09531498 -2.00178289 1.02656305 170.000000 1.000000 281.000000 3.000000
1.05869699 -1.96330702 1.00408101 82.000000 1.000000 281.000000 3.000000
1.04706001 -1.97057498 1.00448298 26.000000 1.000000 283.000000 3.000000
1.03240299 -1.97209299 1.00207400 10.000000 1.000000 300.000000 3.000000
1.01189804 -1.96210504 0.99404401 7.000000 1.000000 288.000000 3.000000
0.98774302 -1.97437501 0.99404401 25.000000 1.000000 307.000000 3.000000
0.97318500 -1.97546697 0.99163598 97.000000 1.000000 320.000000 3.000000
0.96823001 -1.99623895 0.99886203 235.000000 1.000000 298.000000 3.000000
0.95320499 -1.99635506 0.99605203 139.000000 1.000000 300.000000 3.000000
0.92287600 -1.99542904 0.99002999 12.000000 1.000000 305.000000 3.000000
1.50074005 -1.98704302 1.04444599 115.000000 1.000000 449.000000 3.000000
1.48907399 -1.99695504 1.04482400 90.000000 1.000000 404.000000 3.000000
1.47514296 -2.00381994 1.04368901 123.000000 1.000000 474.000000 3.000000
1.46282005 -2.01283407 1.04368901 132.000000 1.000000 468.000000 3.000000
1.44773698 -2.01801491 1.04179800 151.000000 1.000000 469.000000 3.000000
1.43318295 -2.02384210 1.04028594 191.000000 2.000000 450.000000 3.000000
1.41914296 -2.03032398 1.03915095 177.000000 1.000000 515.000000 3.000000
1.39401102 -2.02072597 1.03007495 139.000000 1.000000 468.000000 3.000000
1.37270796 -2.01624799 1.02364600 101.000000 1.000000 499.000000 3.000000
1.35824001 -2.02156210 1.02213395 72.000000 1.000000 510.000000 3.000000
1.34119499 -2.02292204 1.01873004 72.000000 1.000000 488.000000 3.000000
1.29877901 -1.98545694 0.99641901 41.000000 1.000000 418.000000 3.000000
1.31274605 -2.03379011 1.01608300 18.000000 1.000000 480.000000 3.000000
1.26584101 -1.98798501 0.98999000 10.000000 1.000000 451.000000 3.000000
2.56311893 1.75905395 -0.88054597 65.000000 1.000000 343.000000 3.000000
2.60636806 1.76537001 -0.89225900 62.000000 1.000000 362.000000 3.000000
2.11268497 1.71879101 -0.91094500 57.000000 1.000000 157.000000 3.000000
1.85153604 1.67774701 -0.90360999 102.000000 1.000000 153.000000 3.000000
1.62687802 1.74406302 -0.92370999 788.000000 9.000000 321.000000 3.000000
1.70241404 1.69543695 -0.93088597 116.000000 1.000000 125.000000 3.000000
1.71080804 1.68300700 -0.92975301 116.000000 1.000000 115.000000 3.000000
1.57871699 1.73975301 -0.98069298 233.000000 1.000000 445.000000 3.000000
1.58564305 1.72599006 -0.97828197 182.000000 1.000000 371.000000 3.000000
1.58185005 1.70081401 -0.96904099 324.000000 2.000000 437.000000 3.000000
1.34584296 1.74790001 -0.97891402 101.000000 1.000000 230.000000 3.000000
1.35320699 1.73531497 -0.97637600 111.000000 1.000000 176.000000 3.000000
1.34590197 1.70418799 -0.96284199 228.000000 2.000000 181.000000 3.000000
1.09705901 1.77489996 -0.98997903 318.000000 2.000000 287.000000 3.000000
1.06370103 1.69765604 -0.94843900 175.000000 1.000000 230.000000 3.000000
1.07601905 1.69411695 -0.95022601 155.000000 1.000000 232.000000 3.000000
1.09996903 1.70853698 -0.96273202 144.000000 1.000000 231.000000 3.000000
1.11189997 1.70400202 -0.96407199 149.000000 1.000000 235.000000 3.000000
1.13320303 1.71355903 -0.97389901 282.000000 1.000000 341.000000 3.000000
-1.13924205 1.45975995 -0.81354600 149.000000 1.000000 76.000000 3.000000
-1.13026404 1.46672297 -0.81354600 151.000000 1.000000 111.000000 3.000000
-1.05323505 1.44234002 -0.83989900 434.000000 2.000000 111.000000 3.000000
-1.03652596 1.43788302 -0.83319902 177.000000 1.000000 106.000000 3.000000
-1.01680195 1.42889905 -0.82381898 135.000000 1.000000 106.000000 3.000000
-0.94899499 1.44879305 -0.86349499 262.000000 1.000000 99.000000 3.000000
-0.93864202 1.45236504 -0.86209202 132.000000 1.000000 109.000000 3.000000
-0.93019003 1.45884097 -0.86255997 132.000000 1.000000 106.000000 3.000000
-0.91838598 1.46003795 -0.85975498 170.000000 1.000000 113.000000 3.000000
-0.90847403 1.46414602 -0.85882002 119.000000 1.000000 127.000000 3.000000
-0.73808497 1.45155299 -0.86374998 154.000000 1.000000 94.000000 3.000000
-0.72682798 1.45137799 -0.86080498 178.000000 1.000000 139.000000 3.000000
-0.71867800 1.45737398 -0.86178702 279.000000 1.000000 100.000000 3.000000
-0.70630300 1.45469904 -0.85737002 192.000000 1.000000 122.000000 3.000000
-0.69848901 1.46136498 -0.85884202 164.000000 1.000000 129.000000 3.000000
-0.36723399 1.56053197 -0.84951800 271.000000 1.000000 100.000000 3.000000
-0.35281101 1.54151797 -0.83724898 408.000000 2.000000 108.000000 3.000000
-0.34315699 1.54280305 -0.83675802 405.000000 2.000000 120.000000 3.000000
-0.33331800 1.54317605 -0.83577698 450.000000 2.000000 104.000000 3.000000
-0.32366499 1.54433894 -0.83528602 434.000000 2.000000 102.000000 3.000000
-0.31124699 1.53177798 -0.82694298 322.000000 1.000000 119.000000 3.000000
-0.30318201 1.54049897 -0.83086902 276.000000 1.000000 95.000000 3.000000
-0.29485899 1.54832304 -0.83430499 180.000000 1.000000 84.000000 3.000000
-0.28551099 1.55095994 -0.83479500 185.000000 1.000000 101.000000 3.000000
-0.27689901 1.55783105 -0.83774000 247.000000 1.000000 87.000000 3.000000
-0.27070299 1.57925498 -0.84902698 388.000000 1.000000 119.000000 3.000000
-0.26086700 1.58002698 -0.84853601 396.000000 1.000000 107.000000 3.000000
-0.25130299 1.58245802 -0.84902698 373.000000 1.000000 116.000000 3.000000
0.64081103 1.68121600 -0.95993698 330.000000 1.000000 156.000000 3.000000
0.66059297 1.70161295 -0.97465998 602.000000 3.000000 148.000000 3.000000
0.66460299 1.68132699 -0.96484500 357.000000 1.000000 145.000000 3.000000
0.66415203 1.65055096 -0.94865000 271.000000 1.000000 151.000000 3.000000
0.67029703 1.63677204 -0.94276100 173.000000 1.000000 102.000000 3.000000
0.67764199 1.62619698 -0.93883502 185.000000 1.000000 118.000000 3.000000
0.68828797 1.62361205 -0.93981600 234.000000 1.000000 113.000000 3.000000
0.69823802 1.61935794 -0.93981600 481.000000 2.000000 168.000000 3.000000
-0.45723900 1.50547397 -0.88048202 229.000000 1.000000 141.000000 3.000000
-0.44799301 1.50825095 -0.88048202 236.000000 1.000000 120.000000 3.000000
-0.43969801 1.51427197 -0.88252503 313.000000 2.000000 132.000000 3.000000
-0.43182001 1.52190006 -0.88558900 390.000000 2.000000 148.000000 3.000000
-0.42224199 1.52369297 -0.88507903 321.000000 2.000000 145.000000 3.000000
-0.41401899 1.53040099 -0.88763201 301.000000 1.000000 137.000000 3.000000
-0.40462101 1.53291297 -0.88763201 275.000000 1.000000 122.000000 3.000000
-0.39607400 1.53869498 -0.88967502 323.000000 2.000000 123.000000 3.000000
-0.38599101 1.53859603 -0.88814300 300.000000 1.000000 106.000000 3.000000
-0.37736800 1.54427397 -0.89018601 245.000000 1.000000 121.000000 3.000000
-0.36667800 1.54154503 -0.88712102 227.000000 1.000000 186.000000 3.000000
-0.35878199 1.55046296 -0.89120698 258.000000 1.000000 159.000000 3.000000
-0.34601399 1.53838503 -0.88252503 181.000000 1.000000 127.000000 3.000000
-0.33508199 1.53376305 -0.87844002 188.000000 1.000000 105.000000 3.000000
-0.32530299 1.53410900 -0.87741798 192.000000 1.000000 113.000000 3.000000
-0.30679399 1.53967094 -0.87844002 198.000000 1.000000 160.000000 3.000000
-0.29833201 1.54658699 -0.88150400 168.000000 1.000000 118.000000 3.000000
-0.28867599 1.54754400 -0.88099301 143.000000 1.000000 267.000000 3.000000
-0.27685300 1.53659999 -0.87333298 112.000000 1.000000 105.000000 3.000000
-0.26981300 1.55181599 -0.88150400 181.000000 1.000000 140.000000 3.000000
-0.25942001 1.54835701 -0.87844002 167.000000 1.000000 95.000000 3.000000
-0.24991500 1.54991996 -0.87844002 214.000000 1.000000 163.000000 3.000000
-0.23785301 1.53528905 -0.86873698 289.000000 1.000000 109.000000 3.000000
-0.23074700 1.55201995 -0.87792897 421.000000 2.000000 148.000000 3.000000
-0.22097200 1.55170500 -0.87690800 444.000000 2.000000 144.000000 3.000000
-0.21144700 1.55303204 -0.87690800 443.000000 2.000000 135.000000 3.000000
-0.20180100 1.55344796 -0.87639701 531.000000 3.000000 133.000000 3.000000
-0.19204900 1.55295098 -0.87537599 475.000000 3.000000 137.000000 3.000000
-0.18231200 1.55239296 -0.87435400 538.000000 3.000000 147.000000 3.000000
-0.17268600 1.55262804 -0.87384301 515.000000 3.000000 140.000000 3.000000
-0.16306300 1.55280304 -0.87333298 526.000000 3.000000 153.000000 3.000000
-0.15440200 1.56232798 -0.87844002 387.000000 2.000000 148.000000 3.000000
-0.14432301 1.55811095 -0.87537599 335.000000 2.000000 129.000000 3.000000
-0.13498899 1.56153595 -0.87690800 309.000000 1.000000 128.000000 3.000000
-0.12519100 1.55976498 -0.87537599 255.000000 1.000000 116.000000 3.000000
-0.11568400 1.56136096 -0.87588602 288.000000 1.000000 144.000000 3.000000
-0.10610200 1.56204104 -0.87588602 265.000000 1.000000 198.000000 3.000000
-0.09651500 1.56266296 -0.87588602 256.000000 1.000000 156.000000 3.000000
-0.08697500 1.56408405 -0.87639701 275.000000 1.000000 184.000000 3.000000
-0.07782500 1.57317400 -0.88150400 306.000000 1.000000 164.000000 3.000000
-0.06825000 1.57534003 -0.88252503 208.000000 1.000000 186.000000 3.000000
-0.05872000 1.57916498 -0.88456798 288.000000 1.000000 187.000000 3.000000
-0.04914600 1.58293295 -0.88661098 221.000000 1.000000 181.000000 3.000000
-0.03931300 1.57890701 -0.88405699 211.000000 1.000000 210.000000 3.000000
-0.02981000 1.58771503 -0.88916397 225.000000 1.000000 206.000000 3.000000
-0.02020000 1.59646404 -0.89427102 218.000000 1.000000 225.000000 3.000000
-0.01041900 1.59827697 -0.89529300 158.000000 1.000000 209.000000 3.000000
-0.00063100 1.60432994 -0.89886701 207.000000 1.000000 216.000000 3.000000
0.00921300 1.60430300 -0.89886701 185.000000 1.000000 193.000000 3.000000
0.01908800 1.60765505 -0.90091002 168.000000 1.000000 232.000000 3.000000
0.02899100 1.61008704 -0.90244198 175.000000 1.000000 228.000000 3.000000
0.03876000 1.60472095 -0.89937800 169.000000 1.000000 266.000000 3.000000
0.04881800 1.61218798 -0.90397400 175.000000 1.000000 220.000000 3.000000
0.05856500 1.60756195 -0.90142101 173.000000 1.000000 233.000000 3.000000
0.06832500 1.60459495 -0.89988899 132.000000 1.000000 243.000000 3.000000
0.07840600 1.60929894 -0.90295303 105.000000 1.000000 244.000000 3.000000
0.08850300 1.61308098 -0.90550601 125.000000 1.000000 232.000000 3.000000
0.09819900 1.60907400 -0.90346402 143.000000 1.000000 242.000000 3.000000
0.10823600 1.61101496 -0.90499598 134.000000 1.000000 237.000000 3.000000
0.11866400 1.61803901 -0.90959197 97.000000 1.000000 248.000000 3.000000
0.12865600 1.61813796 -0.91010302 127.000000 1.000000 220.000000 3.000000
0.13765800 1.60617900 -0.90346402 169.000000 1.000000 232.000000 3.000000
0.14812100 1.61215496 -0.90754902 143.000000 1.000000 218.000000 3.000000
0.15784700 1.60950398 -0.90652800 164.000000 1.000000 227.000000 3.000000
0.16763300 1.60765004 -0.90601701 150.000000 1.000000 211.000000 3.000000
0.17777100 1.60915601 -0.90754902 165.000000 1.000000 196.000000 3.000000
0.18773800 1.60888898 -0.90806001 186.000000 1.000000 243.000000 3.000000
0.19770899 1.60855997 -0.90857100 140.000000 1.000000 203.000000 3.000000
0.20746800 1.60646403 -0.90806001 185.000000 1.000000 224.000000 3.000000
0.21743400 1.60601294 -0.90857100 168.000000 1.000000 209.000000 3.000000
0.22775701 1.60805500 -0.91061300 187.000000 1.000000 236.000000 3.000000
0.23922500 1.61768794 -0.91725200 137.000000 1.000000 194.000000 3.000000
0.24863200 1.61278999 -0.91521001 157.000000 1.000000 193.000000 3.000000
0.25986201 1.61972702 -0.92031699 173.000000 1.000000 186.000000 3.000000
0.27035201 1.62149501 -0.92235899 137.000000 1.000000 211.000000 3.000000
0.28101799 1.62404394 -0.92491299 161.000000 1.000000 166.000000 3.000000
0.29127699 1.62398195 -0.92593402 153.000000 1.000000 156.000000 3.000000
0.30077201 1.61962700 -0.92440200 154.000000 1.000000 173.000000 3.000000
0.31086400 1.61859596 -0.92491299 178.000000 1.000000 170.000000 3.000000
0.31913900 1.60821998 -0.91980600 263.000000 1.000000 158.000000 3.000000
0.33206499 1.62140095 -0.92899799 189.000000 1.000000 170.000000 3.000000
0.33955199 1.60755002 -0.92184901 265.000000 1.000000 151.000000 3.000000
0.35031199 1.60963905 -0.92440200 237.000000 1.000000 116.000000 3.000000
0.36464000 1.62760603 -0.93665898 171.000000 1.000000 150.000000 3.000000
0.37691101 1.63539803 -0.94278699 156.000000 1.000000 131.000000 3.000000
0.38830999 1.63891399 -0.94636202 162.000000 1.000000 146.000000 3.000000
-1.13898504 1.25550306 1.41454101 366.000000 3.000000 279.000000 3.000000
-1.09872699 1.27259302 1.40308702 9.000000 1.000000 308.000000 3.000000
-1.10766900 1.22436702 1.18464303 158.000000 1.000000 193.000000 3.000000
-1.11318600 1.24577296 1.19848394 661.000000 3.000000 228.000000 3.000000
-1.11884904 1.24335098 1.13503802 540.000000 4.000000 250.000000 3.000000
-1.10953605 1.24833095 1.13337505 760.000000 6.000000 231.000000 3.000000
-1.10405803 1.25761199 1.13559306 688.000000 5.000000 250.000000 3.000000
-1.09413302 1.26185298 1.13337505 700.000000 5.000000 421.000000 3.000000
-1.04383802 1.28130305 1.12172902 222.000000 1.000000 268.000000 3.000000
-1.14207399 1.24311996 1.08784604 5.000000 1.000000 224.000000 3.000000
-1.07077706 1.27095497 1.07128501 353.000000 1.000000 120.000000 3.000000
-1.06403804 1.27880204 1.07235396 884.000000 5.000000 183.000000 3.000000
-1.05670798 1.28596103 1.07288802 875.000000 5.000000 182.000000 3.000000
-1.05677903 1.30227399 1.08090103 298.000000 1.000000 147.000000 3.000000
-1.04031897 1.29817104 1.07235396 45.000000 1.000000 174.000000 3.000000
-1.09779406 1.24503005 1.01095903 799.000000 6.000000 186.000000 3.000000
-1.11163902 1.27630603 1.03040504 1019.000000 8.000000 188.000000 3.000000
-1.08524299 1.26165700 1.01351798 808.000000 6.000000 209.000000 3.000000
-1.08585000 1.27809203 1.02119398 648.000000 5.000000 225.000000 3.000000
-1.07854104 1.28538704 1.02170599 605.000000 4.000000 214.000000 3.000000
-1.07008398 1.29132104 1.02119398 645.000000 5.000000 189.000000 3.000000
-1.05777395 1.29255497 1.01709998 855.000000 6.000000 224.000000 3.000000
-1.05415702 1.30435503 1.02119398 741.000000 5.000000 199.000000 3.000000
-1.10319400 1.27466500 0.97281897 865.000000 5.000000 179.000000 3.000000
-1.09309101 1.27875900 0.97085500 521.000000 2.000000 149.000000 3.000000
-1.08746898 1.28810704 0.97281897 427.000000 2.000000 131.000000 3.000000
-1.08177495 1.29743397 0.97478199 1189.000000 7.000000 162.000000 3.000000
-1.06826103 1.29731596 0.96987301 1519.000000 9.000000 187.000000 3.000000
-1.06302595 1.30722904 0.97232801 1595.000000 10.000000 146.000000 3.000000
-1.05607498 1.31508601 0.97330999 1126.000000 6.000000 182.000000 3.000000
-1.11690497 1.27625203 0.92235202 571.000000 3.000000 180.000000 3.000000
-1.10036004 1.27307498 0.91532999 706.000000 4.000000 161.000000 3.000000
-1.09655595 1.28449702 0.91860700 604.000000 3.000000 134.000000 3.000000
-1.08179796 1.28311098 0.91298997 703.000000 4.000000 169.000000 3.000000
-1.07900906 1.29582405 0.91720301 525.000000 3.000000 164.000000 3.000000
-1.06484401 1.29492795 0.91205400 782.000000 5.000000 189.000000 3.000000
-1.06023204 1.30554402 0.91486198 945.000000 6.000000 185.000000 3.000000
-1.05220103 1.31202495 0.91486198 943.000000 6.000000 214.000000 3.000000
-1.11125302 1.28087401 0.87088501 930.000000 5.000000 130.000000 3.000000
-1.10453606 1.28902805 0.87177801 853.000000 4.000000 130.000000 3.000000
-1.09602904 1.29509795 0.87133098 805.000000 4.000000 166.000000 3.000000
-1.07717001 1.28874505 0.86284798 1029.000000 5.000000 132.000000 3.000000
-1.06753504 1.29325795 0.86150801 1207.000000 6.000000 156.000000 3.000000
-1.06070900 1.30117202 0.86240101 1473.000000 8.000000 172.000000 3.000000
-1.05326605 1.30835402 0.86284798 1413.000000 8.000000 155.000000 3.000000
-1.04855502 1.31899703 0.86552697 688.000000 3.000000 116.000000 3.000000
-1.12368798 1.29108906 0.82598102 277.000000 1.000000 204.000000 3.000000
-1.10390198 1.28424895 0.81750900 911.000000 6.000000 148.000000 3.000000
-1.09717703 1.29237604 0.81835598 813.000000 5.000000 176.000000 3.000000
-1.08630800 1.29562104 0.81623900 1230.000000 8.000000 194.000000 3.000000
-1.08007598 1.30435097 0.81750900 746.000000 4.000000 146.000000 3.000000
-1.07205200 1.31095302 0.81750900 1060.000000 7.000000 187.000000 3.000000
-1.06284595 1.31610000 0.81666201 1463.000000 10.000000 232.000000 3.000000
-1.05531800 1.32330298 0.81708598 986.000000 6.000000 193.000000 3.000000
-1.10824800 1.29067099 0.77203202 1413.000000 8.000000 170.000000 3.000000
-1.09202302 1.28766000 0.76641202 2492.000000 17.000000 207.000000 3.000000
-1.08292603 1.29293096 0.76560903 2408.000000 16.000000 162.000000 3.000000
-1.07380605 1.29813898 0.76480597 2333.000000 15.000000 187.000000 3.000000
-1.06582105 1.30470395 0.76480597 2478.000000 17.000000 172.000000 3.000000
-1.05664599 1.30979204 0.76400298 2526.000000 17.000000 204.000000 3.000000
-1.05144000 1.31983495 0.76600999 2292.000000 15.000000 189.000000 3.000000
-1.04332197 1.32626200 0.76600999 1899.000000 11.000000 214.000000 3.000000
-1.03235805 1.32902002 0.76400298 859.000000 4.000000 171.000000 3.000000
-1.09788001 1.28393698 0.71733397 779.000000 5.000000 148.000000 3.000000
-1.09237802 1.29347205 0.71884602 1782.000000 13.000000 183.000000 3.000000
-1.08441997 1.30015099 0.71884602 2593.000000 23.000000 221.000000 3.000000
-1.07701302 1.30749297 0.71922398 2699.000000 25.000000 203.000000 3.000000
-1.06779802 1.31264305 0.71846801 2724.000000 25.000000 220.000000 3.000000
-1.05390894 1.31196797 0.71468598 2465.000000 21.000000 202.000000 3.000000
-1.04122198 1.31261897 0.71166098 2447.000000 21.000000 255.000000 3.000000
-1.04288304 1.33134794 0.71809000 2150.000000 17.000000 202.000000 3.000000
-1.03980803 1.34430003 0.72149301 776.000000 5.000000 166.000000 3.000000
-1.03210294 1.35139000 0.72187197 74.000000 1.000000 215.000000 3.000000
-1.11061800 1.30780005 0.68101102 1319.000000 7.000000 184.000000 3.000000
-1.08817196 1.29739201 0.67247301 2570.000000 18.000000 162.000000 3.000000
-1.07959604 1.30332506 0.67211699 2619.000000 18.000000 181.000000 3.000000
-1.07098699 1.30920005 0.67176098 2587.000000 18.000000 209.000000 3.000000
-1.06058705 1.31283700 0.67033798 2772.000000 20.000000 159.000000 3.000000
-1.05251205 1.31931996 0.67033798 2765.000000 20.000000 194.000000 3.000000
-1.04555202 1.32722294 0.67105001 2608.000000 18.000000 169.000000 3.000000
-1.03738904 1.33361304 0.67105001 2110.000000 13.000000 200.000000 3.000000
-1.09762704 1.30554402 0.62940300 1332.000000 9.000000 174.000000 3.000000
-1.07871902 1.29921806 0.62342399 2456.000000 21.000000 176.000000 3.000000
-1.07792401 1.31454802 0.62740999 2848.000000 27.000000 200.000000 3.000000
-1.06983805 1.32113695 0.62740999 2916.000000 28.000000 249.000000 3.000000
-1.06348395 1.32988203 0.62840700 3273.000000 35.000000 229.000000 3.000000
-1.05530405 1.33638299 0.62840700 3191.000000 33.000000 294.000000 3.000000
-1.05173802 1.34877205 0.63106400 2785.000000 26.000000 214.000000 3.000000
-1.04055703 1.35146999 0.62940300 2073.000000 16.000000 179.000000 3.000000
-1.10193300 1.31153500 0.58663499 1215.000000 6.000000 161.000000 3.000000
-1.09629202 1.32120097 0.58787203 2240.000000 14.000000 155.000000 3.000000
-1.07250798 1.30876601 0.57982898 2634.000000 18.000000 162.000000 3.000000
-1.06386006 1.31458294 0.57951999 2685.000000 19.000000 192.000000 3.000000
-1.05636704 1.32182896 0.57982898 2751.000000 20.000000 197.000000 3.000000
-1.04764795 1.32753897 0.57951999 2598.000000 18.000000 131.000000 3.000000
-1.03889894 1.33319199 0.57920998 2635.000000 18.000000 169.000000 3.000000
-1.03533304 1.34557402 0.58168501 2196.000000 14.000000 163.000000 3.000000
-1.03165495 1.35796297 0.58415997 1184.000000 6.000000 172.000000 3.000000
-1.09956598 1.31285405 0.54039299 710.000000 4.000000 167.000000 3.000000
-1.09822798 1.32768404 0.54353398 2187.000000 17.000000 158.000000 3.000000
-1.08215594 1.32476699 0.53982198 3234.000000 34.000000 218.000000 3.000000
-1.06857598 1.32468200 0.53725302 3455.000000 39.000000 220.000000 3.000000
-1.05922997 1.32971704 0.53668201 3490.000000 39.000000 232.000000 3.000000
-1.05045700 1.33543897 0.53639603 3453.000000 38.000000 232.000000 3.000000
-1.04342198 1.34337103 0.53696698 3209.000000 33.000000 227.000000 3.000000
-1.03750002 1.35278404 0.53810900 2466.000000 21.000000 207.000000 3.000000
-1.09809399 1.32198799 0.49807701 1244.000000 6.000000 161.000000 3.000000
-1.07956803 1.31601000 0.49361700 2745.000000 20.000000 157.000000 3.000000
-1.07147300 1.32260895 0.49361700 3036.000000 23.000000 167.000000 3.000000
-1.06333697 1.32915795 0.49361700 3079.000000 24.000000 206.000000 3.000000
-1.05456400 1.33490002 0.49335501 3323.000000 28.000000 180.000000 3.000000
-1.04635298 1.34134603 0.49335501 3270.000000 27.000000 197.000000 3.000000
-1.03692698 1.34621096 0.49283001 3018.000000 23.000000 212.000000 3.000000
-1.03039801 1.35485399 0.49361700 3343.000000 28.000000 198.000000 3.000000
-1.08660495 1.31737006 0.45136201 1987.000000 15.000000 188.000000 3.000000
-1.08034599 1.32626700 0.45207801 3206.000000 33.000000 262.000000 3.000000
-1.06547403 1.32456398 0.44945201 3593.000000 42.000000 224.000000 3.000000
-1.05974901 1.33411205 0.45040700 3750.000000 46.000000 260.000000 3.000000
-1.05154300 1.34059000 0.45040700 3753.000000 46.000000 261.000000 3.000000
-1.04329801 1.34701598 0.45040700 3644.000000 43.000000 193.000000 3.000000
-1.03560495 1.35416305 0.45064601 2904.000000 27.000000 228.000000 3.000000
-1.02903700 1.36281204 0.45136201 2400.000000 20.000000 187.000000 3.000000
-1.02473104 1.37454104 0.45303300 1083.000000 7.000000 124.000000 3.000000
-1.09884501 1.33766901 0.41347799 2704.000000 19.000000 168.000000 3.000000
-1.07586396 1.32617295 0.40831599 1291.000000 7.000000 110.000000 3.000000
-1.07868695 1.34647703 0.41218799 2739.000000 19.000000 172.000000 3.000000
-1.05769300 1.33697701 0.40767100 1364.000000 7.000000 114.000000 3.000000
-1.04586601 1.33882105 0.40638101 2157.000000 13.000000 134.000000 3.000000
-1.04120696 1.34985495 0.40767100 1989.000000 12.000000 151.000000 3.000000
-1.03053999 1.35310900 0.40681100 2281.000000 14.000000 137.000000 3.000000
-1.02866805 1.36799800 0.40917701 1720.000000 10.000000 156.000000 3.000000
-1.02723300 1.38369906 0.41175699 552.000000 2.000000 94.000000 3.000000
-1.08460903 1.33474100 0.36820501 1795.000000 13.000000 196.000000 3.000000
-1.07578194 1.34060705 0.36801401 1540.000000 11.000000 178.000000 3.000000
-1.06264496 1.34104002 0.36648300 3076.000000 30.000000 202.000000 3.000000
-1.05257702 1.34521997 0.36590901 2771.000000 25.000000 243.000000 3.000000
-1.03888595 1.34467494 0.36418700 2488.000000 21.000000 183.000000 3.000000
-1.02703297 1.34634995 0.36303899 1820.000000 12.000000 172.000000 3.000000
-1.02408397 1.35967004 0.36476099 2015.000000 15.000000 171.000000 3.000000
-1.01513398 1.36514199 0.36456999 2404.000000 20.000000 197.000000 3.000000
-1.00234997 1.38305104 0.36590901 33.000000 1.000000 175.000000 3.000000
-1.07520401 1.32442701 0.32335499 2326.000000 15.000000 194.000000 3.000000
-1.06828904 1.33253896 0.32369000 3033.000000 23.000000 181.000000 3.000000
-1.05948198 1.33829498 0.32352200 3044.000000 23.000000 225.000000 3.000000
-1.04821706 1.34088504 0.32268500 2482.000000 16.000000 147.000000 3.000000
-1.04177499 1.34963405 0.32318801 2882.000000 21.000000 170.000000 3.000000
-1.03168404 1.35364699 0.32268500 1922.000000 11.000000 120.000000 3.000000
-1.03461003 1.37492800 0.32586700 1057.000000 5.000000 108.000000 3.000000
-1.01558197 1.36699700 0.32285300 2049.000000 12.000000 152.000000 3.000000
-1.01241696 1.38036203 0.32436001 1749.000000 10.000000 137.000000 3.000000
-1.08439100 1.33634496 0.28413299 770.000000 4.000000 184.000000 3.000000
-1.07120597 1.33680701 0.28298399 2867.000000 26.000000 255.000000 3.000000
-1.06421494 1.34490299 0.28327101 3132.000000 31.000000 236.000000 3.000000
-1.05961001 1.35607898 0.28413299 2510.000000 21.000000 205.000000 3.000000
-1.04460001 1.35395098 0.28255299 2805.000000 25.000000 167.000000 3.000000
-1.03807700 1.36269295 0.28298399 2981.000000 28.000000 236.000000 3.000000
-1.00941002 1.34219205 0.27809900 2187.000000 15.000000 199.000000 3.000000
-1.02305198 1.37770796 0.28341499 1226.000000 8.000000 194.000000 3.000000
-1.02103496 1.39272499 0.28499499 925.000000 6.000000 114.000000 3.000000
-1.08295000 1.34990299 0.24374101 1897.000000 11.000000 231.000000 3.000000
-1.08289897 1.35275602 0.20276099 912.000000 5.000000 216.000000 3.000000
-1.06776905 1.35080099 0.20170499 1752.000000 12.000000 197.000000 3.000000
-1.05393302 1.35027695 0.20084099 2116.000000 14.000000 207.000000 3.000000
-1.02942395 1.35282898 0.19959299 3075.000000 26.000000 231.000000 3.000000
-0.99608999 1.36032403 0.19824800 2562.000000 19.000000 229.000000 3.000000
-1.00293398 1.38734901 0.20074500 2130.000000 14.000000 208.000000 3.000000
-1.06889999 1.34830499 0.15988500 2049.000000 12.000000 219.000000 3.000000
-1.05446506 1.34697902 0.15916800 2664.000000 17.000000 157.000000 3.000000
-1.04557002 1.35263395 0.15909700 1585.000000 8.000000 121.000000 3.000000
-1.03664696 1.35823095 0.15902500 1575.000000 8.000000 138.000000 3.000000
-1.02229702 1.35659599 0.15830800 3320.000000 26.000000 200.000000 3.000000
-1.01692700 1.36684597 0.15866700 1940.000000 11.000000 122.000000 3.000000
-1.01265001 1.37869096 0.15916800 2792.000000 19.000000 158.000000 3.000000
-0.99400097 1.40687704 0.16002800 139.000000 1.000000 97.000000 3.000000
-1.06725299 1.35110104 0.11960800 587.000000 3.000000 273.000000 3.000000
-1.05709398 1.35526502 0.11946400 1893.000000 12.000000 213.000000 3.000000
-1.04142296 1.35224605 0.11888900 1533.000000 9.000000 247.000000 3.000000
-1.03492606 1.36099195 0.11903300 1168.000000 7.000000 226.000000 3.000000
-1.02535200 1.36572194 0.11893700 2405.000000 18.000000 290.000000 3.000000
-1.06883597 1.34822297 0.07810300 3329.000000 26.000000 139.000000 3.000000
-1.06731498 1.36342001 0.07836200 3024.000000 23.000000 165.000000 3.000000
-1.05221105 1.36123800 0.07810300 3822.000000 36.000000 244.000000 3.000000
-1.03050804 1.35017502 0.07758400 3558.000000 30.000000 148.000000 3.000000
-1.02581000 1.36126602 0.07772600 2326.000000 14.000000 141.000000 3.000000
-1.02339900 1.37556005 0.07796100 3889.000000 37.000000 217.000000 3.000000
-1.06784594 1.35184801 0.03819500 3117.000000 26.000000 284.000000 3.000000
-1.05953097 1.35837495 0.03819500 1276.000000 7.000000 221.000000 3.000000
-1.04872799 1.36168694 0.03819500 3077.000000 26.000000 301.000000 3.000000
-1.04399598 1.37286401 0.03819500 3632.000000 36.000000 302.000000 3.000000
-1.03013301 1.37205899 0.03819500 3135.000000 27.000000 247.000000 3.000000
-1.01572096 1.37033403 0.03819500 2403.000000 17.000000 283.000000 3.000000
-1.00551701 1.37412298 0.03819500 1570.000000 9.000000 239.000000 3.000000
-1.05890703 1.35218298 -0.00311700 2832.000000 19.000000 163.000000 3.000000
-1.05486703 1.36419499 -0.00328800 3426.000000 28.000000 182.000000 3.000000
-1.05314302 1.37938702 -0.00355700 3847.000000 39.000000 200.000000 3.000000
-1.03744495 1.37623799 -0.00326400 3591.000000 31.000000 166.000000 3.000000
-1.02659595 1.37936795 -0.00316600 3097.000000 23.000000 188.000000 3.000000
-1.00746906 1.37113202 -0.00272600 2464.000000 15.000000 127.000000 3.000000
-1.00724602 1.38862300 -0.00306800 3388.000000 27.000000 180.000000 3.000000
-0.99463701 1.38908505 -0.00289700 2131.000000 12.000000 136.000000 3.000000
-0.98897702 1.39924598 -0.00301900 2652.000000 17.000000 154.000000 3.000000
-0.98608702 1.41349101 -0.00326400 1463.000000 7.000000 138.000000 3.000000
-1.04001105 1.36716294 -0.04302600 1847.000000 12.000000 186.000000 3.000000
-1.02679002 1.36714005 -0.04264300 2272.000000 16.000000 155.000000 3.000000
-1.01539803 1.36940897 -0.04240300 1687.000000 10.000000 145.000000 3.000000
-1.00993502 1.37963700 -0.04264300 2642.000000 20.000000 155.000000 3.000000
-0.99792999 1.38095903 -0.04235500 1809.000000 11.000000 149.000000 3.000000
-0.99467498 1.39436197 -0.04278700 2826.000000 22.000000 164.000000 3.000000
-0.98667699 1.40125501 -0.04283400 3341.000000 31.000000 164.000000 3.000000
-0.98320800 1.41465294 -0.04326600 2187.000000 15.000000 147.000000 3.000000
-1.03506100 1.37307000 -0.08490000 1508.000000 8.000000 113.000000 3.000000
-1.02007306 1.37058997 -0.08410200 1988.000000 11.000000 107.000000 3.000000
-1.01813400 1.38566899 -0.08490000 1491.000000 7.000000 108.000000 3.000000
-1.00434697 1.38461995 -0.08424700 2621.000000 17.000000 141.000000 3.000000
-0.99409199 1.38832200 -0.08403000 1978.000000 11.000000 139.000000 3.000000
-0.99130499 1.40254498 -0.08475500 3160.000000 23.000000 176.000000 3.000000
-0.97869098 1.40287197 -0.08424700 3479.000000 29.000000 177.000000 3.000000
-0.97458398 1.41542602 -0.08482800 2450.000000 15.000000 196.000000 3.000000
-1.04460800 1.38876903 -0.12685101 468.000000 2.000000 93.000000 3.000000
-1.02773297 1.38398302 -0.12550700 1369.000000 9.000000 92.000000 3.000000
-1.02040303 1.39186597 -0.12569900 1218.000000 8.000000 108.000000 3.000000
-1.00481796 1.38844097 -0.12454700 1756.000000 11.000000 103.000000 3.000000
-0.99628001 1.39458001 -0.12454700 1650.000000 10.000000 113.000000 3.000000
-0.99806303 1.41528594 -0.12627500 2189.000000 17.000000 133.000000 3.000000
-0.99107200 1.42383003 -0.12656300 3432.000000 37.000000 172.000000 3.000000
-1.02046895 1.37161505 -0.16630401 593.000000 2.000000 92.000000 3.000000
-1.01438200 1.38105297 -0.16678700 2357.000000 15.000000 141.000000 3.000000
-1.00588906 1.38725102 -0.16678700 2390.000000 15.000000 117.000000 3.000000
-0.99851298 1.39501202 -0.16702799 2366.000000 15.000000 135.000000 3.000000
-0.99622798 1.41003597 -0.16835500 1611.000000 9.000000 122.000000 3.000000
-0.98188603 1.40797496 -0.16714901 2641.000000 18.000000 171.000000 3.000000
-0.98953199 1.43770003 -0.17064799 2363.000000 15.000000 119.000000 3.000000
-1.03525102 1.39206600 -0.20975500 183.000000 1.000000 66.000000 3.000000
-1.02375305 1.39441001 -0.20903599 734.000000 4.000000 88.000000 3.000000
-1.00876904 1.39186502 -0.20745599 2235.000000 18.000000 141.000000 3.000000
-1.00483096 1.40445697 -0.20860501 2514.000000 21.000000 122.000000 3.000000
-0.99103999 1.40333200 -0.20731200 2120.000000 16.000000 148.000000 3.000000
-0.98354602 1.41100800 -0.20760000 1004.000000 6.000000 118.000000 3.000000
-0.98049802 1.42515695 -0.20903599 1506.000000 10.000000 134.000000 3.000000
-0.97563899 1.43686795 -0.21004200 1319.000000 9.000000 138.000000 3.000000
-1.02196205 1.39138806 -0.25196499 854.000000 4.000000 92.000000 3.000000
-1.01282704 1.39683402 -0.25179601 805.000000 4.000000 65.000000 3.000000
-1.00079799 1.39821100 -0.25078601 2521.000000 17.000000 144.000000 3.000000
-0.99504101 1.40835202 -0.25162801 3267.000000 27.000000 127.000000 3.000000
-1.00215197 1.43708301 -0.25634101 1911.000000 11.000000 115.000000 3.000000
-0.98326600 1.42858100 -0.25331101 2326.000000 15.000000 107.000000 3.000000
-0.97614199 1.43703496 -0.25381601 2296.000000 15.000000 115.000000 3.000000
-1.04827201 1.40647101 -0.29881299 725.000000 4.000000 206.000000 3.000000
-1.03262103 1.40340602 -0.29651499 1118.000000 7.000000 93.000000 3.000000
-1.02283299 1.40813005 -0.29613200 1118.000000 7.000000 141.000000 3.000000
-1.00327301 1.39924896 -0.29249299 2337.000000 19.000000 114.000000 3.000000
-0.99637502 1.40777802 -0.29306799 1538.000000 11.000000 107.000000 3.000000
-0.99110198 1.41868496 -0.29421699 1135.000000 7.000000 84.000000 3.000000
-0.97902399 1.41989899 -0.29306799 1426.000000 10.000000 116.000000 3.000000
-0.98192799 1.44289303 -0.29708901 1952.000000 15.000000 124.000000 3.000000
-0.96317297 1.43424702 -0.29364201 855.000000 5.000000 86.000000 3.000000
-1.04458702 1.42275405 -0.34582901 260.000000 1.000000 75.000000 3.000000
-1.00836003 1.39116704 -0.33547300 2178.000000 13.000000 128.000000 3.000000
-1.00320995 1.40209496 -0.33676699 1053.000000 5.000000 100.000000 3.000000
-0.99796402 1.41301203 -0.33806199 1101.000000 5.000000 72.000000 3.000000
-0.98481297 1.41269696 -0.33633599 947.000000 4.000000 86.000000 3.000000
-0.98607802 1.43320096 -0.34021899 1514.000000 8.000000 109.000000 3.000000
-0.96466303 1.42063498 -0.33525699 2067.000000 12.000000 131.000000 3.000000
-0.97493100 1.45493197 -0.34280899 1612.000000 9.000000 108.000000 3.000000
-1.03009999 1.41400599 -0.38523600 198.000000 1.000000 80.000000 3.000000
-1.01514804 1.41164100 -0.38261101 505.000000 3.000000 95.000000 3.000000
-0.99970001 1.40835702 -0.37974599 1032.000000 6.000000 83.000000 3.000000
-0.99103898 1.41446400 -0.37974599 920.000000 6.000000 73.000000 3.000000
-0.96142203 1.44643497 -0.38213301 1139.000000 7.000000 134.000000 3.000000
-1.02003503 1.40780997 -0.42839199 280.000000 1.000000 75.000000 3.000000
-1.00913501 1.41090202 -0.42734000 245.000000 1.000000 61.000000 3.000000
-1.03434205 1.43017495 -0.52816898 789.000000 4.000000 95.000000 3.000000
-1.00236905 1.40397596 -0.51515502 297.000000 1.000000 94.000000 3.000000
-1.03005302 1.44042695 -0.57562798 325.000000 1.000000 80.000000 3.000000
-0.99500000 1.40979004 -0.55969203 185.000000 1.000000 90.000000 3.000000
-0.96731400 1.43703496 -0.65744603 1228.000000 8.000000 120.000000 3.000000
-0.96824700 1.45757401 -0.66462201 713.000000 4.000000 111.000000 3.000000
-0.95572001 1.45807505 -0.66197801 763.000000 4.000000 85.000000 3.000000
-0.94271803 1.45770204 -0.65895700 1292.000000 9.000000 129.000000 3.000000
-0.95225197 1.49229598 -0.67293102 266.000000 1.000000 140.000000 3.000000
-0.98553401 1.43769896 -0.71470898 1139.000000 6.000000 123.000000 3.000000
-0.97105598 1.43537104 -0.71028900 1078.000000 5.000000 138.000000 3.000000
-0.96832502 1.45044696 -0.71511102 1113.000000 6.000000 118.000000 3.000000
-0.96242601 1.46095097 -0.71752101 1704.000000 10.000000 151.000000 3.000000
-0.94197899 1.44916105 -0.70828003 1321.000000 7.000000 138.000000 3.000000
-0.93998200 1.46571100 -0.71390498 1134.000000 6.000000 130.000000 3.000000
-1.00089097 1.44018602 -0.76786900 139.000000 1.000000 90.000000 3.000000
-0.99203497 1.44630003 -0.76786900 202.000000 1.000000 98.000000 3.000000
-0.97702497 1.44336998 -0.76279402 1098.000000 8.000000 138.000000 3.000000
-0.96562397 1.44557595 -0.76067901 1088.000000 7.000000 126.000000 3.000000
-0.96925002 1.47035801 -0.77125299 600.000000 4.000000 131.000000 3.000000
-1.01417899 1.44390094 -0.82917899 169.000000 1.000000 74.000000 3.000000
-0.99766302 1.43906200 -0.82247901 314.000000 1.000000 85.000000 3.000000
-0.98376799 1.43776798 -0.81801301 496.000000 2.000000 105.000000 3.000000
-0.98593003 1.46009898 -0.82783902 615.000000 3.000000 111.000000 3.000000
-0.97001499 1.45569205 -0.82158601 857.000000 4.000000 133.000000 3.000000
-0.95959198 1.45937204 -0.82024598 905.000000 5.000000 123.000000 3.000000
-0.95159203 1.46673501 -0.82113898 1069.000000 6.000000 154.000000 3.000000
-0.93823802 1.46575999 -0.81711900 1268.000000 7.000000 145.000000 3.000000
-0.93065798 1.47376001 -0.81845897 1069.000000 6.000000 161.000000 3.000000
-1.01350701 1.46718299 -0.89060801 777.000000 6.000000 190.000000 3.000000
-0.99049300 1.45295596 -0.87751901 1200.000000 9.000000 143.000000 3.000000
-0.98651201 1.46632898 -0.88219303 1042.000000 8.000000 98.000000 3.000000
-0.96571797 1.45470703 -0.87097400 402.000000 2.000000 145.000000 3.000000
-0.99505597 1.45698094 -0.94030702 901.000000 5.000000 139.000000 3.000000
-0.98707002 1.46450496 -0.94128799 811.000000 4.000000 121.000000 3.000000
-0.97565597 1.46690500 -0.93883502 845.000000 4.000000 122.000000 3.000000
-0.96615899 1.47213495 -0.93834400 930.000000 5.000000 126.000000 3.000000
-0.95663500 1.47730398 -0.93785298 862.000000 4.000000 133.000000 3.000000
-0.95036399 1.48755395 -0.94079798 764.000000 4.000000 110.000000 3.000000
-0.94075400 1.49261904 -0.94030702 705.000000 3.000000 105.000000 3.000000
-0.93663198 1.50650704 -0.94570500 921.000000 5.000000 151.000000 3.000000
-0.99444002 1.46663296 -0.99845302 549.000000 4.000000 170.000000 3.000000
-0.97822398 1.46200705 -0.99079198 980.000000 7.000000 150.000000 3.000000
-0.97636700 1.47872603 -0.99845302 799.000000 6.000000 156.000000 3.000000
-0.96633297 1.48325098 -0.99743098 684.000000 5.000000 108.000000 3.000000
-0.95534700 1.48626399 -0.99538797 704.000000 5.000000 122.000000 3.000000
-0.94667202 1.49282300 -0.99589902 666.000000 5.000000 137.000000 3.000000
-0.93795198 1.49933100 -0.99641001 1011.000000 8.000000 133.000000 3.000000
-0.92873502 1.50505805 -0.99641001 695.000000 5.000000 137.000000 3.000000
-0.99721801 1.48233795 -1.07280898 949.000000 5.000000 166.000000 3.000000
-0.98530102 1.48420000 -1.06960595 1118.000000 6.000000 153.000000 3.000000
-0.96275598 1.46969497 -1.05412197 735.000000 4.000000 154.000000 3.000000
-0.95096999 1.47131205 -1.05091906 824.000000 4.000000 183.000000 3.000000
-0.94691801 1.48496497 -1.05679202 476.000000 2.000000 161.000000 3.000000
-0.93688899 1.48931599 -1.05572402 203.000000 1.000000 142.000000 3.000000
-0.94242698 1.51875699 -1.07334304 380.000000 2.000000 134.000000 3.000000
-0.92251003 1.50719404 -1.06052899 489.000000 2.000000 129.000000 3.000000
-0.92240900 1.52803504 -1.07174098 592.000000 3.000000 159.000000 3.000000
-0.98457402 1.47784305 -1.12386298 754.000000 7.000000 179.000000 3.000000
-0.97594702 1.48455095 -1.12441599 701.000000 6.000000 170.000000 3.000000
-0.96408999 1.48632503 -1.12109601 857.000000 8.000000 188.000000 3.000000
-0.95450097 1.49151301 -1.12054300 554.000000 5.000000 174.000000 3.000000
-0.94086701 1.49030900 -1.11500895 833.000000 7.000000 155.000000 3.000000
-0.93126202 1.49534905 -1.11445498 668.000000 6.000000 188.000000 3.000000
-0.93695402 1.52512705 -1.13327098 382.000000 3.000000 173.000000 3.000000
-0.93191302 1.53796005 -1.13880503 379.000000 3.000000 167.000000 3.000000
-0.98452997 1.48636496 -1.19899595 314.000000 1.000000 191.000000 3.000000
-0.98209202 1.50264800 -1.20763600 456.000000 2.000000 158.000000 3.000000
-0.96090698 1.49008703 -1.19208395 302.000000 1.000000 186.000000 3.000000
-0.95393699 1.49940503 -1.19496405 935.000000 6.000000 182.000000 3.000000
-0.94254899 1.50176597 -1.19208395 1225.000000 8.000000 192.000000 3.000000
-0.93331599 1.50752199 -1.19208395 1101.000000 7.000000 191.000000 3.000000
-0.93723798 1.53485799 -1.20993996 554.000000 3.000000 179.000000 3.000000
-0.92569703 1.53707695 -1.20705998 367.000000 2.000000 158.000000 3.000000
-0.99819601 1.52256799 -1.28969395 295.000000 2.000000 218.000000 3.000000
-0.97875500 1.51316798 -1.27600896 561.000000 5.000000 248.000000 3.000000
-0.96207100 1.50764501 -1.26589501 823.000000 7.000000 230.000000 3.000000
-0.95409298 1.51555800 -1.26768005 724.000000 6.000000 219.000000 3.000000
-0.94349802 1.51933801 -1.26589501 613.000000 5.000000 241.000000 3.000000
-0.93963802 1.53399503 -1.27363002 434.000000 3.000000 255.000000 3.000000
-0.92686898 1.53423595 -1.26887000 625.000000 5.000000 232.000000 3.000000
-0.92115599 1.54609895 -1.27422500 550.000000 5.000000 240.000000 3.000000
-1.14676297 1.31912196 0.79250699 92.000000 1.000000 134.000000 3.000000
-1.01156199 1.36844599 0.67567497 30.000000 1.000000 193.000000 3.000000
-1.03884995 1.38354194 0.50122601 2429.000000 16.000000 161.000000 3.000000
-1.02421904 1.39504099 0.37030900 759.000000 4.000000 169.000000 3.000000
-1.02645302 1.41770899 0.33089101 85.000000 1.000000 115.000000 3.000000
-1.01712596 1.40536594 0.28614500 177.000000 1.000000 147.000000 3.000000
-1.02414298 1.29267204 0.23391800 2412.000000 15.000000 168.000000 3.000000
-0.99992299 1.29769194 0.19363900 2504.000000 18.000000 278.000000 3.000000
-1.00131404 1.33290398 0.19642401 2488.000000 18.000000 290.000000 3.000000
-0.99371099 1.33982098 0.19652000 2326.000000 16.000000 215.000000 3.000000
-0.98136097 1.35336900 0.15637299 2657.000000 17.000000 154.000000 3.000000
-0.98173702 1.37153697 0.15744799 1646.000000 8.000000 153.000000 3.000000
-1.09474099 1.32986605 0.07815000 2652.000000 17.000000 185.000000 3.000000
-1.08592999 1.33578205 0.07812600 2769.000000 18.000000 190.000000 3.000000
-1.07771301 1.34241998 0.07812600 2726.000000 18.000000 145.000000 3.000000
-1.08746004 1.32579005 0.03819500 2295.000000 16.000000 305.000000 3.000000
-1.08309197 1.33709097 0.03819500 2857.000000 22.000000 324.000000 3.000000
-1.07674694 1.34605002 0.03819500 3451.000000 32.000000 290.000000 3.000000
-0.97944403 1.35598898 0.03819500 1917.000000 12.000000 336.000000 3.000000
-1.05539203 1.33076894 -0.00265300 2136.000000 12.000000 134.000000 3.000000
-1.07711601 1.39787996 -0.04528100 853.000000 5.000000 238.000000 3.000000
-0.99871498 1.45363998 -0.12934799 2129.000000 16.000000 154.000000 3.000000
-1.06586897 1.41451001 -0.17378500 1288.000000 7.000000 123.000000 3.000000
-0.99406397 1.46346200 -0.17354301 2255.000000 14.000000 128.000000 3.000000
-1.07397604 1.44364905 -0.26442000 1166.000000 6.000000 89.000000 3.000000
-0.98265702 1.46593499 -0.25852901 2031.000000 12.000000 113.000000 3.000000
-0.97774899 1.47525704 -0.30187699 1057.000000 7.000000 83.000000 3.000000
-1.04055500 1.51426804 -1.03726494 678.000000 6.000000 340.000000 3.000000
-0.97334099 1.59872603 -1.05769300 218.000000 1.000000 227.000000 3.000000
-1.01888502 1.50898695 -1.15374601 476.000000 4.000000 219.000000 3.000000
