-1.30775201 -1.87270606 -0.88254303 296.000000 2.000000 175.000000 0.000000
-1.23791897 -1.95234394 -0.96421897 1414.000000 11.000000 208.000000 0.000000
-1.24046004 -1.93008101 -0.95658499 2090.000000 19.000000 221.000000 0.000000
-1.26028299 -1.93470502 -0.96301401 926.000000 7.000000 190.000000 0.000000
-1.24536705 -1.88644803 -0.94171900 2125.000000 17.000000 226.000000 0.000000
-1.25233197 -1.87192404 -0.93810302 2236.000000 19.000000 250.000000 0.000000
-1.26019394 -1.85890102 -0.93529099 2681.000000 25.000000 252.000000 0.000000
-1.27624702 -1.85792398 -0.93890703 2422.000000 21.000000 248.000000 0.000000
-1.29076397 -1.85456598 -0.94131702 2041.000000 16.000000 185.000000 0.000000
-1.31638002 -1.86680901 -0.95216602 736.000000 4.000000 189.000000 0.000000
-1.24895597 -1.94780397 -1.02924299 1099.000000 13.000000 244.000000 0.000000
-1.25595999 -1.93249702 -1.02501297 1415.000000 18.000000 252.000000 0.000000
-1.27326202 -1.93308902 -1.02966595 440.000000 4.000000 241.000000 0.000000
-1.26553202 -1.89581096 -1.01317096 1202.000000 15.000000 190.000000 0.000000
-1.25941896 -1.86170697 -0.99836898 1743.000000 20.000000 228.000000 0.000000
-1.27030802 -1.85319602 -0.99794602 2283.000000 30.000000 248.000000 0.000000
-1.28165495 -1.84536695 -0.99794602 2134.000000 27.000000 244.000000 0.000000
-1.29347301 -1.83820999 -0.99836898 2170.000000 28.000000 221.000000 0.000000
-1.31312203 -1.84206104 -1.00513601 1070.000000 13.000000 144.000000 0.000000
-1.23475301 -1.91757798 -1.08690596 1778.000000 15.000000 257.000000 0.000000
-1.25187898 -1.91820395 -1.09181905 1850.000000 16.000000 282.000000 0.000000
-1.27153003 -1.92242205 -1.09896600 477.000000 3.000000 166.000000 0.000000
-1.25737500 -1.87595296 -1.07573903 1360.000000 11.000000 220.000000 0.000000
-1.25477397 -1.84748805 -1.06323195 2359.000000 23.000000 279.000000 0.000000
-1.26862502 -1.84343696 -1.06546605 2669.000000 28.000000 280.000000 0.000000
-1.28042400 -1.83635199 -1.06591201 2768.000000 30.000000 216.000000 0.000000
-1.29941797 -1.83941805 -1.07261205 2195.000000 21.000000 228.000000 0.000000
-1.32006001 -1.84449995 -1.08065200 1249.000000 10.000000 252.000000 0.000000
-1.26254201 -1.85486102 -1.13415802 1247.000000 16.000000 237.000000 0.000000
-1.26539099 -1.83469200 -1.12621105 1494.000000 20.000000 245.000000 0.000000
-1.27611995 -1.82616699 -1.12574399 1853.000000 26.000000 252.000000 0.000000
-1.28628194 -1.81685805 -1.12480903 1720.000000 23.000000 184.000000 0.000000
-1.29946101 -1.81180799 -1.12667799 1542.000000 20.000000 211.000000 0.000000
-1.34113002 -1.84605503 -1.15425897 751.000000 8.000000 301.000000 0.000000
-1.27121699 -1.94413304 -1.25487900 1603.000000 14.000000 349.000000 0.000000
-1.28215802 -1.93484402 -1.25389695 1187.000000 9.000000 280.000000 0.000000
-1.26161802 -1.82989299 -1.19844198 1985.000000 18.000000 288.000000 0.000000
-1.26732898 -1.81426406 -1.19304395 2322.000000 23.000000 291.000000 0.000000
-1.27843702 -1.80645299 -1.19304395 2344.000000 23.000000 243.000000 0.000000
-1.28949702 -1.79857504 -1.19304395 2226.000000 22.000000 243.000000 0.000000
-1.31024599 -1.80401695 -1.20236802 1772.000000 16.000000 236.000000 0.000000
-1.29142904 -1.96406305 -1.34214902 995.000000 14.000000 196.000000 0.000000
-1.30250502 -1.95466900 -1.34112799 1077.000000 16.000000 226.000000 0.000000
-1.29820502 -1.87234902 -1.29925096 989.000000 12.000000 204.000000 0.000000
-1.27319801 -1.81221700 -1.26145899 1556.000000 21.000000 229.000000 0.000000
-1.28528702 -1.80577302 -1.26248097 1825.000000 26.000000 215.000000 0.000000
-1.29885101 -1.80134499 -1.26503396 1659.000000 23.000000 207.000000 0.000000
-1.31190205 -1.79612195 -1.26707697 1404.000000 18.000000 206.000000 0.000000
-1.33819795 -1.80880404 -1.28239799 720.000000 8.000000 212.000000 0.000000
-1.27717602 -1.92373395 -1.40276504 1290.000000 12.000000 239.000000 0.000000
-1.31498802 -1.92886603 -1.41878295 1019.000000 9.000000 219.000000 0.000000
-1.31525505 -1.90407097 -1.40596902 1081.000000 10.000000 215.000000 0.000000
-1.27499199 -1.82187402 -1.34884000 1407.000000 12.000000 260.000000 0.000000
-1.27439904 -1.79746997 -1.33602703 1592.000000 14.000000 217.000000 0.000000
-1.28293502 -1.78618503 -1.33335698 1621.000000 14.000000 250.000000 0.000000
-1.29785395 -1.78374600 -1.33762801 1823.000000 16.000000 235.000000 0.000000
-1.31982100 -1.79071605 -1.34937406 1485.000000 13.000000 249.000000 0.000000
-1.30134594 -1.79721999 -1.41826701 1240.000000 16.000000 206.000000 0.000000
-0.34400699 -1.77439201 -0.85061902 1419.000000 8.000000 183.000000 0.000000
-0.27334800 -1.80684602 -0.91398102 1096.000000 8.000000 328.000000 0.000000
-0.33224201 -1.69796503 -0.86255997 1404.000000 12.000000 334.000000 0.000000
-0.22871500 -1.73628104 -0.93294603 897.000000 5.000000 204.000000 0.000000
-0.26026100 -1.80405104 -0.97318703 1226.000000 7.000000 220.000000 0.000000
-0.27523601 -1.82826400 -0.98790997 1141.000000 7.000000 228.000000 0.000000
-0.28224400 -1.79986000 -0.97269702 886.000000 5.000000 258.000000 0.000000
-0.29846200 -1.76190305 -0.95306599 663.000000 3.000000 221.000000 0.000000
-0.29760399 -1.69396996 -0.91527897 2130.000000 15.000000 256.000000 0.000000
-0.32706201 -1.67965400 -0.91037101 1173.000000 7.000000 190.000000 0.000000
-0.35133299 -1.74679506 -0.95012200 1438.000000 9.000000 216.000000 0.000000
-0.28771800 -1.79637396 -1.02654099 683.000000 6.000000 404.000000 0.000000
-0.30922100 -1.72558105 -0.98721701 1274.000000 10.000000 418.000000 0.000000
-0.31748199 -1.71096599 -0.97955698 1270.000000 10.000000 370.000000 0.000000
-0.31742001 -1.65323102 -0.94585103 1074.000000 8.000000 330.000000 0.000000
-0.32541201 -1.64028299 -0.93921202 999.000000 8.000000 349.000000 0.000000
-0.35539201 -1.73685598 -0.99896300 1230.000000 10.000000 384.000000 0.000000
-0.31232101 -1.70749104 -1.04077494 1060.000000 6.000000 286.000000 0.000000
-0.33052999 -1.74624503 -1.06693602 1849.000000 12.000000 283.000000 0.000000
-0.34189099 -1.74750304 -1.06907201 1991.000000 13.000000 285.000000 0.000000
-0.35395101 -1.75200200 -1.07334304 1529.000000 9.000000 267.000000 0.000000
-0.41008499 -1.61698604 -0.99806201 385.000000 2.000000 260.000000 0.000000
-0.24692200 -1.98453605 -1.27272499 491.000000 5.000000 365.000000 0.000000
-0.27033600 -2.07055402 -1.33138502 509.000000 6.000000 360.000000 0.000000
-0.28492400 -2.08289003 -1.34079301 483.000000 5.000000 395.000000 0.000000
-0.28015301 -1.87322402 -1.20244503 984.000000 9.000000 392.000000 0.000000
-0.28040099 -1.79819703 -1.15319300 563.000000 5.000000 358.000000 0.000000
-0.29826000 -1.83921301 -1.18196905 453.000000 4.000000 390.000000 0.000000
-0.30937299 -1.64787602 -1.05800998 856.000000 6.000000 370.000000 0.000000
-0.34248501 -1.76620603 -1.13935804 1566.000000 16.000000 455.000000 0.000000
-0.35331601 -1.76407099 -1.13935804 1616.000000 17.000000 402.000000 0.000000
-0.35497400 -1.71698403 -1.10892200 1090.000000 9.000000 412.000000 0.000000
-0.42585501 -1.56650698 -1.02259195 618.000000 4.000000 349.000000 0.000000
-0.25333199 -1.98666406 -1.35394096 585.000000 4.000000 248.000000 0.000000
-0.28379300 -1.94041800 -1.32456505 1291.000000 9.000000 311.000000 0.000000
-0.27723899 -1.81824696 -1.23873997 859.000000 5.000000 293.000000 0.000000
-0.28839099 -1.81651103 -1.23873997 863.000000 5.000000 277.000000 0.000000
-0.30314299 -1.83648098 -1.25429201 642.000000 3.000000 244.000000 0.000000
-0.32245100 -1.88131106 -1.28770006 989.000000 7.000000 277.000000 0.000000
-0.31229699 -1.75778401 -1.20072401 1521.000000 10.000000 317.000000 0.000000
-0.32203600 -1.75020695 -1.19669199 1812.000000 13.000000 304.000000 0.000000
-0.33322999 -1.75060701 -1.19842005 1913.000000 14.000000 318.000000 0.000000
-0.32542801 -1.65470195 -1.13102698 1317.000000 8.000000 315.000000 0.000000
-0.41348401 -1.85923398 -1.28481996 530.000000 3.000000 380.000000 0.000000
-0.40036699 -1.74990296 -1.20763600 630.000000 3.000000 336.000000 0.000000
-0.40245500 -1.71081698 -1.18113899 589.000000 3.000000 313.000000 0.000000
-0.43587899 -1.80284905 -1.24968398 505.000000 3.000000 321.000000 0.000000
-0.40524000 -1.63277495 -1.12814701 740.000000 4.000000 297.000000 0.000000
-0.28682399 -1.90116799 -1.36525404 503.000000 5.000000 353.000000 0.000000
-0.29160300 -1.85489202 -1.33193600 610.000000 6.000000 360.000000 0.000000
-0.31038800 -1.89909303 -1.36644399 513.000000 5.000000 364.000000 0.000000
-0.31991300 -1.88446903 -1.35692501 455.000000 4.000000 361.000000 0.000000
-0.31607401 -1.79377604 -1.29028904 761.000000 7.000000 387.000000 0.000000
-0.31853500 -1.74433994 -1.25459099 1104.000000 11.000000 411.000000 0.000000
-0.32908499 -1.74156201 -1.25399601 1218.000000 12.000000 373.000000 0.000000
-0.33885300 -1.73477495 -1.25042605 1370.000000 14.000000 382.000000 0.000000
-0.34933400 -1.73187494 -1.24983096 1420.000000 15.000000 391.000000 0.000000
-0.36011600 -1.73048604 -1.25042605 1208.000000 12.000000 373.000000 0.000000
-0.40377000 -1.82880795 -1.32836604 444.000000 4.000000 418.000000 0.000000
-0.39455000 -1.73532701 -1.25935102 523.000000 4.000000 354.000000 0.000000
-0.40713000 -1.60583496 -1.16832101 492.000000 3.000000 391.000000 0.000000
-0.30022401 -1.80161405 -1.37320900 905.000000 6.000000 298.000000 0.000000
-0.29806900 -1.72376800 -1.31272602 1456.000000 10.000000 322.000000 0.000000
-0.38779399 -1.68322301 -1.29544497 549.000000 3.000000 361.000000 0.000000
-0.43045199 -1.76853204 -1.36827099 687.000000 4.000000 299.000000 0.000000
-0.42541000 -1.70251203 -1.31704605 613.000000 3.000000 301.000000 0.000000
-0.44525999 -1.73644602 -1.34667003 596.000000 3.000000 311.000000 0.000000
-0.29112500 -1.70928001 -1.36661100 954.000000 9.000000 404.000000 0.000000
-0.30054900 -1.70137501 -1.36152804 948.000000 9.000000 378.000000 0.000000
-0.30879301 -1.68734002 -1.35136104 924.000000 9.000000 374.000000 0.000000
-0.31107301 -1.64214504 -1.31514299 875.000000 8.000000 405.000000 0.000000
-0.32757500 -1.67356706 -1.34310102 854.000000 8.000000 378.000000 0.000000
-0.33798900 -1.67228198 -1.34373605 935.000000 9.000000 355.000000 0.000000
-0.35010901 -1.67925298 -1.35136104 835.000000 8.000000 348.000000 0.000000
-0.35752401 -1.66347599 -1.33992398 628.000000 6.000000 327.000000 0.000000
-0.36854801 -1.66502297 -1.34310102 480.000000 4.000000 376.000000 0.000000
-0.37875801 -1.66273105 -1.34310102 635.000000 6.000000 316.000000 0.000000
-0.38756099 -1.65435696 -1.33801794 577.000000 5.000000 382.000000 0.000000
-0.40163401 -1.66847503 -1.35199702 547.000000 5.000000 332.000000 0.000000
-0.41869801 -1.64993894 -1.34055901 549.000000 5.000000 385.000000 0.000000
-0.42438799 -1.63013899 -1.32594502 549.000000 5.000000 379.000000 0.000000
-0.44226301 -1.65736902 -1.35136104 970.000000 9.000000 402.000000 0.000000
-0.44839200 -1.63971603 -1.33865297 808.000000 7.000000 412.000000 0.000000
-0.27417299 -1.63231206 -1.38109100 387.000000 2.000000 326.000000 0.000000
-0.25271001 -1.48335898 -1.31193805 293.000000 2.000000 344.000000 0.000000
-0.26747999 -1.51451802 -1.34228802 295.000000 2.000000 347.000000 0.000000
0.67098802 -1.64880598 -0.78013402 194.000000 1.000000 265.000000 0.000000
0.64766097 -1.62010801 -0.76363999 275.000000 2.000000 271.000000 0.000000
0.65370297 -1.66450000 -0.78394097 190.000000 1.000000 267.000000 0.000000
0.64905399 -1.68283904 -0.79113102 149.000000 1.000000 254.000000 0.000000
0.64646500 -1.70711005 -0.80128098 120.000000 1.000000 250.000000 0.000000
0.72155702 -1.68930900 -0.86535901 823.000000 4.000000 201.000000 0.000000
0.71014100 -1.69122899 -0.86401898 2304.000000 16.000000 224.000000 0.000000
0.70009100 -1.69638205 -0.86446601 2683.000000 21.000000 219.000000 0.000000
0.69503897 -1.71391499 -0.87161303 2835.000000 23.000000 271.000000 0.000000
0.68120402 -1.70983398 -0.86714602 2526.000000 19.000000 280.000000 0.000000
0.65508097 -1.67397702 -0.84570599 1942.000000 13.000000 235.000000 0.000000
0.66741902 -1.65359402 -0.89060801 1516.000000 13.000000 316.000000 0.000000
0.67463499 -1.70116997 -0.91538298 1742.000000 15.000000 337.000000 0.000000
0.66321498 -1.70280898 -0.91398102 1036.000000 8.000000 311.000000 0.000000
0.65307200 -1.70767105 -0.91444898 284.000000 2.000000 246.000000 0.000000
0.67096800 -1.60160005 -0.92460299 1067.000000 6.000000 237.000000 0.000000
0.69688499 -1.69272900 -0.97760397 2333.000000 17.000000 312.000000 0.000000
0.68550700 -1.69455004 -0.97613198 2638.000000 20.000000 273.000000 0.000000
0.67316997 -1.69386399 -0.97318703 2239.000000 16.000000 263.000000 0.000000
0.66560900 -1.70527005 -0.97760397 1267.000000 7.000000 285.000000 0.000000
0.71199501 -1.71519101 -1.04901099 1068.000000 10.000000 400.000000 0.000000
0.68708599 -1.68453395 -1.02654099 1785.000000 19.000000 365.000000 0.000000
0.67834598 -1.69270504 -1.02909398 1823.000000 20.000000 323.000000 0.000000
0.67206597 -1.70722604 -1.03573298 1668.000000 17.000000 343.000000 0.000000
0.65783399 -1.70170295 -1.02960503 1319.000000 13.000000 262.000000 0.000000
0.67347699 -1.77396905 -1.07301402 570.000000 5.000000 420.000000 0.000000
0.72889102 -1.74439394 -1.13847995 1146.000000 7.000000 322.000000 0.000000
0.69092298 -1.68233001 -1.09309804 1896.000000 14.000000 236.000000 0.000000
0.68027103 -1.68575299 -1.09256399 1965.000000 14.000000 282.000000 0.000000
0.67644501 -1.70640695 -1.10377598 1679.000000 11.000000 276.000000 0.000000
0.66810501 -1.71604300 -1.10751295 1248.000000 8.000000 250.000000 0.000000
0.69492602 -1.81807399 -1.17371798 595.000000 3.000000 212.000000 0.000000
0.72305399 -1.75151396 -1.20299804 989.000000 9.000000 455.000000 0.000000
0.68898797 -1.69885802 -1.16204703 1379.000000 14.000000 387.000000 0.000000
0.67979199 -1.70614505 -1.16426098 1546.000000 16.000000 399.000000 0.000000
0.66992199 -1.71183395 -1.16536701 1428.000000 14.000000 351.000000 0.000000
0.65730101 -1.71047497 -1.16149402 1193.000000 12.000000 368.000000 0.000000
0.68940401 -1.82659197 -1.24118197 695.000000 7.000000 322.000000 0.000000
0.69171399 -1.68922698 -1.22894800 1875.000000 14.000000 349.000000 0.000000
0.68103099 -1.69268095 -1.22837198 1809.000000 13.000000 312.000000 0.000000
0.67063200 -1.69682801 -1.22837198 1801.000000 13.000000 336.000000 0.000000
0.65607601 -1.69023895 -1.22030795 1675.000000 12.000000 317.000000 0.000000
0.65614998 -1.72174001 -1.24104404 1311.000000 8.000000 308.000000 0.000000
1.72854495 -1.70818996 -0.67827803 1082.000000 13.000000 336.000000 0.000000
1.71124601 -1.71199799 -0.67542100 1862.000000 25.000000 319.000000 0.000000
1.69396400 -1.71565795 -0.67256498 2268.000000 33.000000 319.000000 0.000000
1.68407595 -1.72670400 -0.67285001 2398.000000 36.000000 324.000000 0.000000
1.67677903 -1.74045002 -0.67427897 1708.000000 22.000000 286.000000 0.000000
1.67070103 -1.75555801 -0.67627901 1368.000000 17.000000 296.000000 0.000000
1.71390402 -1.67207503 -0.73328799 804.000000 6.000000 155.000000 0.000000
1.70361197 -1.68255997 -0.73328799 2270.000000 21.000000 148.000000 0.000000
1.68922400 -1.68894506 -0.73142898 3034.000000 35.000000 209.000000 0.000000
1.68216801 -1.70266199 -0.73297799 2716.000000 28.000000 198.000000 0.000000
1.68164396 -1.72316396 -0.73762500 1693.000000 14.000000 159.000000 0.000000
1.73690605 -1.66852200 -0.80005801 650.000000 7.000000 340.000000 0.000000
1.70970201 -1.66273606 -0.79175800 1329.000000 16.000000 331.000000 0.000000
1.69340706 -1.66724896 -0.78877002 763.000000 8.000000 277.000000 0.000000
1.68247604 -1.67694402 -0.78843802 154.000000 1.000000 247.000000 0.000000
1.67614603 -1.69124901 -0.79043001 171.000000 1.000000 276.000000 0.000000
1.71333098 -1.74995100 -0.81433302 344.000000 3.000000 240.000000 0.000000
1.71201301 -1.63024700 -0.85233402 1455.000000 12.000000 139.000000 0.000000
1.69794405 -1.63682699 -0.85019797 2724.000000 29.000000 181.000000 0.000000
1.68653202 -1.64590895 -0.84948498 2690.000000 28.000000 222.000000 0.000000
1.67573595 -1.65556896 -0.84912902 2429.000000 24.000000 164.000000 0.000000
1.70582604 -1.70615304 -0.87085098 2026.000000 18.000000 171.000000 0.000000
1.70648205 -1.72789598 -0.87690401 928.000000 7.000000 115.000000 0.000000
1.71314502 -1.61787701 -0.91200203 842.000000 10.000000 249.000000 0.000000
1.69983399 -1.62516499 -0.91011399 1827.000000 25.000000 375.000000 0.000000
1.69049597 -1.63620698 -0.91049099 2220.000000 33.000000 401.000000 0.000000
1.68638694 -1.65237105 -0.91389000 1901.000000 26.000000 316.000000 0.000000
1.70189905 -1.68807304 -0.92861998 1547.000000 20.000000 320.000000 0.000000
1.69870901 -1.70568895 -0.93277401 993.000000 12.000000 329.000000 0.000000
1.72561002 -1.60494006 -0.98390698 996.000000 7.000000 460.000000 0.000000
1.70240295 -1.60293496 -0.97587103 2247.000000 21.000000 153.000000 0.000000
1.69452298 -1.61524701 -0.97707701 2665.000000 28.000000 217.000000 0.000000
1.68523896 -1.62625098 -0.97747803 2564.000000 26.000000 259.000000 0.000000
1.71450901 -1.67497802 -1.00158596 1939.000000 17.000000 192.000000 0.000000
1.70680201 -1.68804395 -1.00319302 1918.000000 17.000000 183.000000 0.000000
1.70870101 -1.71080196 -1.01082695 682.000000 5.000000 285.000000 0.000000
1.72392094 -1.59984398 -1.04700601 993.000000 12.000000 322.000000 0.000000
1.70216501 -1.59924400 -1.03939295 1378.000000 17.000000 268.000000 0.000000
1.69166303 -1.60903502 -1.03896999 1701.000000 23.000000 339.000000 0.000000
1.67914200 -1.61687505 -1.03727901 1716.000000 23.000000 279.000000 0.000000
1.71664095 -1.67323697 -1.06815302 1149.000000 14.000000 318.000000 0.000000
1.70827997 -1.68564498 -1.06942201 1177.000000 14.000000 328.000000 0.000000
1.70259702 -1.56683803 -1.10343206 2187.000000 21.000000 172.000000 0.000000
1.69622195 -1.58030701 -1.10566604 2715.000000 29.000000 203.000000 0.000000
1.67998898 -1.58454204 -1.10119903 2419.000000 24.000000 200.000000 0.000000
1.67217505 -1.59667504 -1.10253894 2262.000000 22.000000 203.000000 0.000000
1.72406602 -1.66663802 -1.14541900 1537.000000 13.000000 178.000000 0.000000
1.70728004 -1.55484903 -1.16875100 1206.000000 15.000000 305.000000 0.000000
1.68924499 -1.55752099 -1.16267300 1486.000000 19.000000 296.000000 0.000000
1.67577195 -1.56424499 -1.15986896 1464.000000 19.000000 291.000000 0.000000
1.66549897 -1.57389200 -1.15940106 1355.000000 17.000000 347.000000 0.000000
1.66860795 -1.59627903 -1.16875100 1226.000000 15.000000 276.000000 0.000000
1.70522201 -1.65129602 -1.20287597 1013.000000 12.000000 270.000000 0.000000
1.68239105 -1.51311696 -1.22101700 1648.000000 14.000000 192.000000 0.000000
1.67307401 -1.52341199 -1.22101700 1455.000000 12.000000 182.000000 0.000000
1.64768898 -1.51887500 -1.20874798 1837.000000 16.000000 204.000000 0.000000
1.63706505 -1.52776599 -1.20776701 1810.000000 16.000000 198.000000 0.000000
2.68876290 -1.71306396 -0.57858598 685.000000 10.000000 222.000000 0.000000
2.67684698 -1.57862103 -0.64249599 2541.000000 34.000000 207.000000 0.000000
2.67129993 -1.59752405 -0.64357501 2681.000000 37.000000 171.000000 0.000000
2.70819211 -1.64225698 -0.65565801 1304.000000 14.000000 219.000000 0.000000
2.70771694 -1.68777204 -0.66083598 1833.000000 23.000000 244.000000 0.000000
2.68804312 -1.57171094 -0.72061402 1093.000000 17.000000 188.000000 0.000000
2.66831803 -1.58224499 -0.71775001 1877.000000 34.000000 236.000000 0.000000
2.65689301 -1.59758794 -0.71727198 1731.000000 31.000000 200.000000 0.000000
2.64123201 -1.61032903 -0.71560103 535.000000 8.000000 211.000000 0.000000
2.71810293 -1.68000698 -0.74066502 805.000000 13.000000 204.000000 0.000000
2.70033193 -1.69202101 -0.73851699 1204.000000 21.000000 222.000000 0.000000
2.68895102 -1.54221594 -0.79952902 499.000000 4.000000 155.000000 0.000000
2.67776895 -1.55771506 -0.79900301 2171.000000 27.000000 184.000000 0.000000
2.66733003 -1.57362497 -0.79874003 2729.000000 39.000000 177.000000 0.000000
2.66424608 -1.59392798 -0.80084401 1752.000000 20.000000 199.000000 0.000000
2.64253402 -1.56144798 -0.86883199 797.000000 12.000000 430.000000 0.000000
2.64606690 -1.58549702 -0.87340301 917.000000 14.000000 372.000000 0.000000
2.68027997 -1.54032099 -0.96040499 887.000000 9.000000 162.000000 0.000000
2.67324209 -1.55817604 -0.96133500 1868.000000 22.000000 162.000000 0.000000
2.66935897 -1.57793796 -0.96350402 1234.000000 14.000000 129.000000 0.000000
2.68436599 -1.53521800 -1.04075503 1756.000000 34.000000 263.000000 0.000000
2.63161802 -1.52663100 -1.02315903 1435.000000 25.000000 616.000000 0.000000
2.77915692 -1.68101895 -1.09553504 788.000000 13.000000 284.000000 0.000000
2.75028205 -1.68672097 -1.08789897 1108.000000 19.000000 344.000000 0.000000
2.68784595 -1.50170004 -1.12474000 2176.000000 30.000000 137.000000 0.000000
2.67451692 -1.51585805 -1.12295902 2473.000000 36.000000 173.000000 0.000000
2.66192603 -1.53037596 -1.12153494 2280.000000 32.000000 157.000000 0.000000
2.69202995 -1.56976199 -1.13898301 1746.000000 22.000000 212.000000 0.000000
-1.44200003 1.75668395 -0.69362700 1156.000000 8.000000 140.000000 0.000000
-1.43119395 1.76549900 -0.69362700 1789.000000 13.000000 134.000000 0.000000
-1.41558504 1.76830697 -0.69114798 2100.000000 17.000000 127.000000 0.000000
-1.40588605 1.77845204 -0.69176799 2212.000000 18.000000 140.000000 0.000000
-1.40254700 1.79679203 -0.69579601 881.000000 5.000000 104.000000 0.000000
-1.44377995 1.56887698 -0.70278299 2493.000000 30.000000 181.000000 0.000000
-1.39495397 1.71584702 -0.73066998 1832.000000 21.000000 119.000000 0.000000
-1.38440001 1.72437406 -0.73066998 1924.000000 23.000000 143.000000 0.000000
-1.38025403 1.74095500 -0.73432201 413.000000 3.000000 112.000000 0.000000
-1.39732301 1.87770104 -0.77615398 654.000000 6.000000 117.000000 0.000000
-1.45485401 1.58561206 -0.77150297 2127.000000 17.000000 163.000000 0.000000
-1.45011401 1.60005105 -0.77435100 3079.000000 31.000000 156.000000 0.000000
-1.44026899 1.60891902 -0.77435100 3133.000000 32.000000 161.000000 0.000000
-1.42913306 1.61632502 -0.77363902 2222.000000 18.000000 172.000000 0.000000
-1.45604205 1.66731703 -0.79500401 417.000000 2.000000 81.000000 0.000000
-1.36294794 1.49247205 -0.77528203 687.000000 6.000000 104.000000 0.000000
-1.44762504 1.60443497 -0.83231199 1795.000000 21.000000 143.000000 0.000000
-1.44207501 1.61811805 -0.83495498 2594.000000 36.000000 187.000000 0.000000
-1.43702400 1.63248706 -0.83797699 2109.000000 26.000000 122.000000 0.000000
-1.43611300 1.65173805 -0.84364200 770.000000 7.000000 118.000000 0.000000
-1.40181398 1.51059198 -0.85412902 240.000000 1.000000 78.000000 0.000000
-1.41940701 1.56775606 -0.87783498 260.000000 1.000000 103.000000 0.000000
-1.43782103 1.60785401 -0.89631701 1545.000000 11.000000 167.000000 0.000000
-1.43580306 1.62557304 -0.90153998 2298.000000 19.000000 179.000000 0.000000
-1.42640305 1.63504303 -0.90194201 2311.000000 20.000000 159.000000 0.000000
-1.41216302 1.63890505 -0.89912999 778.000000 5.000000 102.000000 0.000000
-1.41358197 1.50234795 -0.91209000 1635.000000 16.000000 118.000000 0.000000
-1.42535698 1.53351796 -0.92646998 1154.000000 12.000000 111.000000 0.000000
-1.47733796 1.60886300 -0.96876299 484.000000 4.000000 120.000000 0.000000
-1.49855304 1.65206802 -0.99033302 998.000000 10.000000 125.000000 0.000000
-1.40658402 1.57027495 -0.93323702 669.000000 6.000000 101.000000 0.000000
-1.45529795 1.64459002 -0.97426099 1710.000000 20.000000 177.000000 0.000000
-1.43860495 1.64599597 -0.96960902 2316.000000 30.000000 152.000000 0.000000
-1.43263304 1.65958595 -0.97257000 1777.000000 21.000000 143.000000 0.000000
-1.41770899 1.66283798 -0.96918601 704.000000 7.000000 114.000000 0.000000
-1.41819799 1.51218295 -0.98327899 1580.000000 12.000000 139.000000 0.000000
-1.43380296 1.54778302 -1.00159299 1942.000000 15.000000 145.000000 0.000000
-1.52265799 1.66420805 -1.07439899 2386.000000 24.000000 181.000000 0.000000
-1.47525001 1.63234198 -1.04670596 1096.000000 7.000000 340.000000 0.000000
-1.45215094 1.64696598 -1.04447198 1027.000000 7.000000 308.000000 0.000000
-1.44025600 1.65381896 -1.04313195 2581.000000 23.000000 209.000000 0.000000
-1.42949903 1.66194701 -1.04268599 2643.000000 24.000000 199.000000 0.000000
-1.42448401 1.67682695 -1.04670596 1860.000000 14.000000 145.000000 0.000000
-1.38486195 1.65056098 -1.02392602 456.000000 2.000000 71.000000 0.000000
-1.45811296 1.55837500 -1.07619202 830.000000 8.000000 338.000000 0.000000
-1.41905904 1.53554106 -1.05328596 1081.000000 11.000000 125.000000 0.000000
-1.45585704 1.65471101 -1.11312199 630.000000 6.000000 343.000000 0.000000
-1.44335198 1.66094804 -1.11125195 1194.000000 13.000000 158.000000 0.000000
-1.42794001 1.66374600 -1.10704505 1658.000000 19.000000 155.000000 0.000000
-1.41942298 1.67449605 -1.10844696 1757.000000 21.000000 127.000000 0.000000
-1.41424096 1.68926406 -1.11265397 969.000000 10.000000 130.000000 0.000000
-1.39956999 1.71401203 -1.11779702 709.000000 8.000000 337.000000 0.000000
-1.38969398 1.78967500 -1.14584506 554.000000 6.000000 167.000000 0.000000
-1.41697001 1.84790504 -1.17903495 618.000000 7.000000 134.000000 0.000000
-1.42151999 1.53716195 -1.12581098 1669.000000 13.000000 195.000000 0.000000
-1.44729304 1.58447695 -1.15525603 1099.000000 7.000000 284.000000 0.000000
-1.45067203 1.64814997 -1.18322897 1175.000000 9.000000 150.000000 0.000000
-1.44224596 1.65899396 -1.18470097 1241.000000 10.000000 146.000000 0.000000
-1.42183006 1.65590703 -1.17586803 1895.000000 17.000000 147.000000 0.000000
-1.42008996 1.67457294 -1.18322897 2686.000000 29.000000 179.000000 0.000000
-1.40531600 1.67790794 -1.17930305 2446.000000 25.000000 171.000000 0.000000
-1.38389599 1.67306495 -1.16948795 1387.000000 10.000000 147.000000 0.000000
-1.37525594 1.68355000 -1.17095995 1314.000000 9.000000 153.000000 0.000000
-1.35615396 1.68110096 -1.16310799 1744.000000 13.000000 161.000000 0.000000
-1.34961104 1.69416296 -1.16654301 1177.000000 8.000000 162.000000 0.000000
-1.37848306 1.75242901 -1.20236802 1346.000000 11.000000 160.000000 0.000000
-1.36396599 1.75603497 -1.19893301 1479.000000 12.000000 154.000000 0.000000
-1.43859601 1.56445897 -1.20834696 909.000000 9.000000 162.000000 0.000000
-1.46042204 1.64783800 -1.25379896 760.000000 9.000000 142.000000 0.000000
-1.43836498 1.64320600 -1.24307501 876.000000 10.000000 154.000000 0.000000
-1.42487299 1.64810503 -1.24001002 899.000000 11.000000 139.000000 0.000000
-1.40689898 1.64767897 -1.23286104 1286.000000 16.000000 142.000000 0.000000
-1.38953996 1.64775097 -1.22622204 1424.000000 19.000000 131.000000 0.000000
-1.38216102 1.65954399 -1.22877502 1302.000000 17.000000 156.000000 0.000000
-1.37140501 1.66733003 -1.22826397 1352.000000 17.000000 165.000000 0.000000
-1.36277902 1.67771304 -1.22979701 1281.000000 16.000000 163.000000 0.000000
-1.35947001 1.69474697 -1.23643601 1013.000000 12.000000 178.000000 0.000000
-1.35760999 1.71382296 -1.24460697 1115.000000 14.000000 172.000000 0.000000
-1.35556495 1.73293900 -1.25277805 1497.000000 20.000000 151.000000 0.000000
-1.34912205 1.74665797 -1.25686300 1162.000000 14.000000 122.000000 0.000000
-0.56533802 1.61753905 -0.80371898 1995.000000 12.000000 154.000000 0.000000
-0.55627102 1.62351799 -0.80505902 2603.000000 18.000000 176.000000 0.000000
-0.54629898 1.62689996 -0.80505902 2655.000000 19.000000 146.000000 0.000000
-0.52989101 1.61066902 -0.79478598 2265.000000 15.000000 169.000000 0.000000
-0.50658703 1.57215095 -0.77289897 1744.000000 10.000000 151.000000 0.000000
-0.59302503 1.55175602 -0.82609701 351.000000 2.000000 131.000000 0.000000
-0.58536798 1.56032705 -0.82890201 320.000000 2.000000 116.000000 0.000000
-0.57762903 1.56886196 -0.83170700 296.000000 1.000000 138.000000 0.000000
-0.55040699 1.58423400 -0.83451200 748.000000 4.000000 107.000000 0.000000
-0.54728001 1.60681200 -0.84526300 1484.000000 11.000000 118.000000 0.000000
-0.54079401 1.62019300 -0.85087299 1955.000000 18.000000 121.000000 0.000000
-0.53333402 1.63103700 -0.85508001 1869.000000 17.000000 195.000000 0.000000
-0.50837302 1.58801198 -0.82937002 1489.000000 11.000000 133.000000 0.000000
-0.48795900 1.55738604 -0.81067097 1084.000000 7.000000 141.000000 0.000000
-0.48623401 1.58568597 -0.82469499 238.000000 1.000000 113.000000 0.000000
-0.58091098 1.60309505 -0.90693599 400.000000 2.000000 98.000000 0.000000
-0.57426703 1.61566305 -0.91233402 375.000000 2.000000 138.000000 0.000000
-0.56548703 1.62244797 -0.91429698 422.000000 2.000000 91.000000 0.000000
-0.53688103 1.63672197 -0.91675103 1441.000000 9.000000 186.000000 0.000000
-0.51752502 1.61094403 -0.89957500 2119.000000 14.000000 170.000000 0.000000
-0.49433500 1.57168901 -0.87454599 1924.000000 12.000000 173.000000 0.000000
-0.48391500 1.57219303 -0.87307400 1732.000000 10.000000 129.000000 0.000000
-0.49404800 1.64105999 -0.91184300 626.000000 3.000000 189.000000 0.000000
-0.51537502 1.75107300 -0.97465998 396.000000 2.000000 378.000000 0.000000
-0.57584602 1.60655701 -0.95964003 251.000000 1.000000 116.000000 0.000000
-0.56109500 1.59628403 -0.95095801 334.000000 2.000000 171.000000 0.000000
-0.55185401 1.60132098 -0.95197999 403.000000 3.000000 144.000000 0.000000
-0.53979999 1.59816599 -0.94789398 334.000000 2.000000 128.000000 0.000000
-0.55718899 1.66894102 -1.05572402 747.000000 4.000000 162.000000 0.000000
-0.54667598 1.67152500 -1.05518997 789.000000 4.000000 165.000000 0.000000
-0.54129702 1.69015098 -1.06533396 433.000000 2.000000 209.000000 0.000000
-0.53999901 1.72249305 -1.08455503 595.000000 3.000000 250.000000 0.000000
-0.49355501 1.60853398 -1.00713801 1160.000000 7.000000 202.000000 0.000000
-0.48585799 1.61882198 -1.01194298 1167.000000 7.000000 163.000000 0.000000
-0.48564899 1.65504599 -1.03383398 1368.000000 8.000000 174.000000 0.000000
-0.47223100 1.64661300 -1.02635896 1340.000000 8.000000 207.000000 0.000000
-0.46484700 1.65925205 -1.03276598 1062.000000 6.000000 176.000000 0.000000
-0.44576100 1.62944305 -1.01141000 884.000000 5.000000 153.000000 0.000000
-0.45510399 1.70486999 -1.05892801 602.000000 3.000000 215.000000 0.000000
-0.42502400 1.67425895 -1.03543496 1042.000000 6.000000 208.000000 0.000000
-0.42405099 1.71459997 -1.05999506 842.000000 4.000000 141.000000 0.000000
-0.42969999 1.78459001 -1.10377598 502.000000 2.000000 158.000000 0.000000
-0.41989499 1.79213405 -1.10697901 481.000000 2.000000 153.000000 0.000000
-0.58839601 1.82573998 -1.21849298 538.000000 4.000000 219.000000 0.000000
-0.56809300 1.80074203 -1.19857097 510.000000 4.000000 200.000000 0.000000
-0.51840502 1.68013299 -1.11224198 1107.000000 9.000000 170.000000 0.000000
-0.49012500 1.62432098 -1.07129097 854.000000 6.000000 181.000000 0.000000
-0.50773799 1.71989405 -1.13548398 627.000000 5.000000 223.000000 0.000000
-0.50556099 1.75176597 -1.15540600 674.000000 6.000000 192.000000 0.000000
-0.47747299 1.69395101 -1.11334896 891.000000 7.000000 189.000000 0.000000
-0.47644001 1.73055398 -1.13659096 1192.000000 11.000000 199.000000 0.000000
-0.46799400 1.74148297 -1.14212501 1184.000000 11.000000 153.000000 0.000000
-0.45218199 1.72499800 -1.12884402 985.000000 9.000000 166.000000 0.000000
-0.43763199 1.71241701 -1.11832905 833.000000 7.000000 187.000000 0.000000
-0.43667400 1.75303304 -1.14433801 1073.000000 10.000000 174.000000 0.000000
-0.43047199 1.77428496 -1.15706694 1302.000000 13.000000 187.000000 0.000000
-0.41918999 1.77527297 -1.15595996 1187.000000 11.000000 200.000000 0.000000
-0.40583900 1.76726401 -1.14876604 831.000000 7.000000 166.000000 0.000000
-0.39810699 1.78353298 -1.15817297 671.000000 6.000000 163.000000 0.000000
-0.39804199 1.83556998 -1.19193006 548.000000 5.000000 181.000000 0.000000
-0.39076200 1.85671496 -1.20465803 552.000000 5.000000 186.000000 0.000000
-0.50039399 1.67368805 -1.17365098 1207.000000 8.000000 229.000000 0.000000
-0.48256800 1.65082800 -1.15464306 1098.000000 6.000000 193.000000 0.000000
-0.49571201 1.73552203 -1.21454799 800.000000 5.000000 172.000000 0.000000
-0.48724401 1.74640703 -1.22030795 912.000000 5.000000 203.000000 0.000000
-0.47480601 1.74305201 -1.21570003 1076.000000 7.000000 200.000000 0.000000
-0.46347299 1.74356198 -1.21397197 1229.000000 8.000000 214.000000 0.000000
-0.45113000 1.74004197 -1.20936406 1284.000000 8.000000 184.000000 0.000000
-0.43944699 1.73881400 -1.20648396 1081.000000 7.000000 171.000000 0.000000
-0.42740601 1.73591995 -1.20245194 956.000000 6.000000 201.000000 0.000000
-0.41769600 1.74248505 -1.20533204 1061.000000 6.000000 218.000000 0.000000
-0.40551600 1.73864603 -1.20072401 1390.000000 9.000000 227.000000 0.000000
-0.39466000 1.74030399 -1.20014799 1274.000000 8.000000 228.000000 0.000000
-0.39256099 1.78181601 -1.22837198 1013.000000 6.000000 219.000000 0.000000
-0.38025799 1.77779496 -1.22376394 687.000000 4.000000 152.000000 0.000000
-0.38290799 1.84573901 -1.27099597 858.000000 5.000000 198.000000 0.000000
-0.37173599 1.84885502 -1.27157199 953.000000 6.000000 179.000000 0.000000
-0.35680601 1.83264399 -1.25832403 939.000000 6.000000 167.000000 0.000000
-0.34947199 1.85568798 -1.27330005 1022.000000 7.000000 178.000000 0.000000
-0.33676699 1.85055804 -1.26811600 1177.000000 7.000000 191.000000 0.000000
-0.49563801 1.68743300 -1.24388099 763.000000 7.000000 227.000000 0.000000
-0.49557000 1.72595298 -1.27125001 643.000000 6.000000 226.000000 0.000000
-0.46371701 1.73478198 -1.27125001 807.000000 7.000000 215.000000 0.000000
-0.44446200 1.70495200 -1.24626100 1057.000000 10.000000 235.000000 0.000000
-0.42939201 1.68974197 -1.23257697 1207.000000 12.000000 266.000000 0.000000
-0.42780200 1.72743106 -1.25935102 925.000000 9.000000 225.000000 0.000000
-0.41605100 1.72533798 -1.25578105 662.000000 6.000000 251.000000 0.000000
-0.40805599 1.73880601 -1.26410997 614.000000 5.000000 245.000000 0.000000
-0.39756000 1.74206102 -1.26470494 701.000000 6.000000 233.000000 0.000000
-0.38827199 1.75074100 -1.26946497 721.000000 6.000000 261.000000 0.000000
-0.44305801 1.63612902 -1.27014101 1190.000000 8.000000 224.000000 0.000000
-0.42960501 1.62588203 -1.25964904 1011.000000 6.000000 179.000000 0.000000
-0.41844699 1.62391496 -1.25594604 1032.000000 6.000000 244.000000 0.000000
-0.41114801 1.63713801 -1.26458597 905.000000 5.000000 212.000000 0.000000
-0.40389001 1.65109706 -1.27384400 804.000000 5.000000 233.000000 0.000000
-0.39302501 1.65048099 -1.27137494 880.000000 5.000000 231.000000 0.000000
-0.38465899 1.66052902 -1.27754700 1034.000000 6.000000 228.000000 0.000000
-0.37446299 1.66285801 -1.27754700 1241.000000 8.000000 209.000000 0.000000
0.49035099 1.67396796 -0.66235602 2294.000000 19.000000 192.000000 0.000000
0.49586701 1.65495098 -0.65555799 2127.000000 17.000000 183.000000 0.000000
0.50977999 1.66428101 -0.66084498 1515.000000 11.000000 240.000000 0.000000
0.51094502 1.57719803 -0.67734301 2243.000000 14.000000 234.000000 0.000000
0.47585499 1.76136196 -0.80085802 569.000000 4.000000 138.000000 0.000000
0.48665401 1.75840998 -0.80085802 1388.000000 11.000000 134.000000 0.000000
0.49473801 1.74579406 -0.79620600 2115.000000 20.000000 190.000000 0.000000
0.50794500 1.75143397 -0.80043501 1981.000000 18.000000 158.000000 0.000000
0.51433498 1.73350596 -0.79324502 1348.000000 11.000000 172.000000 0.000000
0.54088598 1.78324997 -0.81904399 1156.000000 9.000000 192.000000 0.000000
0.54888803 1.77037001 -0.81439197 883.000000 6.000000 151.000000 0.000000
0.51083601 1.61136401 -0.73826402 1823.000000 14.000000 158.000000 0.000000
0.51517397 1.59094298 -0.72980499 2079.000000 17.000000 175.000000 0.000000
0.53819299 1.62822294 -0.74968302 461.000000 2.000000 137.000000 0.000000
0.44886199 1.87892401 -0.91270602 442.000000 2.000000 176.000000 0.000000
0.48113099 1.77190197 -0.86491299 1201.000000 7.000000 214.000000 0.000000
0.49271500 1.77150202 -0.86625302 1724.000000 11.000000 214.000000 0.000000
0.49816999 1.74951899 -0.85642600 1858.000000 12.000000 238.000000 0.000000
0.51441699 1.76532197 -0.86625302 1524.000000 9.000000 200.000000 0.000000
0.52882600 1.77413404 -0.87250602 1270.000000 7.000000 228.000000 0.000000
0.54597700 1.79139102 -0.88322598 1162.000000 6.000000 237.000000 0.000000
0.51721799 1.66075802 -0.81667298 1306.000000 7.000000 157.000000 0.000000
0.51189703 1.60896802 -0.79121298 2437.000000 17.000000 223.000000 0.000000
0.52564001 1.61770701 -0.79746598 1492.000000 8.000000 150.000000 0.000000
0.47896400 1.79647696 -0.93080997 1027.000000 8.000000 205.000000 0.000000
0.48558900 1.77729201 -0.92192799 1284.000000 10.000000 167.000000 0.000000
0.49884799 1.78279698 -0.92660302 1313.000000 11.000000 160.000000 0.000000
0.51195103 1.78735602 -0.93080997 1124.000000 9.000000 141.000000 0.000000
0.52438802 1.78927505 -0.93361503 1023.000000 8.000000 123.000000 0.000000
0.53510499 1.78517604 -0.93314701 1257.000000 10.000000 146.000000 0.000000
0.54347801 1.77340102 -0.92847300 1154.000000 9.000000 171.000000 0.000000
0.51265103 1.63580298 -0.85414499 1680.000000 15.000000 151.000000 0.000000
0.52749199 1.64779305 -0.86255997 1541.000000 13.000000 175.000000 0.000000
0.58850998 1.69452798 -0.89621699 437.000000 3.000000 135.000000 0.000000
0.58013499 1.63750899 -0.86629897 1124.000000 9.000000 216.000000 0.000000
0.59762800 1.65472305 -0.87798601 1032.000000 8.000000 191.000000 0.000000
0.47612101 1.98512399 -1.09636605 667.000000 4.000000 210.000000 0.000000
0.46232200 1.82879901 -1.00901198 483.000000 2.000000 280.000000 0.000000
0.46432200 1.79051197 -0.98840100 1060.000000 6.000000 215.000000 0.000000
0.47709599 1.79436398 -0.99232697 1559.000000 10.000000 200.000000 0.000000
0.48625901 1.78467906 -0.98840100 1473.000000 9.000000 233.000000 0.000000
0.49579099 1.77662802 -0.98545599 1370.000000 9.000000 187.000000 0.000000
0.51004303 1.78527904 -0.99232697 728.000000 4.000000 174.000000 0.000000
0.52319402 1.78963995 -0.99674302 564.000000 3.000000 262.000000 0.000000
0.53041101 1.77387798 -0.98938203 702.000000 4.000000 243.000000 0.000000
0.53030503 1.73476899 -0.96828002 706.000000 3.000000 173.000000 0.000000
0.52947903 1.69489801 -0.94668698 636.000000 3.000000 180.000000 0.000000
0.52340400 1.64016700 -0.91626000 458.000000 2.000000 173.000000 0.000000
0.53264600 1.63444102 -0.91478801 264.000000 1.000000 159.000000 0.000000
0.54101002 1.62618196 -0.91184300 212.000000 1.000000 152.000000 0.000000
0.55266303 1.62778103 -0.91478801 181.000000 1.000000 147.000000 0.000000
0.56378299 1.62765205 -0.91675103 164.000000 1.000000 165.000000 0.000000
0.57783300 1.63566005 -0.92362100 182.000000 1.000000 157.000000 0.000000
0.58963299 1.63700104 -0.92656600 200.000000 1.000000 132.000000 0.000000
0.60057002 1.63580501 -0.92803800 194.000000 1.000000 143.000000 0.000000
0.61457300 1.64269495 -0.93441802 191.000000 1.000000 189.000000 0.000000
0.43336299 1.78194702 -1.03522205 283.000000 2.000000 134.000000 0.000000
0.44201899 1.77007306 -1.02960503 543.000000 4.000000 149.000000 0.000000
0.45139199 1.76149404 -1.02602994 587.000000 5.000000 165.000000 0.000000
0.45504600 1.73123300 -1.00917697 714.000000 5.000000 176.000000 0.000000
0.45679599 1.69518006 -0.98874903 869.000000 6.000000 185.000000 0.000000
0.47013599 1.70312703 -0.99538797 873.000000 6.000000 153.000000 0.000000
0.49772999 1.76147699 -1.03318000 623.000000 5.000000 150.000000 0.000000
0.51516199 1.78153098 -1.04747903 678.000000 6.000000 195.000000 0.000000
0.51785702 1.75028598 -1.03011501 945.000000 9.000000 198.000000 0.000000
0.52908099 1.74872196 -1.03113699 1050.000000 10.000000 169.000000 0.000000
0.51081598 1.65091395 -0.97240698 1769.000000 16.000000 179.000000 0.000000
0.52299201 1.65431201 -0.97649300 1565.000000 13.000000 194.000000 0.000000
0.55331600 1.71412206 -1.01581597 1096.000000 9.000000 227.000000 0.000000
0.55260402 1.67637205 -0.99436700 942.000000 7.000000 174.000000 0.000000
0.44023001 1.82901895 -1.13260698 1408.000000 9.000000 208.000000 0.000000
0.45083401 1.82382095 -1.13100505 1484.000000 10.000000 214.000000 0.000000
0.46097401 1.81692302 -1.12833595 1618.000000 11.000000 236.000000 0.000000
0.47254100 1.81569695 -1.12940395 1509.000000 10.000000 231.000000 0.000000
0.48411000 1.81439698 -1.13047099 1426.000000 9.000000 206.000000 0.000000
0.49612799 1.81465399 -1.13260698 1343.000000 9.000000 197.000000 0.000000
0.50039500 1.78715396 -1.11659002 1140.000000 7.000000 193.000000 0.000000
0.50784701 1.77186096 -1.10858095 1079.000000 6.000000 200.000000 0.000000
0.51847100 1.76789999 -1.10804701 1130.000000 7.000000 216.000000 0.000000
0.52346402 1.74525297 -1.09523296 1055.000000 6.000000 240.000000 0.000000
0.49837601 1.62562799 -1.01835001 1454.000000 9.000000 202.000000 0.000000
0.50276500 1.60479295 -1.00660396 1586.000000 10.000000 199.000000 0.000000
0.52216399 1.63146603 -1.02635896 1354.000000 8.000000 200.000000 0.000000
0.53822100 1.64671099 -1.03863895 1141.000000 6.000000 173.000000 0.000000
0.54831499 1.64337802 -1.03863895 1018.000000 6.000000 216.000000 0.000000
0.56931603 1.67199004 -1.05999506 1221.000000 7.000000 199.000000 0.000000
0.58651698 1.68842804 -1.07334304 1438.000000 9.000000 186.000000 0.000000
0.59007400 1.66567504 -1.06052899 1568.000000 10.000000 176.000000 0.000000
0.58416301 1.61750102 -1.03062999 1794.000000 12.000000 229.000000 0.000000
0.59905303 1.62737203 -1.03970695 1222.000000 7.000000 228.000000 0.000000
0.55462497 1.74297500 -1.15927994 1238.000000 12.000000 222.000000 0.000000
0.56633103 1.74270999 -1.16149402 771.000000 7.000000 184.000000 0.000000
0.56816202 1.71230197 -1.14267802 1457.000000 15.000000 246.000000 0.000000
0.57733202 1.70483506 -1.13991106 1208.000000 12.000000 243.000000 0.000000
0.58535200 1.69416904 -1.13493097 1185.000000 11.000000 255.000000 0.000000
0.59628600 1.69211805 -1.13603795 1281.000000 13.000000 236.000000 0.000000
0.60889399 1.69470406 -1.14046502 1097.000000 10.000000 228.000000 0.000000
0.48818299 1.69686306 -1.18690002 628.000000 3.000000 219.000000 0.000000
0.50245798 1.63291299 -1.14657903 742.000000 4.000000 228.000000 0.000000
0.53434998 1.69918299 -1.19784403 1028.000000 6.000000 236.000000 0.000000
0.55053103 1.71376801 -1.21109200 1232.000000 8.000000 262.000000 0.000000
0.56358999 1.71812296 -1.21685195 1182.000000 7.000000 246.000000 0.000000
1.50782394 1.70560002 -0.69486701 511.000000 3.000000 392.000000 0.000000
1.50620496 1.68286300 -0.68897998 1388.000000 10.000000 407.000000 0.000000
1.48647702 1.64049304 -0.67441702 1646.000000 12.000000 350.000000 0.000000
1.50680494 1.64254498 -0.67937398 1899.000000 14.000000 395.000000 0.000000
1.51685500 1.63326800 -0.67937398 2007.000000 16.000000 371.000000 0.000000
1.54379201 1.64192998 -0.68743002 1373.000000 9.000000 294.000000 0.000000
1.49830401 1.74254203 -0.76121402 1015.000000 10.000000 202.000000 0.000000
1.49784195 1.72048998 -0.75523800 1940.000000 23.000000 187.000000 0.000000
1.50588095 1.70843196 -0.75391001 2278.000000 29.000000 234.000000 0.000000
1.50379896 1.68506205 -0.74726999 1944.000000 23.000000 189.000000 0.000000
1.49706995 1.65687501 -0.73830599 1742.000000 20.000000 142.000000 0.000000
1.51483297 1.65602398 -0.74229002 500.000000 4.000000 127.000000 0.000000
1.46369600 1.78326404 -0.83061302 263.000000 1.000000 560.000000 0.000000
1.49811304 1.78017497 -0.83809102 471.000000 3.000000 579.000000 0.000000
1.45867097 1.71194303 -0.80853599 936.000000 6.000000 484.000000 0.000000
1.49541295 1.73336899 -0.82384700 1470.000000 10.000000 454.000000 0.000000
1.51893902 1.73893297 -0.83132499 1670.000000 12.000000 494.000000 0.000000
1.51966906 1.71838605 -0.82562798 1290.000000 9.000000 455.000000 0.000000
1.50461102 1.68050098 -0.81102800 1483.000000 10.000000 398.000000 0.000000
1.50107801 1.65601397 -0.80319399 758.000000 5.000000 424.000000 0.000000
1.50445294 1.80272305 -0.90860301 1168.000000 14.000000 363.000000 0.000000
1.49938405 1.77433395 -0.89840603 1699.000000 23.000000 163.000000 0.000000
1.50303400 1.75664496 -0.89387298 1944.000000 27.000000 210.000000 0.000000
1.51136398 1.74458599 -0.89236301 1647.000000 19.000000 162.000000 0.000000
1.51594698 1.72830701 -0.88858598 975.000000 10.000000 134.000000 0.000000
1.51670599 1.70787799 -0.88254303 1599.000000 18.000000 160.000000 0.000000
1.52530301 1.69647002 -0.88141000 944.000000 9.000000 122.000000 0.000000
1.44703102 1.94858205 -1.01484501 356.000000 2.000000 645.000000 0.000000
1.49028599 1.81370699 -0.97988898 976.000000 7.000000 620.000000 0.000000
1.49904299 1.80171394 -0.97828197 1225.000000 9.000000 599.000000 0.000000
1.50003302 1.78058302 -0.97145200 744.000000 5.000000 590.000000 0.000000
1.50557804 1.76507795 -0.96783501 670.000000 5.000000 568.000000 0.000000
1.53314996 1.77520204 -0.97908503 411.000000 2.000000 584.000000 0.000000
1.49696505 1.71201897 -0.94774598 135.000000 1.000000 479.000000 0.000000
1.51533794 1.71170998 -0.95296901 170.000000 1.000000 459.000000 0.000000
1.54660702 1.72555304 -0.96662998 209.000000 1.000000 471.000000 0.000000
1.43118405 1.90725601 -1.06223202 569.000000 6.000000 292.000000 0.000000
1.48334706 1.83212698 -1.04954398 1231.000000 15.000000 180.000000 0.000000
1.49627995 1.82509696 -1.05081201 1892.000000 26.000000 203.000000 0.000000
1.50629497 1.81448495 -1.04996705 1811.000000 25.000000 178.000000 0.000000
1.51914597 1.80729198 -1.05123496 1441.000000 18.000000 190.000000 0.000000
1.51113296 1.73183703 -1.02205300 1349.000000 17.000000 262.000000 0.000000
1.51454699 1.71436906 -1.01697803 1438.000000 18.000000 235.000000 0.000000
1.45495403 1.88240194 -1.13603902 645.000000 4.000000 627.000000 0.000000
1.46813297 1.87555206 -1.13737905 749.000000 5.000000 622.000000 0.000000
1.47850096 1.86510706 -1.13648605 810.000000 6.000000 648.000000 0.000000
1.47982800 1.84344697 -1.12844598 1068.000000 8.000000 663.000000 0.000000
1.50461495 1.82790995 -1.13023198 973.000000 7.000000 674.000000 0.000000
1.51809502 1.82139099 -1.13201904 859.000000 6.000000 583.000000 0.000000
1.53402102 1.75129902 -1.11057901 824.000000 6.000000 539.000000 0.000000
2.33775401 1.77319801 -0.67645401 998.000000 15.000000 311.000000 0.000000
2.39207411 1.79147696 -0.68982100 1286.000000 21.000000 334.000000 0.000000
2.46178198 1.72843802 -0.69459498 414.000000 6.000000 334.000000 0.000000
2.45878410 1.70387995 -0.69053698 536.000000 8.000000 333.000000 0.000000
2.37906098 1.85981596 -0.77769703 865.000000 8.000000 135.000000 0.000000
2.39653897 1.84989703 -0.77980202 2279.000000 29.000000 158.000000 0.000000
2.40323997 1.83165002 -0.77822298 2545.000000 34.000000 165.000000 0.000000
2.41212010 1.81513000 -0.77743399 2097.000000 26.000000 173.000000 0.000000
2.41933799 1.79742098 -0.77611899 468.000000 4.000000 132.000000 0.000000
2.47612596 1.74695504 -0.78059101 1347.000000 14.000000 142.000000 0.000000
2.47887897 1.72621906 -0.77796000 899.000000 9.000000 147.000000 0.000000
2.38006806 1.88148201 -0.85826200 746.000000 11.000000 288.000000 0.000000
2.39232206 1.86743402 -0.85854799 1573.000000 27.000000 270.000000 0.000000
2.40373611 1.85271895 -0.85854799 1578.000000 27.000000 269.000000 0.000000
2.41124892 1.83502901 -0.85711902 1057.000000 17.000000 242.000000 0.000000
2.43930197 1.83288598 -0.86340398 313.000000 4.000000 269.000000 0.000000
2.48028898 1.74724603 -0.85826200 568.000000 8.000000 287.000000 0.000000
2.48546004 1.72815704 -0.85626203 242.000000 3.000000 297.000000 0.000000
2.49261808 2.01991796 -0.99851602 789.000000 8.000000 395.000000 0.000000
2.38986206 1.91255498 -0.95049000 784.000000 7.000000 82.000000 0.000000
2.39259791 1.89078498 -0.94677198 2243.000000 29.000000 181.000000 0.000000
2.40190506 1.87431395 -0.94584298 2227.000000 28.000000 174.000000 0.000000
2.41185403 1.85838103 -0.94522297 1615.000000 18.000000 154.000000 0.000000
2.40201592 1.82743800 -0.93654698 417.000000 3.000000 103.000000 0.000000
2.35234690 1.76700902 -0.91175902 125.000000 1.000000 66.000000 0.000000
2.36925602 1.75706995 -0.91423798 169.000000 1.000000 98.000000 0.000000
2.39073706 1.75035799 -0.91857600 182.000000 1.000000 75.000000 0.000000
2.47087908 1.76283002 -0.94212401 988.000000 10.000000 75.000000 0.000000
2.49564600 1.75748301 -0.94770199 1306.000000 14.000000 351.000000 0.000000
2.39274192 1.92301905 -1.03278697 262.000000 3.000000 213.000000 0.000000
2.42442489 1.92416000 -1.04175103 927.000000 15.000000 206.000000 0.000000
2.41541910 1.89292800 -1.03245497 1240.000000 20.000000 248.000000 0.000000
2.42549706 1.87691605 -1.03179097 1189.000000 19.000000 245.000000 0.000000
2.43921494 1.86371899 -1.03278697 970.000000 15.000000 254.000000 0.000000
2.48972297 1.87830901 -1.05005097 604.000000 9.000000 247.000000 0.000000
2.49923611 1.76776302 -1.02979898 453.000000 6.000000 334.000000 0.000000
2.38670897 1.90935600 -1.11619401 1562.000000 19.000000 152.000000 0.000000
2.38957810 1.88772905 -1.11192095 2116.000000 26.000000 185.000000 0.000000
2.40774894 1.87820101 -1.11512494 1857.000000 24.000000 121.000000 0.000000
2.43403912 1.87478900 -1.12224698 1713.000000 21.000000 172.000000 0.000000
2.45888901 1.86999500 -1.12865698 2103.000000 28.000000 164.000000 0.000000
2.46433711 1.85038602 -1.12580800 1827.000000 23.000000 170.000000 0.000000
2.49441791 1.84913504 -1.13470995 1261.000000 14.000000 143.000000 0.000000
2.53259802 1.80616105 -1.13684702 1985.000000 26.000000 157.000000 0.000000
