-1.91776001 1.85539997 -1.03928006 200.000000 2.000000 100.000000 3.000000
-1.97060299 1.92987895 -1.07591498 77.000000 1.000000 111.000000 3.000000
-1.75362098 1.91363204 -1.08877397 75.000000 1.000000 89.000000 3.000000
-1.73447597 1.91620505 -1.08395195 55.000000 1.000000 90.000000 3.000000
-1.67796803 1.94778204 -1.07792497 127.000000 1.000000 100.000000 3.000000
-1.63277400 1.91896701 -1.05542505 212.000000 1.000000 103.000000 3.000000
-1.61920297 1.92684495 -1.05421996 196.000000 1.000000 108.000000 3.000000
1.37668705 2.05755997 -1.03613901 115.000000 1.000000 324.000000 3.000000
1.38671398 2.04528594 -1.03412998 153.000000 1.000000 336.000000 3.000000
1.40027595 2.03824711 -1.03493404 153.000000 1.000000 360.000000 3.000000
1.42148495 2.01567411 -1.03212094 56.000000 1.000000 462.000000 3.000000
1.43649006 2.01063800 -1.03412998 62.000000 1.000000 458.000000 3.000000
1.48856103 2.05665898 -1.06386304 164.000000 1.000000 499.000000 3.000000
0.84335297 1.99335301 -1.02883899 269.000000 1.000000 110.000000 3.000000
0.86725599 2.01525402 -1.04357898 374.000000 2.000000 143.000000 3.000000
0.87565398 2.00088096 -1.03866601 259.000000 1.000000 81.000000 3.000000
0.95698100 2.01590395 -1.06233895 104.000000 1.000000 113.000000 3.000000
0.96972102 2.01079893 -1.06278598 107.000000 1.000000 124.000000 3.000000
-0.69988102 1.97210002 -1.05422103 145.000000 1.000000 78.000000 3.000000
-0.68601298 1.97135103 -1.05141604 172.000000 1.000000 95.000000 3.000000
-0.67333001 1.97385097 -1.05048096 166.000000 1.000000 113.000000 3.000000
-0.66064203 1.97626996 -1.04954600 161.000000 1.000000 106.000000 3.000000
-0.64628899 1.97356999 -1.04580700 131.000000 1.000000 145.000000 3.000000
-0.63416702 1.97749805 -1.04580700 80.000000 1.000000 117.000000 3.000000
0.50041401 2.02825308 -1.05235100 121.000000 1.000000 120.000000 3.000000
0.51349503 2.02771711 -1.05375397 179.000000 1.000000 115.000000 3.000000
0.52482498 2.02024698 -1.05141604 193.000000 1.000000 84.000000 3.000000
0.53608203 2.01271605 -1.04907894 246.000000 2.000000 104.000000 3.000000
0.54772902 2.00682807 -1.04767704 264.000000 2.000000 125.000000 3.000000
0.56192201 2.01024508 -1.05141604 231.000000 2.000000 114.000000 3.000000
0.57521200 2.01015997 -1.05328596 191.000000 1.000000 127.000000 3.000000
0.60185099 2.00972891 -1.05702603 171.000000 1.000000 143.000000 3.000000
-0.62889701 1.95861602 -1.10520005 200.000000 1.000000 110.000000 3.000000
-0.61764997 1.96493196 -1.10667205 163.000000 1.000000 102.000000 3.000000
-0.22907400 1.99433005 -1.07722700 403.000000 2.000000 108.000000 3.000000
-0.21673900 1.99483097 -1.07673597 372.000000 2.000000 116.000000 3.000000
-0.20564100 2.00739193 -1.08311605 271.000000 1.000000 129.000000 3.000000
-0.19497800 2.02596402 -1.09293103 148.000000 1.000000 89.000000 3.000000
-0.09525300 2.03134894 -1.09194899 356.000000 2.000000 134.000000 3.000000
0.11175900 1.94411302 -1.04336500 437.000000 2.000000 140.000000 3.000000
0.12743600 2.00164700 -1.07624495 645.000000 3.000000 105.000000 3.000000
0.13953200 1.99821997 -1.07477295 617.000000 3.000000 143.000000 3.000000
0.15159000 1.99471998 -1.07330096 582.000000 3.000000 114.000000 3.000000
0.17474300 1.97795606 -1.06495798 197.000000 1.000000 119.000000 3.000000
0.18844600 1.99332702 -1.07428205 230.000000 1.000000 114.000000 3.000000
0.20102499 1.99559999 -1.07624495 319.000000 1.000000 122.000000 3.000000
0.21335900 1.99519598 -1.07673597 323.000000 1.000000 148.000000 3.000000
0.22579500 1.99557996 -1.07771695 374.000000 2.000000 158.000000 3.000000
0.23813900 1.99502206 -1.07820797 349.000000 2.000000 137.000000 3.000000
0.24950200 1.98660803 -1.07428205 226.000000 1.000000 155.000000 3.000000
0.26443499 2.00576997 -1.08606005 153.000000 1.000000 123.000000 3.000000
-0.44312200 1.91041195 -1.11080503 227.000000 1.000000 112.000000 3.000000
-0.43043700 1.90890396 -1.10825205 241.000000 2.000000 107.000000 3.000000
-0.42094600 1.92158198 -1.11438000 236.000000 2.000000 110.000000 3.000000
-0.40408799 1.90059304 -1.10008001 167.000000 1.000000 141.000000 3.000000
-0.39154100 1.89882898 -1.09752703 147.000000 1.000000 152.000000 3.000000
-0.19726799 1.98401797 -1.13021100 86.000000 1.000000 132.000000 3.000000
-0.18721500 2.00744390 -1.14348900 558.000000 5.000000 133.000000 3.000000
-0.17420600 2.00084805 -1.13889301 380.000000 3.000000 128.000000 3.000000
-0.16092899 1.98988402 -1.13174295 289.000000 2.000000 116.000000 3.000000
-0.14930999 1.99854898 -1.13634002 492.000000 4.000000 143.000000 3.000000
-0.13631600 1.98913598 -1.13021100 113.000000 1.000000 158.000000 3.000000
2.18535495 2.33141303 0.49819499 1368.000000 23.000000 199.000000 3.000000
2.19041800 2.39098811 0.42618200 68.000000 1.000000 273.000000 3.000000
2.18681097 2.35785604 0.42294800 989.000000 10.000000 287.000000 3.000000
2.18492103 2.32702994 0.42007300 1747.000000 20.000000 270.000000 3.000000
2.20942211 2.32436895 0.42186901 1617.000000 18.000000 305.000000 3.000000
2.22570896 2.31291389 0.42222899 1335.000000 14.000000 291.000000 3.000000
2.18649197 2.24447799 0.41300499 280.000000 2.000000 268.000000 3.000000
2.15141606 2.15497398 0.40234399 442.000000 3.000000 296.000000 3.000000
2.22531700 2.20175791 0.41264600 92.000000 1.000000 260.000000 3.000000
2.23381305 2.18320704 0.41180700 1130.000000 11.000000 252.000000 3.000000
2.17652202 2.29117393 0.34045300 623.000000 9.000000 628.000000 3.000000
2.19880891 2.28639603 0.34160501 1367.000000 23.000000 237.000000 3.000000
2.19754004 2.25715208 0.33949301 726.000000 11.000000 192.000000 3.000000
2.16040492 2.19181204 0.33248401 112.000000 1.000000 168.000000 3.000000
2.17987895 2.32327509 0.26517001 1156.000000 12.000000 276.000000 3.000000
2.18790793 2.30334902 0.26452500 1422.000000 15.000000 354.000000 3.000000
2.20269108 2.29060006 0.26459700 1525.000000 17.000000 357.000000 3.000000
2.21600890 2.27632689 0.26452500 1362.000000 14.000000 322.000000 3.000000
2.22713304 2.25984597 0.26423901 159.000000 1.000000 281.000000 3.000000
2.16044402 2.30077291 0.18850499 431.000000 6.000000 259.000000 3.000000
2.17452097 2.28747296 0.18850499 1114.000000 17.000000 224.000000 3.000000
2.19197392 2.27769089 0.18874501 1497.000000 24.000000 236.000000 3.000000
2.20521212 2.26348209 0.18869700 1377.000000 22.000000 260.000000 3.000000
2.22045994 2.25133300 0.18879300 714.000000 10.000000 195.000000 3.000000
2.18124604 2.23882198 0.03819500 1786.000000 33.000000 231.000000 3.000000
2.19634509 2.22682095 0.03819500 1736.000000 32.000000 234.000000 3.000000
2.23113799 2.23455906 0.03819500 1119.000000 18.000000 478.000000 3.000000
2.23739696 2.15973306 0.03819500 321.000000 4.000000 315.000000 3.000000
2.16776705 2.25509191 -0.03759100 591.000000 5.000000 303.000000 3.000000
2.18016791 2.24031591 -0.03754200 1313.000000 14.000000 270.000000 3.000000
2.18825793 2.22120190 -0.03734600 1701.000000 19.000000 303.000000 3.000000
2.20184588 2.20773292 -0.03734600 1701.000000 19.000000 314.000000 3.000000
2.22885203 2.20754194 -0.03781100 1463.000000 16.000000 344.000000 3.000000
2.24740601 2.14544201 -0.03707800 1525.000000 17.000000 288.000000 3.000000
2.14229488 2.28219008 -0.11086700 456.000000 6.000000 329.000000 3.000000
2.18604708 2.27230406 -0.11197100 481.000000 7.000000 331.000000 3.000000
2.18115497 2.23950505 -0.11067600 853.000000 13.000000 154.000000 3.000000
2.18224812 2.21326089 -0.10981200 1121.000000 18.000000 152.000000 3.000000
2.19296908 2.19699788 -0.10962000 1487.000000 25.000000 193.000000 3.000000
2.20995307 2.18701792 -0.10986000 1220.000000 20.000000 182.000000 3.000000
2.24830008 2.19788599 -0.11153900 162.000000 2.000000 271.000000 3.000000
2.17650700 2.23655701 -0.18682200 699.000000 6.000000 410.000000 3.000000
2.18108606 2.21392798 -0.18587901 1845.000000 21.000000 321.000000 3.000000
2.19321990 2.19909096 -0.18573400 1897.000000 22.000000 302.000000 3.000000
2.21021700 2.18910098 -0.18609600 1725.000000 19.000000 340.000000 3.000000
2.22717309 2.17898297 -0.18645900 526.000000 5.000000 349.000000 3.000000
2.17072201 2.23185802 -0.25955001 668.000000 10.000000 228.000000 3.000000
2.17879605 2.21281600 -0.25878200 1913.000000 35.000000 143.000000 3.000000
2.18952489 2.19658089 -0.25839800 2157.000000 42.000000 182.000000 3.000000
2.19943094 2.17959809 -0.25791800 1802.000000 32.000000 160.000000 3.000000
2.21276307 2.16606092 -0.25791800 1120.000000 18.000000 149.000000 3.000000
2.22744203 2.15382910 -0.25810999 245.000000 3.000000 187.000000 3.000000
2.10027909 2.15754509 -0.32448500 91.000000 1.000000 367.000000 3.000000
2.17970204 2.21175909 -0.33594701 757.000000 7.000000 289.000000 3.000000
2.17920399 2.18429399 -0.33353400 1773.000000 20.000000 329.000000 3.000000
2.19185901 2.17018294 -0.33341300 1621.000000 18.000000 300.000000 3.000000
2.21933389 2.17056894 -0.33582699 771.000000 7.000000 258.000000 3.000000
2.24618101 2.17001009 -0.33811900 395.000000 3.000000 275.000000 3.000000
2.12736893 2.13702798 -0.39565799 837.000000 12.000000 149.000000 3.000000
2.17902803 2.16232300 -0.40355900 1998.000000 37.000000 172.000000 3.000000
2.19366598 2.15029907 -0.40384701 1986.000000 37.000000 173.000000 3.000000
2.20895004 2.13886595 -0.40427801 1962.000000 36.000000 167.000000 3.000000
2.22203207 2.12527204 -0.40427801 773.000000 11.000000 170.000000 3.000000
2.18146205 2.18655491 -0.48457900 1092.000000 11.000000 321.000000 3.000000
2.18782997 2.16619611 -0.48289600 1300.000000 14.000000 306.000000 3.000000
2.19755507 2.14928699 -0.48205400 1680.000000 19.000000 291.000000 3.000000
2.20786500 2.13302398 -0.48138100 2202.000000 27.000000 275.000000 3.000000
2.23517895 2.13304090 -0.48474699 1244.000000 13.000000 292.000000 3.000000
2.17088699 2.15870500 -0.55388302 881.000000 13.000000 154.000000 3.000000
2.12813902 2.07044005 -0.68504697 755.000000 11.000000 165.000000 3.000000
2.15129209 2.06745005 -0.68862802 687.000000 10.000000 133.000000 3.000000
2.13804007 2.12046289 -1.01220298 73.000000 1.000000 99.000000 3.000000
2.15780807 2.08815503 -1.00921500 944.000000 15.000000 150.000000 3.000000
2.15832210 2.06312609 -1.00323999 986.000000 16.000000 160.000000 3.000000
2.15107608 2.03103709 -0.99361199 1233.000000 20.000000 151.000000 3.000000
2.19174504 2.04421711 -1.00722301 831.000000 13.000000 130.000000 3.000000
2.11965895 2.04222107 -1.07310700 954.000000 9.000000 223.000000 3.000000
2.15043402 2.04656196 -1.08272195 722.000000 7.000000 200.000000 3.000000
2.17861700 2.04804301 -1.09091198 1202.000000 13.000000 207.000000 3.000000
2.18908811 2.03273010 -1.08984303 887.000000 9.000000 204.000000 3.000000
2.21736407 2.03378010 -1.09803295 375.000000 3.000000 165.000000 3.000000
2.15814209 2.07299209 -1.17146802 706.000000 11.000000 132.000000 3.000000
2.16210008 2.05141306 -1.16655803 1119.000000 18.000000 139.000000 3.000000
2.16520095 2.02923107 -1.16127002 739.000000 11.000000 131.000000 3.000000
2.18168306 2.01968694 -1.16353595 1158.000000 19.000000 152.000000 3.000000
2.19608212 2.00813890 -1.16466904 784.000000 12.000000 157.000000 3.000000
2.15458012 2.04837704 -1.25431001 1004.000000 10.000000 223.000000 3.000000
2.15775895 2.02634597 -1.24868500 1145.000000 12.000000 213.000000 3.000000
2.14798808 1.99252701 -1.23542595 945.000000 9.000000 172.000000 3.000000
2.15949702 1.97869098 -1.23502398 839.000000 8.000000 196.000000 3.000000
2.21982408 2.00900888 -1.26355100 475.000000 5.000000 188.000000 3.000000
2.14720106 2.02281594 -1.32614303 688.000000 10.000000 163.000000 3.000000
2.14499807 1.99600101 -1.31683803 847.000000 13.000000 166.000000 3.000000
2.14054799 1.96744800 -1.30626500 709.000000 11.000000 126.000000 3.000000
2.15123892 1.95305705 -1.30541897 809.000000 13.000000 122.000000 3.000000
2.19013309 1.96405804 -1.32233703 454.000000 6.000000 222.000000 3.000000
2.11883211 1.98637998 -1.39823198 1180.000000 12.000000 249.000000 3.000000
2.13163710 1.97395003 -1.39867902 1274.000000 14.000000 190.000000 3.000000
2.14437008 1.96143699 -1.39912498 1361.000000 15.000000 181.000000 3.000000
2.15636396 1.94824195 -1.39912498 1113.000000 12.000000 161.000000 3.000000
-0.21762900 2.24921799 0.70342600 4.000000 1.000000 119.000000 3.000000
-0.07781200 2.21810603 0.69143403 4.000000 1.000000 112.000000 3.000000
-0.29272199 2.38191390 0.68330199 637.000000 4.000000 78.000000 3.000000
-0.27787900 2.38174796 0.68277699 650.000000 4.000000 108.000000 3.000000
-0.26378700 2.38820410 0.68408900 726.000000 4.000000 145.000000 3.000000
-0.24843200 2.38305902 0.68225300 848.000000 5.000000 101.000000 3.000000
-0.23389800 2.38549900 0.68251503 921.000000 6.000000 123.000000 3.000000
-0.21952000 2.38977194 0.68330199 772.000000 5.000000 111.000000 3.000000
-0.20501600 2.39299703 0.68382698 669.000000 4.000000 120.000000 3.000000
-0.19040500 2.39517212 0.68408900 669.000000 4.000000 98.000000 3.000000
-0.17654499 2.40784407 0.68723702 565.000000 4.000000 98.000000 3.000000
-0.16016500 2.38481092 0.68067801 467.000000 2.000000 104.000000 3.000000
-0.14611100 2.39538097 0.68330199 340.000000 2.000000 88.000000 3.000000
-0.13161901 2.40008712 0.68435103 229.000000 1.000000 105.000000 3.000000
-0.11712200 2.40566897 0.68566298 189.000000 1.000000 91.000000 3.000000
-0.10264200 2.41309094 0.68750000 137.000000 1.000000 99.000000 3.000000
-0.08728100 2.39824605 0.68330199 77.000000 1.000000 119.000000 3.000000
-0.07290800 2.41031098 0.68645000 125.000000 1.000000 121.000000 3.000000
-0.05816200 2.41264200 0.68697500 58.000000 1.000000 101.000000 3.000000
-0.04345800 2.41874290 0.68854898 65.000000 1.000000 114.000000 3.000000
-0.02858400 2.41606903 0.68776202 34.000000 1.000000 111.000000 3.000000
-0.01382300 2.42874289 0.69117302 46.000000 1.000000 108.000000 3.000000
0.00099400 2.34290004 0.66782302 19.000000 1.000000 100.000000 3.000000
0.01601700 2.43355489 0.69248402 32.000000 1.000000 121.000000 3.000000
0.03035900 2.38902593 0.68041599 25.000000 1.000000 126.000000 3.000000
0.04578500 2.42835093 0.69117302 34.000000 1.000000 107.000000 3.000000
0.06063500 2.42609501 0.69064802 36.000000 1.000000 96.000000 3.000000
0.07579600 2.43435788 0.69300902 29.000000 1.000000 109.000000 3.000000
0.09069500 2.43288302 0.69274700 34.000000 1.000000 101.000000 3.000000
0.10536600 2.42649603 0.69117302 49.000000 1.000000 119.000000 3.000000
0.11957700 2.41231108 0.68750000 26.000000 1.000000 126.000000 3.000000
0.13448501 2.41345906 0.68802398 23.000000 1.000000 98.000000 3.000000
0.14989200 2.42221904 0.69064802 30.000000 1.000000 92.000000 3.000000
0.16567600 2.43473196 0.69432098 24.000000 1.000000 132.000000 3.000000
0.18147600 2.44521689 0.69746900 19.000000 1.000000 115.000000 3.000000
0.19857800 2.47002602 0.70455301 30.000000 1.000000 145.000000 3.000000
0.21465200 2.47933602 0.70743901 27.000000 1.000000 133.000000 3.000000
0.23264000 2.50775695 0.71557200 51.000000 1.000000 112.000000 3.000000
0.25041100 2.53028798 0.72213101 22.000000 1.000000 123.000000 3.000000
0.26370099 2.50759196 0.71635902 31.000000 1.000000 122.000000 3.000000
0.86654598 -3.81675911 1.97778296 586.000000 7.000000 335.000000 3.000000
0.84253299 -3.81938291 1.97644401 389.000000 4.000000 201.000000 3.000000
-1.31620204 -3.93398094 2.09476900 414.000000 5.000000 246.000000 3.000000
1.66592598 -3.95594001 2.03272295 687.000000 12.000000 403.000000 3.000000
1.64891398 -3.98365688 2.04161811 562.000000 9.000000 374.000000 3.000000
0.98584098 -3.94088197 1.92513704 699.000000 12.000000 209.000000 3.000000
0.95001298 -3.89934301 1.90226495 960.000000 17.000000 250.000000 3.000000
0.93236703 -3.93153501 1.91497195 784.000000 13.000000 194.000000 3.000000
0.89718199 -3.88952804 1.89209902 985.000000 18.000000 226.000000 3.000000
0.87031299 -3.88170409 1.88574600 751.000000 13.000000 214.000000 3.000000
0.85442001 -3.92325306 1.90311205 1171.000000 22.000000 250.000000 3.000000
0.83484900 -3.94968700 1.91327798 375.000000 6.000000 276.000000 3.000000
0.80877000 -3.94586301 1.90904200 728.000000 12.000000 233.000000 3.000000
0.78365701 -3.94631004 1.90692401 749.000000 13.000000 252.000000 3.000000
0.75994402 -3.95371199 1.90819502 1139.000000 21.000000 214.000000 3.000000
-0.49157599 -3.97496891 1.89845300 466.000000 7.000000 231.000000 3.000000
-0.51109499 -3.93414307 1.88066304 824.000000 14.000000 228.000000 3.000000
0.73274499 -3.99660897 1.80741894 704.000000 8.000000 227.000000 3.000000
0.68590403 -3.87476301 1.75121403 968.000000 12.000000 214.000000 3.000000
0.65903997 -3.86084104 1.74318397 993.000000 12.000000 227.000000 3.000000
0.63696802 -3.87475395 1.74759996 947.000000 12.000000 196.000000 3.000000
0.61646301 -3.89939690 1.75683403 1037.000000 13.000000 171.000000 3.000000
0.59472001 -3.91759491 1.76325798 624.000000 7.000000 191.000000 3.000000
0.50879502 -3.65244889 1.64281702 559.000000 6.000000 219.000000 3.000000
0.48637500 -3.65550208 1.64281702 1292.000000 16.000000 239.000000 3.000000
0.46703801 -3.68295097 1.65365696 745.000000 9.000000 214.000000 3.000000
2.97096109 -3.82857990 2.00687289 387.000000 6.000000 497.000000 3.000000
1.89499104 -3.85053897 1.78035295 441.000000 7.000000 412.000000 3.000000
1.01478302 -3.99626303 1.71152699 294.000000 4.000000 346.000000 3.000000
0.19862200 -3.96629500 1.42725396 1234.000000 23.000000 258.000000 3.000000
0.17381600 -3.95707297 1.42360103 1202.000000 22.000000 213.000000 3.000000
0.14931300 -3.95240998 1.42160797 1029.000000 18.000000 172.000000 3.000000
0.12521300 -3.95796609 1.42326796 1095.000000 20.000000 206.000000 3.000000
1.06679595 -3.86916900 1.22592998 817.000000 14.000000 258.000000 3.000000
1.04803395 -3.89414597 1.23163998 642.000000 10.000000 225.000000 3.000000
1.03633499 -3.94683909 1.24591601 906.000000 16.000000 256.000000 3.000000
1.01162100 -3.95126700 1.24534500 690.000000 11.000000 211.000000 3.000000
0.99271500 -3.97878098 1.25191200 721.000000 12.000000 224.000000 3.000000
-1.33449399 -3.86740303 1.24905705 742.000000 12.000000 315.000000 3.000000
-1.48309100 -3.97901797 1.29531097 1207.000000 22.000000 411.000000 3.000000
-1.46912706 -3.86856389 1.26304698 850.000000 14.000000 204.000000 3.000000
-1.46628106 -3.79062605 1.24106205 478.000000 7.000000 238.000000 3.000000
-1.48499596 -3.77304292 1.13324499 434.000000 4.000000 302.000000 3.000000
1.00238502 -3.93797588 1.03045499 697.000000 11.000000 416.000000 3.000000
0.97937697 -3.94876409 1.03164899 803.000000 13.000000 196.000000 3.000000
0.95787603 -3.96602392 1.03451300 791.000000 13.000000 213.000000 3.000000
-1.32644105 -3.98451710 1.06387401 977.000000 17.000000 222.000000 3.000000
1.03815401 -3.99586511 0.83771098 670.000000 11.000000 183.000000 3.000000
1.67616999 -3.97352004 0.76611102 774.000000 9.000000 563.000000 3.000000
1.64685202 -3.97188902 0.76393402 1429.000000 19.000000 251.000000 3.000000
1.62170696 -3.98009300 0.76359999 1250.000000 16.000000 247.000000 3.000000
1.53149402 -3.96603799 0.75572902 591.000000 6.000000 234.000000 3.000000
1.29607403 -3.91845798 0.73462999 874.000000 10.000000 227.000000 3.000000
1.26198900 -3.89538407 0.72910303 1048.000000 12.000000 274.000000 3.000000
1.24461496 -3.92372990 0.73278701 1082.000000 13.000000 299.000000 3.000000
1.21117103 -3.90116000 0.72742897 450.000000 5.000000 234.000000 3.000000
1.16853499 -3.93368793 0.73061103 882.000000 10.000000 306.000000 3.000000
1.15014398 -3.96066689 0.73412699 751.000000 8.000000 235.000000 3.000000
-0.46642500 -3.99560690 0.71687901 348.000000 3.000000 165.000000 3.000000
-0.49069101 -3.99071193 0.71654397 944.000000 11.000000 212.000000 3.000000
1.63078105 -3.98403311 0.65924400 1088.000000 19.000000 373.000000 3.000000
1.58113801 -3.93155289 0.64947402 1190.000000 21.000000 330.000000 3.000000
1.56172299 -3.95314097 0.65134197 878.000000 15.000000 344.000000 3.000000
1.50359905 -3.81591296 0.33096501 860.000000 10.000000 219.000000 3.000000
1.47512102 -3.81204200 0.32996100 720.000000 8.000000 204.000000 3.000000
0.73093998 -3.77623010 0.22165801 914.000000 15.000000 336.000000 3.000000
0.76443398 -3.94752502 0.13231400 533.000000 5.000000 298.000000 3.000000
0.74019802 -3.95214105 0.13231400 1043.000000 12.000000 267.000000 3.000000
-0.06896900 -3.96512508 0.03819500 618.000000 10.000000 266.000000 3.000000
-0.18793000 -3.90520501 0.03819500 847.000000 14.000000 241.000000 3.000000
-0.21034500 -3.87502003 0.03819500 1236.000000 23.000000 260.000000 3.000000
-0.23251601 -3.84670401 0.03819500 1002.000000 18.000000 212.000000 3.000000
-1.08180499 -3.92803192 -0.25617200 678.000000 7.000000 170.000000 3.000000
-1.10507298 -3.91844106 -0.25595400 439.000000 4.000000 336.000000 3.000000
2.16049099 -1.09937799 1.30805302 657.000000 9.000000 330.000000 3.000000
2.18235111 -1.10120797 1.16864598 649.000000 8.000000 261.000000 3.000000
2.18281603 -1.11828303 1.17245901 542.000000 7.000000 320.000000 3.000000
2.16786909 -1.12748897 1.16822302 1050.000000 15.000000 279.000000 3.000000
2.16572094 -1.14329898 1.17076397 785.000000 11.000000 288.000000 3.000000
2.17544794 -1.16552198 1.17965901 180.000000 2.000000 299.000000 3.000000
2.18839908 -1.10847199 1.10163796 708.000000 5.000000 180.000000 3.000000
2.18114901 -1.12456596 1.02969694 1352.000000 17.000000 347.000000 3.000000
2.17010307 -1.13578904 1.02780604 1426.000000 18.000000 404.000000 3.000000
2.16821408 -1.11311495 0.95565802 1482.000000 12.000000 146.000000 3.000000
2.16051412 -1.12596595 0.95530200 1597.000000 13.000000 190.000000 3.000000
2.14365506 -1.13395095 0.95103300 1521.000000 12.000000 181.000000 3.000000
2.14571095 -1.15195096 0.95494598 1401.000000 11.000000 199.000000 3.000000
2.17224002 -1.18344605 0.96953201 2095.000000 19.000000 200.000000 3.000000
2.20008302 -1.14054096 0.90144300 480.000000 5.000000 266.000000 3.000000
2.19304299 -1.15401900 0.90144300 714.000000 8.000000 292.000000 3.000000
2.18842006 -1.16878200 0.90244001 825.000000 9.000000 311.000000 3.000000
2.18037701 -1.18174005 0.90210801 941.000000 11.000000 294.000000 3.000000
2.17391205 -1.19554901 0.90244001 922.000000 11.000000 327.000000 3.000000
2.14427590 -1.19649303 0.89347100 106.000000 1.000000 354.000000 3.000000
2.19723105 -1.14271605 0.83504200 227.000000 1.000000 132.000000 3.000000
2.19690299 -1.15973198 0.83751702 1391.000000 11.000000 193.000000 3.000000
2.18974590 -1.17319000 0.83751702 1164.000000 9.000000 124.000000 3.000000
2.18250608 -1.18660402 0.83751702 979.000000 7.000000 100.000000 3.000000
2.18600512 -1.20595002 0.84153801 812.000000 6.000000 154.000000 3.000000
2.15118909 -1.20399904 0.83133000 26.000000 1.000000 144.000000 3.000000
2.20394492 -1.14784598 0.77052301 146.000000 1.000000 254.000000 3.000000
2.18753290 -1.15643597 0.76738298 689.000000 7.000000 329.000000 3.000000
2.19053888 -1.17525697 0.77080899 1213.000000 15.000000 314.000000 3.000000
2.18075895 -1.18730497 0.76995200 795.000000 9.000000 312.000000 3.000000
2.17343307 -1.20066404 0.76995200 748.000000 8.000000 317.000000 3.000000
2.18861699 -1.22659194 0.77766198 264.000000 2.000000 355.000000 3.000000
2.21333098 -1.16694999 0.71111202 970.000000 7.000000 137.000000 3.000000
2.20782995 -1.18141997 0.71163702 1902.000000 17.000000 134.000000 3.000000
2.19969201 -1.19448400 0.71137398 949.000000 7.000000 126.000000 3.000000
2.19992495 -1.21215403 0.71373498 616.000000 4.000000 136.000000 3.000000
2.19244599 -1.22562897 0.71373498 869.000000 6.000000 149.000000 3.000000
2.19663000 -1.16510797 0.64280200 402.000000 4.000000 298.000000 3.000000
2.19714308 -1.18269503 0.64494997 1128.000000 13.000000 356.000000 3.000000
2.18046188 -1.19104803 0.64232397 1762.000000 23.000000 339.000000 3.000000
2.17311192 -1.20440400 0.64232397 1843.000000 25.000000 387.000000 3.000000
2.18008399 -1.22578394 0.64638197 1228.000000 15.000000 389.000000 3.000000
2.19278502 -1.25065303 0.65211099 186.000000 2.000000 405.000000 3.000000
2.22721195 -1.18982601 0.58833498 783.000000 5.000000 117.000000 3.000000
2.20527792 -1.19554901 0.58467901 1107.000000 8.000000 121.000000 3.000000
2.19533491 -1.20764506 0.58403403 1569.000000 13.000000 155.000000 3.000000
2.19896603 -1.22728503 0.58683002 511.000000 3.000000 131.000000 3.000000
2.17015505 -1.22871399 0.58145303 800.000000 5.000000 114.000000 3.000000
2.17781591 -1.15853798 0.51380199 1060.000000 12.000000 281.000000 3.000000
2.17066598 -1.17187905 0.51380199 1212.000000 14.000000 326.000000 3.000000
2.19703603 -1.20351398 0.52126300 820.000000 9.000000 346.000000 3.000000
2.19390297 -1.21934998 0.52222002 721.000000 8.000000 322.000000 3.000000
2.19151497 -1.23567295 0.52336800 457.000000 4.000000 355.000000 3.000000
2.21255708 -1.19851196 0.46100500 1145.000000 8.000000 127.000000 3.000000
2.20602489 -1.21254098 0.46117201 817.000000 6.000000 120.000000 3.000000
2.20456910 -1.22941804 0.46234399 457.000000 3.000000 111.000000 3.000000
2.19273591 -1.25834298 0.46301401 1092.000000 8.000000 157.000000 3.000000
2.18174291 -1.19819605 0.33526099 2853.000000 30.000000 253.000000 3.000000
2.21856689 -1.23622894 0.34136999 3010.000000 34.000000 203.000000 3.000000
2.20402694 -1.24590600 0.34041199 2274.000000 21.000000 142.000000 3.000000
2.21269989 -1.26879799 0.34268799 1080.000000 8.000000 147.000000 3.000000
2.20916295 -1.28484905 0.34328699 628.000000 4.000000 173.000000 3.000000
2.19407010 -1.25942302 0.15842301 949.000000 10.000000 316.000000 3.000000
2.21366096 -1.26833403 0.09768100 1499.000000 12.000000 126.000000 3.000000
2.20670199 -1.28239596 0.09770400 1562.000000 12.000000 122.000000 3.000000
2.20654011 -1.30048394 0.09791600 602.000000 4.000000 125.000000 3.000000
2.23883295 -1.24601603 -0.02376200 1133.000000 8.000000 116.000000 3.000000
2.21465492 -1.28651202 -0.02373800 1364.000000 10.000000 166.000000 3.000000
2.22049594 -1.30820298 -0.02412900 1595.000000 13.000000 123.000000 3.000000
2.22014904 -1.32642102 -0.02434900 1029.000000 7.000000 190.000000 3.000000
2.19567204 -1.34883702 -0.20779601 108.000000 1.000000 184.000000 3.000000
2.22796607 -1.34042299 -0.59434003 244.000000 2.000000 166.000000 3.000000
2.25700808 -1.35005605 -0.67143297 791.000000 6.000000 131.000000 3.000000
2.24620700 -1.36237705 -0.67064399 1149.000000 10.000000 214.000000 3.000000
2.25012994 -1.38372004 -0.67458898 604.000000 5.000000 138.000000 3.000000
2.22604609 -1.38779497 -0.66959101 807.000000 7.000000 155.000000 3.000000
2.23298001 -1.41122901 -0.67458898 564.000000 4.000000 138.000000 3.000000
2.27256608 -1.36235905 -0.74370098 935.000000 13.000000 192.000000 3.000000
2.26088500 -1.37429202 -0.74255800 990.000000 14.000000 191.000000 3.000000
2.23689508 -1.37860894 -0.73712999 465.000000 6.000000 133.000000 3.000000
2.23734188 -1.39787996 -0.74027300 223.000000 2.000000 125.000000 3.000000
2.23034406 -1.41260505 -0.74084401 316.000000 4.000000 173.000000 3.000000
2.25311589 -1.44640696 -0.75198603 396.000000 5.000000 194.000000 3.000000
2.23959994 -1.36101305 -0.80703098 702.000000 6.000000 128.000000 3.000000
2.24172711 -1.38121796 -0.81105900 582.000000 4.000000 129.000000 3.000000
2.24530196 -1.40250897 -0.81570703 186.000000 1.000000 134.000000 3.000000
2.22701693 -1.41015100 -0.81198901 245.000000 2.000000 114.000000 3.000000
2.22952199 -1.43098402 -0.81632698 707.000000 6.000000 153.000000 3.000000
2.25779009 -1.38553500 -0.88471699 498.000000 6.000000 175.000000 3.000000
2.23802209 -1.39240301 -0.88006902 714.000000 9.000000 180.000000 3.000000
2.23103404 -1.40711296 -0.88073301 443.000000 5.000000 163.000000 3.000000
2.25179195 -1.43953001 -0.89301699 256.000000 3.000000 186.000000 3.000000
2.24608707 -1.45536697 -0.89434499 228.000000 2.000000 156.000000 3.000000
2.28272390 -1.38778996 -0.96948600 401.000000 3.000000 140.000000 3.000000
2.25348997 -1.38901103 -0.96022803 977.000000 8.000000 121.000000 3.000000
2.24254799 -1.40132499 -0.95915997 1408.000000 13.000000 155.000000 3.000000
2.23943210 -1.41856205 -0.96165198 1032.000000 9.000000 151.000000 3.000000
2.23776007 -1.43682396 -0.96485698 529.000000 4.000000 136.000000 3.000000
2.25473905 -1.46736097 -0.97660798 322.000000 2.000000 120.000000 3.000000
1.84173298 -1.36315894 -0.57910901 126.000000 1.000000 120.000000 3.000000
1.83179104 -1.37327600 -0.57858300 112.000000 1.000000 119.000000 3.000000
1.80873799 -1.37339604 -0.57358497 81.000000 1.000000 123.000000 3.000000
1.34560800 -1.43022895 -0.59292698 137.000000 1.000000 88.000000 3.000000
1.33615994 -1.43776202 -0.59261698 116.000000 1.000000 99.000000 3.000000
1.32153106 -1.43962502 -0.58982903 141.000000 1.000000 124.000000 3.000000
1.12650502 -1.44011199 -0.59587997 118.000000 1.000000 183.000000 3.000000
1.11070895 -1.43805397 -0.59189600 128.000000 1.000000 171.000000 3.000000
1.10128999 -1.44409299 -0.59156400 135.000000 1.000000 180.000000 3.000000
1.09184003 -1.45007098 -0.59123200 128.000000 1.000000 177.000000 3.000000
1.08179295 -1.45523202 -0.59056801 107.000000 1.000000 175.000000 3.000000
0.87207502 -1.45450699 -0.59773302 168.000000 1.000000 141.000000 3.000000
0.86408401 -1.46143901 -0.59844500 148.000000 1.000000 125.000000 3.000000
0.85698098 -1.46994495 -0.59986901 184.000000 1.000000 117.000000 3.000000
0.85120100 -1.48084903 -0.60236198 147.000000 1.000000 105.000000 3.000000
0.85544002 -1.50963104 -0.61268800 132.000000 1.000000 142.000000 3.000000
0.84707099 -1.51648402 -0.61340100 179.000000 1.000000 142.000000 3.000000
0.84765100 -1.53966999 -0.62123400 291.000000 1.000000 124.000000 3.000000
0.68154502 -1.52383900 -0.63176399 299.000000 1.000000 284.000000 3.000000
0.63543802 -1.44502294 -0.59475100 174.000000 1.000000 278.000000 3.000000
0.62545002 -1.44634795 -0.59361798 153.000000 1.000000 304.000000 3.000000
0.61656398 -1.45015800 -0.59361798 169.000000 1.000000 268.000000 3.000000
0.60693598 -1.45220697 -0.59286302 143.000000 1.000000 294.000000 3.000000
0.59765899 -1.45504904 -0.59248501 175.000000 1.000000 302.000000 3.000000
0.58941799 -1.46040404 -0.59324098 172.000000 1.000000 312.000000 3.000000
0.57391900 -1.44765604 -0.58606499 125.000000 1.000000 346.000000 3.000000
0.56536400 -1.45201194 -0.58644301 96.000000 1.000000 301.000000 3.000000
0.55777502 -1.45890999 -0.58795297 106.000000 1.000000 327.000000 3.000000
-1.32003701 -1.49343395 -0.60253203 125.000000 1.000000 127.000000 3.000000
-1.33425200 -1.49097097 -0.60501099 114.000000 1.000000 107.000000 3.000000
-1.34848595 -1.48838997 -0.60749000 150.000000 1.000000 101.000000 3.000000
-1.35952199 -1.48218799 -0.60841900 151.000000 1.000000 104.000000 3.000000
-0.76746202 -1.47976100 -0.58669400 158.000000 1.000000 140.000000 3.000000
-0.77609098 -1.47419703 -0.58633798 142.000000 1.000000 137.000000 3.000000
-0.78424001 -1.46775997 -0.58562601 162.000000 1.000000 165.000000 3.000000
-0.79412401 -1.46456206 -0.58633798 189.000000 1.000000 156.000000 3.000000
-0.81392199 -1.47930300 -0.59488398 504.000000 2.000000 181.000000 3.000000
-0.82663202 -1.48080504 -0.59773302 292.000000 1.000000 157.000000 3.000000
0.40321100 -1.47442698 -0.57435697 482.000000 2.000000 178.000000 3.000000
-0.35813200 -1.48792505 -0.57511199 411.000000 2.000000 289.000000 3.000000
-0.36747399 -1.48659897 -0.57549000 423.000000 2.000000 249.000000 3.000000
-0.50314200 -1.47766304 -0.58757597 202.000000 1.000000 249.000000 3.000000
-0.51340503 -1.47804999 -0.58908600 330.000000 1.000000 206.000000 3.000000
-0.52246499 -1.47487199 -0.58908600 372.000000 2.000000 237.000000 3.000000
-0.53150398 -1.47163796 -0.58908600 330.000000 1.000000 226.000000 3.000000
-0.54624099 -1.48400497 -0.59588498 242.000000 1.000000 203.000000 3.000000
-0.55598199 -1.48236096 -0.59663999 198.000000 1.000000 197.000000 3.000000
-0.56408203 -1.47632396 -0.59550703 122.000000 1.000000 247.000000 3.000000
-0.57179600 -1.46938002 -0.59399599 117.000000 1.000000 167.000000 3.000000
0.08912200 -1.45645797 -0.59015501 668.000000 3.000000 137.000000 3.000000
0.08053000 -1.46337795 -0.59296697 666.000000 3.000000 139.000000 3.000000
0.07159300 -1.46475899 -0.59336901 612.000000 2.000000 157.000000 3.000000
0.06287200 -1.47157598 -0.59618199 703.000000 3.000000 137.000000 3.000000
0.05380900 -1.47101903 -0.59578001 741.000000 3.000000 103.000000 3.000000
0.04475500 -1.47040606 -0.59537798 779.000000 3.000000 133.000000 3.000000
0.03564600 -1.46699095 -0.59377098 739.000000 3.000000 202.000000 3.000000
0.02669200 -1.46992898 -0.59497601 698.000000 3.000000 172.000000 3.000000
0.01762100 -1.46548605 -0.59296697 745.000000 3.000000 127.000000 3.000000
0.00861900 -1.46373498 -0.59216398 806.000000 3.000000 146.000000 3.000000
-0.00035800 -1.46009803 -0.59055698 673.000000 3.000000 129.000000 3.000000
-0.00933700 -1.46281505 -0.59176201 702.000000 3.000000 143.000000 3.000000
-0.01822600 -1.45632100 -0.58894902 673.000000 3.000000 158.000000 3.000000
-0.02730500 -1.46350598 -0.59216398 589.000000 2.000000 159.000000 3.000000
-0.03628400 -1.46331096 -0.59216398 502.000000 2.000000 154.000000 3.000000
-0.04529200 -1.46397603 -0.59256500 526.000000 2.000000 153.000000 3.000000
-0.05437800 -1.46641600 -0.59377098 444.000000 2.000000 128.000000 3.000000
-0.06333400 -1.46513999 -0.59336901 466.000000 2.000000 164.000000 3.000000
-0.07259900 -1.47021103 -0.59578001 386.000000 1.000000 123.000000 3.000000
-0.08203200 -1.47705197 -0.59899402 378.000000 1.000000 164.000000 3.000000
-0.09172300 -1.48657405 -0.60341400 366.000000 1.000000 134.000000 3.000000
-0.10134500 -1.49329197 -0.60662800 270.000000 1.000000 134.000000 3.000000
-0.11105300 -1.49994802 -0.60984200 342.000000 1.000000 139.000000 3.000000
-0.12092100 -1.50745201 -0.61345798 272.000000 1.000000 107.000000 3.000000
-0.12762000 -1.47748995 -0.60060102 174.000000 1.000000 128.000000 3.000000
