-1.42067301 1.82941496 -1.17249000 657.000000 7.000000 132.000000 0.000000
-1.28082395 1.69133198 -1.14151502 546.000000 3.000000 133.000000 0.000000
-1.33975196 1.79201400 -1.20678496 841.000000 6.000000 120.000000 0.000000
-1.29150903 1.74970400 -1.17145097 1526.000000 11.000000 140.000000 0.000000
-1.26946998 1.74209702 -1.16065395 2399.000000 21.000000 206.000000 0.000000
-1.26536500 1.75905204 -1.16703403 2827.000000 28.000000 182.000000 0.000000
-1.24799597 1.75754404 -1.16065395 2384.000000 21.000000 173.000000 0.000000
-1.20321405 1.71662796 -1.12728298 1449.000000 10.000000 166.000000 0.000000
-1.26723397 1.90605700 -1.23573899 1393.000000 11.000000 126.000000 0.000000
-1.37096596 1.75254595 -1.26758802 360.000000 4.000000 365.000000 0.000000
-1.37599504 1.78130698 -1.28290904 876.000000 10.000000 174.000000 0.000000
-1.37287998 1.79995501 -1.29056895 977.000000 12.000000 168.000000 0.000000
-1.31721604 1.74936700 -1.24664903 670.000000 8.000000 194.000000 0.000000
-1.28176999 1.72434604 -1.22213602 1558.000000 21.000000 179.000000 0.000000
-1.26657403 1.72595000 -1.21754003 2080.000000 27.000000 197.000000 0.000000
-1.26051199 1.73994601 -1.22213602 1678.000000 23.000000 172.000000 0.000000
-1.25884104 1.76021695 -1.23132896 1156.000000 14.000000 156.000000 0.000000
-1.24354100 1.76159501 -1.22673202 306.000000 3.000000 134.000000 0.000000
-1.27918601 1.88435400 -1.29874003 1171.000000 15.000000 314.000000 0.000000
-1.26760006 1.89216805 -1.29874003 1269.000000 16.000000 206.000000 0.000000
-1.33274698 1.74082100 -1.32908595 645.000000 5.000000 509.000000 0.000000
-1.28536201 1.70037603 -1.29064405 1500.000000 13.000000 210.000000 0.000000
-1.26884103 1.70009506 -1.28423703 2129.000000 20.000000 173.000000 0.000000
-1.25938797 1.70921099 -1.28530502 2384.000000 24.000000 161.000000 0.000000
-1.25235498 1.72169495 -1.28904295 1652.000000 14.000000 156.000000 0.000000
-1.24866498 1.73896694 -1.29651701 940.000000 7.000000 221.000000 0.000000
-1.26983202 1.86345696 -1.36859500 1475.000000 12.000000 304.000000 0.000000
-1.25648904 1.86840606 -1.36645901 1454.000000 12.000000 195.000000 0.000000
-1.24219799 1.87185097 -1.36325598 920.000000 7.000000 318.000000 0.000000
-1.23624206 1.88793004 -1.36966300 1050.000000 8.000000 251.000000 0.000000
-1.21134102 1.87487495 -1.35417998 729.000000 5.000000 329.000000 0.000000
-1.32692003 1.72512996 -1.39004397 730.000000 8.000000 193.000000 0.000000
-1.28246701 1.68886697 -1.35296702 1417.000000 19.000000 250.000000 0.000000
-1.26907301 1.69271195 -1.34964705 1874.000000 27.000000 242.000000 0.000000
-1.25816596 1.69979894 -1.34909296 1701.000000 24.000000 164.000000 0.000000
-1.25855601 1.72225904 -1.36126804 948.000000 11.000000 183.000000 0.000000
-1.24845302 1.73062301 -1.36182106 842.000000 10.000000 185.000000 0.000000
-1.25137901 1.75722003 -1.37731600 1102.000000 14.000000 185.000000 0.000000
-1.23048401 1.75057697 -1.36569500 925.000000 11.000000 228.000000 0.000000
-1.27640903 1.86368001 -1.44482994 1365.000000 21.000000 219.000000 0.000000
-1.27430499 1.88525999 -1.45589805 965.000000 14.000000 202.000000 0.000000
-1.40343499 1.58083606 -1.43227696 800.000000 6.000000 162.000000 0.000000
-1.38055694 1.63417006 -1.45013404 1103.000000 9.000000 158.000000 0.000000
-1.36422503 1.63507402 -1.44322097 870.000000 7.000000 183.000000 0.000000
-1.36299706 1.65414500 -1.45301402 943.000000 7.000000 149.000000 0.000000
-1.36467803 1.67706800 -1.46626198 1003.000000 8.000000 202.000000 0.000000
-1.32161903 1.64460695 -1.42939699 915.000000 7.000000 176.000000 0.000000
-1.30693400 1.64691901 -1.42421305 1007.000000 8.000000 202.000000 0.000000
-1.29932296 1.65812600 -1.42709303 1121.000000 9.000000 207.000000 0.000000
-1.28212702 1.65701199 -1.41902900 1751.000000 16.000000 228.000000 0.000000
-1.27044797 1.66289699 -1.41730106 1869.000000 17.000000 215.000000 0.000000
-1.25726998 1.66674399 -1.41384494 1757.000000 16.000000 200.000000 0.000000
-1.24750698 1.67508304 -1.41442096 1626.000000 14.000000 198.000000 0.000000
-1.26816702 1.72487700 -1.45128500 1252.000000 10.000000 165.000000 0.000000
-1.27674794 1.75910199 -1.47432601 1325.000000 11.000000 168.000000 0.000000
-0.36548901 1.96109998 -0.88037002 1073.000000 10.000000 148.000000 0.000000
-0.35296100 1.96063101 -0.87910098 1771.000000 18.000000 146.000000 0.000000
-0.34014001 1.95829797 -0.87698603 2234.000000 25.000000 167.000000 0.000000
-0.32811701 1.96034801 -0.87698603 2183.000000 25.000000 156.000000 0.000000
-0.32119301 1.99362600 -0.89178902 1668.000000 17.000000 133.000000 0.000000
-0.31190500 2.01435804 -0.90067101 1688.000000 17.000000 151.000000 0.000000
-0.37342301 1.95368803 -0.94129300 990.000000 6.000000 173.000000 0.000000
-0.36045700 1.95066297 -0.93861300 1945.000000 14.000000 168.000000 0.000000
-0.34472400 1.93169701 -0.92789298 2471.000000 19.000000 184.000000 0.000000
-0.33301601 1.93465698 -0.92833900 2591.000000 21.000000 173.000000 0.000000
-0.32070100 1.93401599 -0.92699897 2406.000000 19.000000 162.000000 0.000000
-0.31037199 1.94566703 -0.93191200 1967.000000 14.000000 154.000000 0.000000
-0.29478499 1.92365396 -0.91985202 1745.000000 12.000000 119.000000 0.000000
-0.33855101 1.91259396 -0.97475201 778.000000 7.000000 137.000000 0.000000
-0.32530299 1.90592504 -0.97007698 1497.000000 15.000000 156.000000 0.000000
-0.31258500 1.90178096 -0.96680498 1956.000000 21.000000 127.000000 0.000000
-0.30188999 1.90977299 -0.97007698 1654.000000 17.000000 159.000000 0.000000
-0.29151201 1.92032695 -0.97475201 1118.000000 10.000000 136.000000 0.000000
-0.30773699 1.86547601 -1.01146603 1926.000000 14.000000 174.000000 0.000000
-0.29832399 1.88023901 -1.01882696 2730.000000 23.000000 185.000000 0.000000
-0.28599700 1.87686503 -1.01588297 2481.000000 20.000000 178.000000 0.000000
-0.27560401 1.88634503 -1.02029896 1359.000000 9.000000 148.000000 0.000000
-0.26978600 1.92942405 -1.04385602 401.000000 2.000000 142.000000 0.000000
-0.26528499 1.98632002 -1.07526398 281.000000 1.000000 90.000000 0.000000
-0.25331101 1.98964000 -1.07624495 327.000000 1.000000 95.000000 0.000000
-0.24016100 1.98337102 -1.07182801 436.000000 2.000000 114.000000 0.000000
-0.31459600 1.87211895 -1.07352400 618.000000 5.000000 157.000000 0.000000
-0.30017900 1.85619700 -1.06280005 1601.000000 16.000000 169.000000 0.000000
-0.28878400 1.85800397 -1.06280005 1871.000000 20.000000 214.000000 0.000000
-0.27737799 1.85974097 -1.06280005 1568.000000 16.000000 177.000000 0.000000
-0.26793900 1.87502205 -1.07097101 1031.000000 9.000000 152.000000 0.000000
-0.25820500 1.88940406 -1.07863104 236.000000 2.000000 157.000000 0.000000
-0.30093300 1.83389699 -1.11819100 764.000000 4.000000 149.000000 0.000000
-0.29019901 1.83905005 -1.12032700 1851.000000 13.000000 217.000000 0.000000
-0.27664101 1.82574606 -1.11071706 2211.000000 17.000000 207.000000 0.000000
-0.26797199 1.84498298 -1.12192905 1741.000000 12.000000 189.000000 0.000000
-0.25583601 1.84072995 -1.11819100 780.000000 4.000000 151.000000 0.000000
-0.30417600 1.83317804 -1.17864895 520.000000 4.000000 168.000000 0.000000
-0.29012299 1.81774402 -1.16702795 1470.000000 15.000000 190.000000 0.000000
-0.27973300 1.82442796 -1.17034805 1689.000000 18.000000 210.000000 0.000000
-0.26877999 1.82775700 -1.17145503 1603.000000 17.000000 212.000000 0.000000
-0.25767800 1.83019602 -1.17200804 932.000000 9.000000 195.000000 0.000000
-0.23606300 1.83982801 -1.17643499 378.000000 3.000000 189.000000 0.000000
-0.29348400 1.79996002 -1.22779596 1354.000000 9.000000 249.000000 0.000000
-0.28218299 1.80011201 -1.22664404 1881.000000 14.000000 200.000000 0.000000
-0.26992199 1.79372501 -1.22088397 2072.000000 16.000000 233.000000 0.000000
-0.25949100 1.79939306 -1.22376394 1444.000000 10.000000 204.000000 0.000000
-0.24922299 1.80662096 -1.22779596 544.000000 3.000000 237.000000 0.000000
-0.30190000 1.76768398 -1.26946497 442.000000 4.000000 307.000000 0.000000
-0.29369801 1.78535795 -1.28136396 919.000000 9.000000 278.000000 0.000000
-0.28261000 1.78633296 -1.28076899 1201.000000 12.000000 243.000000 0.000000
-0.27127600 1.78565001 -1.27898395 1372.000000 14.000000 251.000000 0.000000
-0.26078501 1.79046202 -1.28136396 1141.000000 11.000000 254.000000 0.000000
-0.25273299 1.81271803 -1.29683304 734.000000 7.000000 248.000000 0.000000
-0.24192899 1.81662405 -1.29861796 737.000000 7.000000 255.000000 0.000000
-0.23222400 1.82923400 -1.30694795 680.000000 6.000000 279.000000 0.000000
-0.22345400 1.85056698 -1.32182205 591.000000 6.000000 262.000000 0.000000
-0.21293500 1.85908794 -1.32717597 569.000000 6.000000 231.000000 0.000000
-0.37665099 1.77433205 -1.36333394 959.000000 6.000000 199.000000 0.000000
-0.37081301 1.80127501 -1.38308299 732.000000 5.000000 212.000000 0.000000
-0.36082700 1.80891895 -1.38740301 605.000000 4.000000 248.000000 0.000000
-0.34897801 1.80723500 -1.38431799 664.000000 4.000000 196.000000 0.000000
-0.28688899 1.77669203 -1.35222495 1288.000000 8.000000 205.000000 0.000000
-0.27202100 1.75275695 -1.33185804 1558.000000 11.000000 247.000000 0.000000
-0.26114601 1.75361502 -1.33124101 1430.000000 10.000000 238.000000 0.000000
-0.25214899 1.76764905 -1.34111500 1276.000000 8.000000 208.000000 0.000000
-0.24066401 1.76448500 -1.33741295 1110.000000 7.000000 210.000000 0.000000
-0.37900200 1.76232505 -1.42316198 732.000000 8.000000 269.000000 0.000000
-0.37489000 1.79634798 -1.44984901 561.000000 6.000000 275.000000 0.000000
-0.36541101 1.80617905 -1.45620298 479.000000 5.000000 270.000000 0.000000
-0.34183499 1.74552405 -1.40346396 666.000000 6.000000 275.000000 0.000000
-0.33024400 1.74303901 -1.39965200 748.000000 7.000000 256.000000 0.000000
-0.33323300 1.81867194 -1.46128595 465.000000 4.000000 242.000000 0.000000
-0.31049401 1.82034194 -1.45938003 579.000000 6.000000 254.000000 0.000000
-0.29486901 1.79555500 -1.43714094 623.000000 6.000000 258.000000 0.000000
-0.27686599 1.75387394 -1.40092301 1072.000000 11.000000 284.000000 0.000000
-0.26574600 1.75325000 -1.39901698 1115.000000 11.000000 279.000000 0.000000
-0.25509599 1.75561202 -1.39965200 1082.000000 11.000000 320.000000 0.000000
-0.24507800 1.76249599 -1.40409994 890.000000 8.000000 256.000000 0.000000
-0.23488100 1.76855695 -1.40791202 815.000000 9.000000 331.000000 0.000000
-0.22521301 1.77915502 -1.41553700 756.000000 8.000000 280.000000 0.000000
-0.21372600 1.77590501 -1.41172504 972.000000 11.000000 351.000000 0.000000
-0.20300500 1.77871704 -1.41299498 878.000000 9.000000 303.000000 0.000000
-0.19446400 1.80141902 -1.43078697 630.000000 6.000000 319.000000 0.000000
-0.19399300 1.90395498 -1.51466000 501.000000 5.000000 287.000000 0.000000
-0.36576501 1.73462605 -1.48360097 863.000000 6.000000 164.000000 0.000000
-0.34488899 1.74120295 -1.48557198 731.000000 5.000000 170.000000 0.000000
-0.32417899 1.74900997 -1.48885798 642.000000 4.000000 187.000000 0.000000
-0.31383801 1.75319302 -1.49082899 705.000000 5.000000 219.000000 0.000000
-0.30269200 1.75285697 -1.48885798 797.000000 5.000000 199.000000 0.000000
-0.28774601 1.72939599 -1.46651602 844.000000 6.000000 211.000000 0.000000
-0.27535200 1.71996295 -1.45665896 909.000000 6.000000 194.000000 0.000000
-0.26399601 1.71640396 -1.45205903 857.000000 5.000000 217.000000 0.000000
-0.25192800 1.70755005 -1.44286001 1173.000000 8.000000 200.000000 0.000000
-0.24081799 1.70458496 -1.43891704 1439.000000 10.000000 236.000000 0.000000
-0.23195700 1.71798396 -1.44943094 1661.000000 12.000000 222.000000 0.000000
-0.21988200 1.70741200 -1.43891704 1373.000000 9.000000 222.000000 0.000000
-0.21040200 1.71695995 -1.44614506 806.000000 5.000000 209.000000 0.000000
-0.20409800 1.75491095 -1.47834396 653.000000 4.000000 189.000000 0.000000
-0.26395401 1.66931403 -1.48122001 746.000000 7.000000 230.000000 0.000000
-0.25336701 1.66871297 -1.47919703 750.000000 7.000000 236.000000 0.000000
-0.24323200 1.67096603 -1.47987199 786.000000 7.000000 287.000000 0.000000
-0.23287000 1.67169595 -1.47919703 656.000000 6.000000 309.000000 0.000000
-0.22260900 1.67309403 -1.47919703 652.000000 6.000000 250.000000 0.000000
0.64423603 2.03581905 -0.94592500 1261.000000 13.000000 124.000000 0.000000
0.65837699 2.03700495 -0.94846201 1433.000000 16.000000 178.000000 0.000000
0.64941102 1.96748495 -0.91631901 633.000000 5.000000 124.000000 0.000000
0.65284401 1.93768406 -0.90363097 1942.000000 21.000000 152.000000 0.000000
0.66472101 1.93364096 -0.90363097 2660.000000 33.000000 161.000000 0.000000
0.67806399 1.93380499 -0.90574598 2501.000000 30.000000 193.000000 0.000000
0.68839997 1.92533898 -0.90363097 2109.000000 23.000000 202.000000 0.000000
0.69372100 1.90318596 -0.89475000 1365.000000 13.000000 160.000000 0.000000
0.64515400 2.02662802 -1.01007903 1123.000000 7.000000 213.000000 0.000000
0.65951699 2.02858591 -1.01320601 2163.000000 18.000000 188.000000 0.000000
0.66856402 2.01431394 -1.00784600 544.000000 3.000000 163.000000 0.000000
0.65128797 1.92290998 -0.96183902 858.000000 5.000000 167.000000 0.000000
0.65897501 1.90704203 -0.95558602 2415.000000 19.000000 201.000000 0.000000
0.66977102 1.90043199 -0.95424598 3101.000000 29.000000 209.000000 0.000000
0.67899400 1.88955200 -0.95067298 2712.000000 23.000000 225.000000 0.000000
0.64569497 2.02021790 -1.06918001 894.000000 9.000000 144.000000 0.000000
0.65726101 2.01369500 -1.06777799 1953.000000 24.000000 176.000000 0.000000
0.66960400 2.00962400 -1.06777799 1002.000000 10.000000 175.000000 0.000000
0.68022501 2.00045300 -1.06497300 149.000000 1.000000 127.000000 0.000000
0.66368401 1.91266406 -1.01822603 392.000000 3.000000 161.000000 0.000000
0.66895801 1.89020801 -1.00794196 1462.000000 14.000000 172.000000 0.000000
0.67606997 1.87358499 -1.00092995 2031.000000 22.000000 222.000000 0.000000
0.68482298 1.86192906 -0.99672300 2241.000000 26.000000 209.000000 0.000000
0.69345897 1.85023606 -0.99251598 1915.000000 21.000000 171.000000 0.000000
0.71232301 1.86578298 -1.00373495 1007.000000 9.000000 184.000000 0.000000
0.71324497 1.83416498 -0.98830801 297.000000 2.000000 178.000000 0.000000
0.65037900 1.99470603 -1.12826502 1659.000000 13.000000 332.000000 0.000000
0.66288197 1.99150395 -1.12875605 1595.000000 12.000000 171.000000 0.000000
0.66778803 1.96595502 -1.11599600 354.000000 2.000000 164.000000 0.000000
0.67460400 1.83695304 -1.04876304 1541.000000 10.000000 183.000000 0.000000
0.68586200 1.83277905 -1.04876304 2240.000000 17.000000 226.000000 0.000000
0.69709498 1.82853603 -1.04876304 2404.000000 19.000000 222.000000 0.000000
0.70956600 1.82747197 -1.05072606 1884.000000 13.000000 188.000000 0.000000
0.72975099 1.84576499 -1.06446695 633.000000 3.000000 118.000000 0.000000
0.65518302 1.99018097 -1.19047296 1482.000000 17.000000 231.000000 0.000000
0.66765499 1.98693895 -1.19098401 1062.000000 11.000000 217.000000 0.000000
0.68284398 1.84208000 -1.11284804 957.000000 9.000000 187.000000 0.000000
0.68960398 1.82578003 -1.10518706 1666.000000 17.000000 243.000000 0.000000
0.69864500 1.81589305 -1.10161304 1846.000000 20.000000 229.000000 0.000000
0.71102202 1.81477702 -1.10365498 1731.000000 18.000000 252.000000 0.000000
0.72024298 1.80558395 -1.10059094 954.000000 9.000000 241.000000 0.000000
0.72519702 1.78598201 -1.09088802 290.000000 2.000000 222.000000 0.000000
0.65562600 1.96411896 -1.25220299 975.000000 6.000000 328.000000 0.000000
0.66957802 1.96566105 -1.25593996 416.000000 2.000000 469.000000 0.000000
0.68884599 1.80229402 -1.16304004 1279.000000 8.000000 224.000000 0.000000
0.69866300 1.79488301 -1.16090405 1837.000000 13.000000 189.000000 0.000000
0.70935100 1.78977597 -1.16036999 2013.000000 15.000000 176.000000 0.000000
0.72507399 1.79714799 -1.16837895 1350.000000 9.000000 187.000000 0.000000
0.73479998 1.78953803 -1.16624296 465.000000 2.000000 195.000000 0.000000
0.66245699 1.95828998 -1.31754994 968.000000 10.000000 312.000000 0.000000
0.69125599 1.88899302 -1.28047299 596.000000 6.000000 454.000000 0.000000
0.66754103 1.78942502 -1.21295905 1074.000000 10.000000 358.000000 0.000000
0.66909802 1.76035798 -1.19525099 1338.000000 13.000000 271.000000 0.000000
0.67899001 1.75388706 -1.19359004 1334.000000 13.000000 275.000000 0.000000
0.69125700 1.75356603 -1.19635701 1341.000000 13.000000 322.000000 0.000000
0.70169502 1.74851799 -1.19580400 1481.000000 15.000000 370.000000 0.000000
0.71397603 1.74803901 -1.19857097 1381.000000 14.000000 335.000000 0.000000
0.73581302 1.77057099 -1.21793997 629.000000 5.000000 319.000000 0.000000
0.73150301 1.72993004 -1.19193006 510.000000 4.000000 491.000000 0.000000
0.74406803 1.73000503 -1.19525099 1071.000000 10.000000 438.000000 0.000000
0.75632799 1.72922695 -1.19801700 1294.000000 13.000000 401.000000 0.000000
0.76389498 1.71769595 -1.19303703 1200.000000 12.000000 442.000000 0.000000
0.77544397 1.71525598 -1.19469702 1205.000000 12.000000 516.000000 0.000000
0.78491598 1.70819294 -1.19303703 596.000000 5.000000 569.000000 0.000000
0.69874698 1.75778902 -1.27560401 1287.000000 9.000000 225.000000 0.000000
0.70767599 1.74892294 -1.27214801 1991.000000 17.000000 193.000000 0.000000
0.71808201 1.74379206 -1.27157199 1979.000000 16.000000 236.000000 0.000000
0.72876799 1.73935294 -1.27157199 1482.000000 11.000000 211.000000 0.000000
0.75869203 1.77995300 -1.30613196 784.000000 5.000000 214.000000 0.000000
0.71884900 1.81699896 -1.38845801 623.000000 6.000000 320.000000 0.000000
0.71714902 1.78046501 -1.36287403 596.000000 6.000000 390.000000 0.000000
0.70502698 1.71945500 -1.31765699 876.000000 9.000000 400.000000 0.000000
0.71587098 1.71583903 -1.31825197 992.000000 11.000000 408.000000 0.000000
0.72607398 1.71067297 -1.31765699 928.000000 10.000000 458.000000 0.000000
0.73687297 1.70692503 -1.31825197 887.000000 9.000000 435.000000 0.000000
0.75954002 1.73036802 -1.34086001 576.000000 6.000000 464.000000 0.000000
0.77046901 1.72641003 -1.34145498 536.000000 5.000000 515.000000 0.000000
0.77609402 1.71065903 -1.33253098 504.000000 5.000000 484.000000 0.000000
0.79126197 1.71609402 -1.34086001 534.000000 5.000000 517.000000 0.000000
0.84214598 1.79791701 -1.41166103 297.000000 3.000000 591.000000 0.000000
0.66915202 1.70622802 -1.37814605 1029.000000 7.000000 211.000000 0.000000
0.67610103 1.69332504 -1.37074006 1075.000000 8.000000 212.000000 0.000000
0.68351001 1.68185794 -1.36456800 1209.000000 8.000000 208.000000 0.000000
0.69411802 1.67835903 -1.36518502 1275.000000 8.000000 242.000000 0.000000
0.70256799 1.66971803 -1.36148202 1414.000000 9.000000 212.000000 0.000000
0.71466100 1.66971505 -1.36518502 1556.000000 12.000000 197.000000 0.000000
0.72489297 1.66529799 -1.36518502 1548.000000 11.000000 210.000000 0.000000
0.73413998 1.65866101 -1.36333394 1607.000000 11.000000 174.000000 0.000000
0.74495101 1.65556002 -1.36456800 1510.000000 10.000000 249.000000 0.000000
0.75509501 1.65095794 -1.36456800 1534.000000 11.000000 195.000000 0.000000
0.76820099 1.65271294 -1.37012303 1274.000000 9.000000 246.000000 0.000000
1.66671598 1.92967296 -1.06868398 790.000000 7.000000 594.000000 0.000000
1.68576300 1.92767799 -1.07350600 1298.000000 12.000000 524.000000 0.000000
1.69816601 1.91798401 -1.07390702 1211.000000 11.000000 527.000000 0.000000
1.71296096 1.91093600 -1.07591605 470.000000 3.000000 427.000000 0.000000
1.68554902 2.00597501 -1.17219496 1062.000000 16.000000 107.000000 0.000000
1.68175995 1.92810702 -1.14343500 925.000000 13.000000 151.000000 0.000000
1.68816996 1.91163003 -1.13962901 1987.000000 33.000000 194.000000 0.000000
1.69805896 1.89920604 -1.13836002 1822.000000 30.000000 195.000000 0.000000
1.70421803 1.88269603 -1.13455403 1104.000000 16.000000 146.000000 0.000000
1.68631899 1.97326899 -1.24413204 566.000000 5.000000 736.000000 0.000000
1.69324696 1.90911198 -1.22224605 510.000000 4.000000 566.000000 0.000000
1.69655597 1.88937199 -1.21599197 1427.000000 14.000000 505.000000 0.000000
1.70811701 1.87892604 -1.21599197 1550.000000 15.000000 487.000000 0.000000
1.69657600 1.84340596 -1.19901896 912.000000 8.000000 468.000000 0.000000
1.72555304 1.85193503 -1.21197200 588.000000 5.000000 416.000000 0.000000
1.65197504 1.97906494 -1.31086099 476.000000 6.000000 188.000000 0.000000
1.67490900 1.98173702 -1.31974196 512.000000 7.000000 192.000000 0.000000
1.70539403 1.99294603 -1.33470094 1028.000000 16.000000 169.000000 0.000000
1.68771100 1.87676096 -1.28234506 1057.000000 15.000000 191.000000 0.000000
1.70157099 1.86898899 -1.28421497 1656.000000 26.000000 153.000000 0.000000
1.70523202 1.85004997 -1.27813804 1499.000000 23.000000 143.000000 0.000000
1.73220396 1.85638297 -1.29029202 746.000000 10.000000 154.000000 0.000000
1.64093101 1.94082797 -1.37805700 504.000000 4.000000 606.000000 0.000000
1.62899601 1.90293705 -1.35744596 697.000000 6.000000 597.000000 0.000000
1.65206206 1.90606797 -1.36726105 455.000000 4.000000 624.000000 0.000000
1.65509999 1.88607597 -1.35990000 591.000000 5.000000 560.000000 0.000000
1.65621901 1.86416698 -1.35106599 761.000000 6.000000 569.000000 0.000000
1.66296101 1.84879005 -1.34713995 947.000000 8.000000 518.000000 0.000000
1.67368698 1.83790696 -1.34664905 1036.000000 9.000000 480.000000 0.000000
1.68493295 1.82760298 -1.34664905 962.000000 8.000000 409.000000 0.000000
1.69908905 1.82041299 -1.34910297 914.000000 8.000000 400.000000 0.000000
1.71561599 1.81564999 -1.35352004 939.000000 8.000000 378.000000 0.000000
1.73094296 1.80949402 -1.35695505 921.000000 8.000000 337.000000 0.000000
1.69388902 1.92112195 -1.46726894 612.000000 9.000000 121.000000 0.000000
1.70164502 1.90619600 -1.46369398 902.000000 14.000000 142.000000 0.000000
1.65404499 1.82991695 -1.41109300 739.000000 10.000000 159.000000 0.000000
1.67393100 1.82926297 -1.41875303 918.000000 14.000000 164.000000 0.000000
1.66821206 1.80063701 -1.40394294 1213.000000 18.000000 128.000000 0.000000
1.67864203 1.78973901 -1.40343201 1407.000000 22.000000 140.000000 0.000000
1.68781900 1.77753198 -1.40190005 1523.000000 24.000000 145.000000 0.000000
1.70345199 1.77210999 -1.40598595 1169.000000 17.000000 190.000000 0.000000
1.72446799 1.77211702 -1.41466701 1337.000000 20.000000 150.000000 0.000000
2.67705107 2.06253505 -1.05428898 1308.000000 16.000000 117.000000 0.000000
2.66489792 2.00156403 -1.03910601 1246.000000 15.000000 126.000000 0.000000
2.67178106 1.98121297 -1.03693795 2256.000000 32.000000 114.000000 0.000000
2.68388700 1.96478200 -1.03693795 2128.000000 30.000000 153.000000 0.000000
2.71130896 1.95940900 -1.04313505 1147.000000 13.000000 127.000000 0.000000
2.68907690 2.02911496 -1.13803005 550.000000 9.000000 232.000000 0.000000
2.69631290 1.98308802 -1.13039398 544.000000 9.000000 248.000000 0.000000
2.68555188 1.94985199 -1.12043405 1012.000000 18.000000 278.000000 0.000000
2.70435905 1.93829095 -1.12342203 778.000000 13.000000 297.000000 0.000000
2.74774599 1.94403601 -1.13703406 376.000000 6.000000 281.000000 0.000000
2.71474910 2.03824091 -1.24509704 828.000000 9.000000 90.000000 0.000000
2.73321199 2.02599406 -1.24794495 475.000000 5.000000 104.000000 0.000000
2.70634508 1.95511103 -1.22373199 1481.000000 18.000000 182.000000 0.000000
2.71981192 1.93955302 -1.22444403 2389.000000 36.000000 164.000000 0.000000
2.73701191 1.92659104 -1.22693598 2044.000000 28.000000 162.000000 0.000000
2.76259995 1.91935301 -1.23334599 937.000000 11.000000 275.000000 0.000000
2.79590893 1.91715300 -1.24331605 1167.000000 14.000000 251.000000 0.000000
2.79523396 1.89158702 -1.23761904 1730.000000 23.000000 154.000000 0.000000
2.82622099 1.88736701 -1.24652100 929.000000 10.000000 187.000000 0.000000
2.74655604 1.95320797 -1.32556105 322.000000 5.000000 303.000000 0.000000
2.72517204 1.91287100 -1.30894303 560.000000 9.000000 266.000000 0.000000
2.73533702 1.89505696 -1.30818701 750.000000 13.000000 334.000000 0.000000
2.74385810 1.87614298 -1.30667698 703.000000 12.000000 318.000000 0.000000
2.77679110 1.87380099 -1.31725204 485.000000 8.000000 358.000000 0.000000
2.72371101 1.89026105 -1.40457904 1402.000000 17.000000 140.000000 0.000000
2.74054790 1.87713397 -1.40739095 1837.000000 25.000000 173.000000 0.000000
2.75353193 1.86130798 -1.40819502 1630.000000 21.000000 162.000000 0.000000
2.69930100 -1.29308403 -0.46825200 1434.000000 14.000000 127.000000 0.000000
2.70372200 -1.31566596 -0.47060901 1429.000000 14.000000 133.000000 0.000000
2.69383192 -1.33135700 -0.47027200 1872.000000 20.000000 158.000000 0.000000
2.69353890 -1.35184395 -0.47178701 1692.000000 18.000000 123.000000 0.000000
2.68607211 -1.36879301 -0.47195500 876.000000 8.000000 693.000000 0.000000
2.71251988 -1.23165500 -0.53779799 436.000000 6.000000 160.000000 0.000000
2.65943408 -1.22736204 -0.52803099 194.000000 2.000000 168.000000 0.000000
2.61450791 -1.22620296 -0.51998901 835.000000 12.000000 186.000000 0.000000
2.62666798 -1.27141404 -0.52592498 665.000000 9.000000 176.000000 0.000000
2.68116498 -1.33853197 -0.54124397 988.000000 14.000000 203.000000 0.000000
2.71933103 -1.37841702 -0.55139399 793.000000 12.000000 196.000000 0.000000
2.71518803 -1.39731705 -0.55235100 1300.000000 21.000000 220.000000 0.000000
2.70743394 -1.41440403 -0.55254298 1246.000000 20.000000 158.000000 0.000000
2.68250895 -1.36756098 -0.62113601 1066.000000 11.000000 125.000000 0.000000
2.75036192 -1.42352402 -0.64012301 1202.000000 12.000000 186.000000 0.000000
2.68712997 -1.41173899 -0.62652999 309.000000 2.000000 118.000000 0.000000
2.73613191 -1.45900702 -0.64098603 723.000000 7.000000 136.000000 0.000000
2.73228002 -1.47855902 -0.64228100 1246.000000 13.000000 106.000000 0.000000
2.71374297 -1.49012196 -0.63990700 961.000000 9.000000 119.000000 0.000000
2.81054497 -1.39805698 -0.72681999 439.000000 6.000000 182.000000 0.000000
2.80711794 -1.41789603 -0.72825199 792.000000 12.000000 213.000000 0.000000
2.72919297 -1.39972997 -0.70915598 1137.000000 18.000000 192.000000 0.000000
2.76451111 -1.43926406 -0.72132999 785.000000 12.000000 178.000000 0.000000
2.76851511 -1.46298897 -0.72491097 1209.000000 20.000000 204.000000 0.000000
2.75349212 -1.47674298 -0.72324002 1641.000000 29.000000 166.000000 0.000000
2.74352598 -1.49314797 -0.72300100 1565.000000 27.000000 236.000000 0.000000
2.72410393 -1.50433302 -0.72013700 737.000000 11.000000 204.000000 0.000000
2.75622892 -1.40578496 -0.79795098 749.000000 7.000000 113.000000 0.000000
2.73213291 -1.41467905 -0.79321599 1447.000000 16.000000 156.000000 0.000000
2.79085302 -1.46690595 -0.81399602 491.000000 5.000000 546.000000 0.000000
2.75371504 -1.46900499 -0.80531597 1280.000000 13.000000 321.000000 0.000000
2.71156812 -1.46794605 -0.79505700 2000.000000 24.000000 140.000000 0.000000
2.70504594 -1.48595095 -0.79584599 1947.000000 23.000000 157.000000 0.000000
2.73463392 -1.52414405 -0.80794603 1368.000000 15.000000 146.000000 0.000000
2.79995799 -1.58318806 -0.83135599 792.000000 8.000000 327.000000 0.000000
2.79102802 -1.60081899 -0.83161902 902.000000 9.000000 216.000000 0.000000
2.77865195 -1.61645806 -0.83082998 789.000000 8.000000 204.000000 0.000000
2.73972797 -1.44237399 -0.87683201 1183.000000 19.000000 204.000000 0.000000
2.79087901 -1.49114501 -0.89711601 1006.000000 17.000000 169.000000 0.000000
2.80949712 -1.52328002 -0.90654302 844.000000 14.000000 185.000000 0.000000
2.71859598 -1.49578500 -0.87883198 1136.000000 18.000000 188.000000 0.000000
2.71690297 -1.51663196 -0.88140303 1672.000000 30.000000 221.000000 0.000000
2.73258090 -1.54740798 -0.88997298 1495.000000 27.000000 182.000000 0.000000
2.75380397 -1.58176804 -0.90054399 1075.000000 18.000000 202.000000 0.000000
2.73658895 -1.59430301 -0.89797300 913.000000 15.000000 193.000000 0.000000
2.75979996 -1.47532403 -0.97279900 1920.000000 25.000000 170.000000 0.000000
2.68051100 -1.45411599 -0.94677198 1296.000000 14.000000 142.000000 0.000000
2.66654110 -1.46778297 -0.94491303 1251.000000 13.000000 134.000000 0.000000
2.69898009 -1.50731397 -0.96040499 1278.000000 13.000000 133.000000 0.000000
2.66073394 -1.50742996 -0.94956100 1458.000000 16.000000 142.000000 0.000000
2.64896297 -1.52230597 -0.94863099 1343.000000 14.000000 153.000000 0.000000
1.69743001 -1.38118696 -0.49313000 1801.000000 18.000000 197.000000 0.000000
1.65364599 -1.36261702 -0.48191100 1826.000000 19.000000 192.000000 0.000000
1.62828398 -1.39282501 -0.48191100 1912.000000 20.000000 194.000000 0.000000
1.65279305 -1.43133700 -0.49265301 2498.000000 29.000000 247.000000 0.000000
1.64617300 -1.44336796 -0.49336901 2305.000000 26.000000 279.000000 0.000000
1.63728595 -1.45344102 -0.49336901 1723.000000 17.000000 253.000000 0.000000
1.65076399 -1.48354304 -0.50076902 422.000000 3.000000 250.000000 0.000000
1.74326503 -1.41001701 -0.56569397 919.000000 6.000000 133.000000 0.000000
1.74129498 -1.42619300 -0.56806099 2554.000000 22.000000 196.000000 0.000000
1.73325300 -1.43746698 -0.56832498 1241.000000 8.000000 151.000000 0.000000
1.69412303 -1.42261899 -0.55754000 1044.000000 6.000000 168.000000 0.000000
1.67213905 -1.42173004 -0.55280602 2033.000000 14.000000 164.000000 0.000000
1.66338396 -1.43196297 -0.55280602 2126.000000 15.000000 152.000000 0.000000
1.65165806 -1.43960500 -0.55175400 2374.000000 18.000000 170.000000 0.000000
1.64640903 -1.45290697 -0.55306900 2587.000000 20.000000 186.000000 0.000000
1.63818204 -1.46362495 -0.55333197 2214.000000 16.000000 167.000000 0.000000
1.63489199 -1.47882998 -0.55543602 1785.000000 12.000000 160.000000 0.000000
1.63574302 -1.49796200 -0.55911797 1031.000000 6.000000 155.000000 0.000000
1.74695206 -1.43467295 -0.62771100 1090.000000 11.000000 170.000000 0.000000
1.73811603 -1.44536495 -0.62771100 1778.000000 20.000000 221.000000 0.000000
1.72627795 -1.45353901 -0.62656897 819.000000 8.000000 207.000000 0.000000
1.61964202 -1.43335605 -0.59857100 101.000000 1.000000 200.000000 0.000000
1.61010098 -1.44262898 -0.59828597 92.000000 1.000000 236.000000 0.000000
1.62468195 -1.47368503 -0.60771298 254.000000 2.000000 220.000000 0.000000
1.64530504 -1.51079595 -0.61971200 1000.000000 10.000000 308.000000 0.000000
1.63811302 -1.52281702 -0.62056899 1191.000000 12.000000 308.000000 0.000000
1.60007703 -1.50596297 -0.60885602 464.000000 3.000000 258.000000 0.000000
1.75178099 -1.45540297 -0.69517601 2172.000000 18.000000 225.000000 0.000000
1.73118198 -1.45632505 -0.69021899 1206.000000 8.000000 148.000000 0.000000
1.72221398 -1.46692002 -0.69021899 1246.000000 8.000000 161.000000 0.000000
1.71461999 -1.47870195 -0.69083899 1105.000000 7.000000 138.000000 0.000000
1.70773602 -1.50971401 -0.69579601 704.000000 4.000000 150.000000 0.000000
1.67648995 -1.50049400 -0.68619102 1936.000000 15.000000 185.000000 0.000000
1.66584301 -1.50947499 -0.68557101 2438.000000 21.000000 238.000000 0.000000
1.66215205 -1.52481401 -0.68804997 2650.000000 24.000000 186.000000 0.000000
1.64440894 -1.52721405 -0.68433201 2208.000000 18.000000 209.000000 0.000000
1.65646899 -1.55747795 -0.69393700 1104.000000 7.000000 131.000000 0.000000
1.63840306 -1.59833395 -0.69889498 607.000000 3.000000 146.000000 0.000000
1.77710104 -1.47197998 -0.76453400 486.000000 4.000000 187.000000 0.000000
1.75428295 -1.47136402 -0.75822598 1704.000000 19.000000 246.000000 0.000000
1.74378204 -1.48088098 -0.75756198 898.000000 9.000000 180.000000 0.000000
1.71675503 -1.47621000 -0.74926198 363.000000 3.000000 169.000000 0.000000
1.70125198 -1.48115301 -0.74627399 710.000000 7.000000 186.000000 0.000000
1.70984995 -1.50712597 -0.75457400 445.000000 4.000000 219.000000 0.000000
1.68842196 -1.52547002 -0.75324601 805.000000 8.000000 378.000000 0.000000
1.69088197 -1.54660296 -0.75888997 1518.000000 17.000000 289.000000 0.000000
1.68205404 -1.55758905 -0.75922197 1401.000000 15.000000 281.000000 0.000000
1.66832900 -1.56401706 -0.75722998 1101.000000 11.000000 294.000000 0.000000
1.67857599 -1.59301996 -0.76685798 498.000000 4.000000 383.000000 0.000000
1.63146305 -1.60647094 -0.75822598 293.000000 2.000000 237.000000 0.000000
1.75659204 -1.47824395 -0.82634002 2180.000000 18.000000 191.000000 0.000000
1.74535596 -1.48717499 -0.82527202 1427.000000 10.000000 336.000000 0.000000
1.72888100 -1.52896094 -0.83096898 697.000000 4.000000 522.000000 0.000000
1.70694196 -1.52831304 -0.82455897 943.000000 6.000000 360.000000 0.000000
1.73282301 -1.57078505 -0.84271997 1334.000000 10.000000 227.000000 0.000000
1.69631600 -1.55673099 -0.82883197 1894.000000 15.000000 180.000000 0.000000
1.68878496 -1.56902003 -0.82990098 2071.000000 16.000000 206.000000 0.000000
1.68048596 -1.58063400 -0.83061302 1790.000000 13.000000 190.000000 0.000000
1.68969405 -1.60896897 -0.84058303 1471.000000 12.000000 136.000000 0.000000
1.67172098 -1.61151898 -0.83631003 864.000000 5.000000 239.000000 0.000000
1.72529805 -1.68378496 -0.87013799 862.000000 6.000000 227.000000 0.000000
1.81329000 -1.53218496 -0.91917801 1269.000000 16.000000 267.000000 0.000000
1.76932800 -1.51384699 -0.90067202 1455.000000 18.000000 241.000000 0.000000
1.69808602 -1.56479394 -0.89274001 1062.000000 11.000000 318.000000 0.000000
1.70744205 -1.59283495 -0.90331501 1400.000000 18.000000 283.000000 0.000000
1.69156694 -1.59757102 -0.89991599 1377.000000 17.000000 294.000000 0.000000
1.66095102 -1.58812106 -0.88820797 1233.000000 13.000000 283.000000 0.000000
1.61651897 -1.56485701 -0.86856902 1010.000000 10.000000 322.000000 0.000000
1.74004996 -1.70476699 -0.94448203 817.000000 9.000000 290.000000 0.000000
1.74338603 -1.72908199 -0.95241398 711.000000 8.000000 260.000000 0.000000
1.74845302 -1.75546503 -0.96147799 647.000000 7.000000 271.000000 0.000000
1.75911403 -1.78790605 -0.97394103 657.000000 8.000000 259.000000 0.000000
1.76556396 -1.81656504 -0.98413903 655.000000 8.000000 272.000000 0.000000
1.77552295 -1.51449800 -0.97386199 1735.000000 15.000000 170.000000 0.000000
1.79736805 -1.55231595 -0.99194300 1487.000000 12.000000 153.000000 0.000000
1.78689301 -1.60165000 -1.00279105 1371.000000 11.000000 147.000000 0.000000
1.75601995 -1.59349501 -0.99033600 1647.000000 14.000000 159.000000 0.000000
1.73340404 -1.59246194 -0.98270202 1867.000000 16.000000 146.000000 0.000000
1.71086597 -1.59121096 -0.97506797 1776.000000 15.000000 170.000000 0.000000
1.69174194 -1.59288502 -0.96944302 1670.000000 14.000000 180.000000 0.000000
1.68193603 -1.60323501 -0.96944302 1606.000000 13.000000 155.000000 0.000000
1.66350603 -1.60525405 -0.96421897 1454.000000 12.000000 175.000000 0.000000
1.66933703 -1.63079798 -0.97386199 1580.000000 13.000000 151.000000 0.000000
1.69573998 -1.67709100 -0.99636197 2127.000000 20.000000 169.000000 0.000000
1.68671095 -1.68876100 -0.99716598 2108.000000 19.000000 143.000000 0.000000
1.67117500 -1.69386005 -0.99395198 1582.000000 13.000000 160.000000 0.000000
1.69971395 -1.74410903 -1.01846099 1348.000000 11.000000 159.000000 0.000000
1.69278896 -1.75846601 -1.02087104 1348.000000 11.000000 158.000000 0.000000
1.68511999 -1.77213895 -1.02287996 1473.000000 12.000000 147.000000 0.000000
1.67718101 -1.61499298 -1.03601003 1015.000000 12.000000 327.000000 0.000000
1.62823904 -1.58737195 -1.01063395 1007.000000 12.000000 308.000000 0.000000
1.63526797 -1.61385202 -1.02163005 1061.000000 13.000000 285.000000 0.000000
1.65423405 -1.65262306 -1.04066205 952.000000 11.000000 242.000000 0.000000
0.75689501 -1.42493200 -0.35181800 1156.000000 6.000000 292.000000 0.000000
0.74858999 -1.43040800 -0.35205701 2406.000000 17.000000 297.000000 0.000000
0.74427003 -1.44359505 -0.35444400 2547.000000 19.000000 280.000000 0.000000
0.74202502 -1.46110594 -0.35802400 3106.000000 27.000000 301.000000 0.000000
0.73042703 -1.46042705 -0.35659200 2569.000000 19.000000 285.000000 0.000000
0.72403997 -1.47010195 -0.35802400 1253.000000 7.000000 221.000000 0.000000
0.76148498 -1.44170201 -0.39893201 1826.000000 10.000000 153.000000 0.000000
0.75217998 -1.44549096 -0.39866900 2453.000000 15.000000 162.000000 0.000000
0.74769002 -1.45866799 -0.40130001 2703.000000 18.000000 181.000000 0.000000
0.74436897 -1.47442901 -0.40471900 3018.000000 22.000000 198.000000 0.000000
0.73273498 -1.47378397 -0.40314099 1779.000000 10.000000 212.000000 0.000000
0.71859699 -1.46784902 -0.39998499 263.000000 1.000000 129.000000 0.000000
0.76029497 -1.44721901 -0.44115701 786.000000 4.000000 200.000000 0.000000
0.74918801 -1.44760704 -0.43972799 2712.000000 21.000000 288.000000 0.000000
0.74641401 -1.46411502 -0.44372800 2584.000000 20.000000 305.000000 0.000000
0.74605900 -1.48577499 -0.44944200 3400.000000 37.000000 302.000000 0.000000
0.73394001 -1.48431802 -0.44744200 2929.000000 28.000000 328.000000 0.000000
0.72734803 -1.49395704 -0.44915599 2698.000000 24.000000 294.000000 0.000000
0.71608597 -1.49407601 -0.44772801 922.000000 6.000000 221.000000 0.000000
0.75292599 -1.44997001 -0.48541000 2050.000000 12.000000 185.000000 0.000000
0.74963403 -1.46557105 -0.48943800 2161.000000 13.000000 177.000000 0.000000
0.74404401 -1.47693896 -0.49191701 2746.000000 20.000000 202.000000 0.000000
0.73201501 -1.47551203 -0.48974800 2529.000000 17.000000 203.000000 0.000000
0.72669703 -1.48766804 -0.49253699 1840.000000 11.000000 217.000000 0.000000
0.71755499 -1.49209905 -0.49253699 1974.000000 12.000000 175.000000 0.000000
0.71204102 -1.50421095 -0.49532500 1518.000000 8.000000 178.000000 0.000000
0.75424403 -1.45063305 -0.52782100 1250.000000 8.000000 218.000000 0.000000
0.75310600 -1.47032595 -0.53379601 2114.000000 17.000000 257.000000 0.000000
0.75517100 -1.49678898 -0.54242802 1612.000000 11.000000 270.000000 0.000000
0.74259800 -1.49464405 -0.53977197 1881.000000 14.000000 261.000000 0.000000
0.74257803 -1.51779199 -0.54707599 2311.000000 19.000000 316.000000 0.000000
0.73489702 -1.52571499 -0.54840398 2534.000000 22.000000 329.000000 0.000000
0.72552103 -1.53019500 -0.54840398 2583.000000 23.000000 338.000000 0.000000
0.71852398 -1.53974104 -0.55039603 2094.000000 16.000000 294.000000 0.000000
0.70945901 -1.54497695 -0.55072802 892.000000 5.000000 308.000000 0.000000
0.75889301 -1.46209896 -0.57921600 1977.000000 12.000000 206.000000 0.000000
0.75118101 -1.46922505 -0.58028501 1993.000000 12.000000 179.000000 0.000000
0.75306201 -1.49551499 -0.58954298 1025.000000 5.000000 168.000000 0.000000
0.74594301 -1.50429499 -0.59132302 1423.000000 8.000000 213.000000 0.000000
0.74283898 -1.52144504 -0.59666502 1612.000000 9.000000 206.000000 0.000000
0.72985202 -1.51839101 -0.59346002 1743.000000 10.000000 238.000000 0.000000
0.73009700 -1.54312098 -0.60200602 2463.000000 17.000000 226.000000 0.000000
0.71825200 -1.54248703 -0.59986901 2140.000000 13.000000 211.000000 0.000000
0.71848899 -1.56811094 -0.60877103 593.000000 2.000000 145.000000 0.000000
0.75481403 -1.46499097 -0.62307698 1691.000000 12.000000 295.000000 0.000000
0.75633800 -1.49021101 -0.63251901 2185.000000 18.000000 329.000000 0.000000
0.75009203 -1.50061405 -0.63516301 759.000000 4.000000 274.000000 0.000000
0.75278801 -1.52925098 -0.64611602 1012.000000 6.000000 241.000000 0.000000
0.74947900 -1.54632497 -0.65178102 2190.000000 18.000000 335.000000 0.000000
0.74879301 -1.56925797 -0.66009003 2330.000000 19.000000 346.000000 0.000000
0.73796302 -1.57131195 -0.65895700 2089.000000 16.000000 342.000000 0.000000
0.73182201 -1.58336699 -0.66235602 1769.000000 13.000000 306.000000 0.000000
0.71130401 -1.56425202 -0.65178102 1024.000000 6.000000 297.000000 0.000000
0.77015400 -1.48571301 -0.68417299 1438.000000 8.000000 179.000000 0.000000
0.75686598 -1.48225200 -0.68015498 1927.000000 12.000000 178.000000 0.000000
0.75309598 -1.49750698 -0.68537802 493.000000 2.000000 153.000000 0.000000
0.76783198 -1.55053604 -0.70908397 912.000000 4.000000 122.000000 0.000000
0.76351202 -1.56592202 -0.71430701 2133.000000 13.000000 254.000000 0.000000
0.75626302 -1.57553303 -0.71671802 2393.000000 16.000000 218.000000 0.000000
0.74423802 -1.57517397 -0.71430701 2094.000000 13.000000 169.000000 0.000000
0.73571599 -1.58220303 -0.71551299 2137.000000 13.000000 214.000000 0.000000
0.72523302 -1.58502102 -0.71470898 1267.000000 7.000000 154.000000 0.000000
0.77393901 -1.51504004 -0.74333900 1840.000000 14.000000 328.000000 0.000000
0.76667500 -1.52380204 -0.74545401 1445.000000 10.000000 244.000000 0.000000
0.76660901 -1.54712999 -0.75518101 1372.000000 9.000000 272.000000 0.000000
0.77027899 -1.57864797 -0.76913798 1746.000000 15.000000 301.000000 0.000000
0.76570499 -1.59395099 -0.77463597 1869.000000 17.000000 283.000000 0.000000
0.75435299 -1.59534597 -0.77294499 2052.000000 19.000000 347.000000 0.000000
0.74570203 -1.60240698 -0.77421302 1671.000000 14.000000 309.000000 0.000000
0.73585600 -1.60695195 -0.77421302 1282.000000 10.000000 305.000000 0.000000
0.72598201 -1.61143696 -0.77421302 465.000000 3.000000 357.000000 0.000000
0.81130999 -1.82937706 -0.88332999 737.000000 6.000000 340.000000 0.000000
0.79339403 -1.53386402 -0.81041902 1422.000000 8.000000 356.000000 0.000000
0.76815200 -1.50759995 -0.79299903 1966.000000 12.000000 215.000000 0.000000
0.79814899 -1.59068406 -0.83677298 758.000000 4.000000 312.000000 0.000000
0.78362501 -1.58592200 -0.83141297 1248.000000 7.000000 255.000000 0.000000
0.76606399 -1.57460403 -0.82247901 1504.000000 9.000000 200.000000 0.000000
0.76024598 -1.58734703 -0.82694602 1702.000000 11.000000 207.000000 0.000000
0.75430101 -1.60007799 -0.83141297 1955.000000 13.000000 224.000000 0.000000
0.74221301 -1.59980404 -0.82873303 1344.000000 8.000000 219.000000 0.000000
0.76576501 -1.67760599 -0.86893302 1005.000000 5.000000 195.000000 0.000000
0.78754199 -1.55244005 -0.86816901 1308.000000 11.000000 307.000000 0.000000
0.79904503 -1.59910405 -0.89294499 917.000000 7.000000 259.000000 0.000000
0.80686599 -1.63962805 -0.91398102 948.000000 7.000000 288.000000 0.000000
0.78633302 -1.62309206 -0.90135902 1209.000000 10.000000 282.000000 0.000000
0.76603299 -1.60636699 -0.88873798 1353.000000 11.000000 348.000000 0.000000
0.76748800 -1.63501799 -0.90276200 1169.000000 9.000000 335.000000 0.000000
0.75781399 -1.64049804 -0.90322900 1008.000000 8.000000 342.000000 0.000000
0.76133901 -1.67486095 -0.92052603 804.000000 6.000000 336.000000 0.000000
0.75902897 -1.69723701 -0.93080997 762.000000 5.000000 302.000000 0.000000
0.74072897 -1.68407798 -0.92052603 850.000000 6.000000 313.000000 0.000000
0.73849702 -1.70723403 -0.93127698 630.000000 4.000000 311.000000 0.000000
0.76731497 -1.80356705 -0.98410100 668.000000 6.000000 281.000000 0.000000
0.76505899 -1.86104500 -1.01168203 653.000000 5.000000 302.000000 0.000000
0.81760198 -1.58409595 -0.95061302 1596.000000 10.000000 227.000000 0.000000
0.79958701 -1.57276499 -0.94030702 1593.000000 10.000000 188.000000 0.000000
0.79887998 -1.59556794 -0.95159400 1288.000000 7.000000 173.000000 0.000000
0.79522902 -1.61294901 -0.95944601 1500.000000 9.000000 217.000000 0.000000
0.78911602 -1.62563896 -0.96435398 1724.000000 11.000000 192.000000 0.000000
0.77462602 -1.62101305 -0.95846498 1263.000000 7.000000 201.000000 0.000000
0.76688600 -1.63046801 -0.96140897 1277.000000 7.000000 223.000000 0.000000
0.75686800 -1.63514304 -0.96140897 1140.000000 6.000000 231.000000 0.000000
0.74681997 -1.63975596 -0.96140897 1232.000000 7.000000 190.000000 0.000000
0.73710001 -1.64510298 -0.96190000 1181.000000 7.000000 200.000000 0.000000
0.76241899 -1.73014998 -1.01146603 841.000000 5.000000 200.000000 0.000000
0.83541602 -1.60739803 -1.02194405 1430.000000 12.000000 305.000000 0.000000
0.81766498 -1.59720600 -1.01173103 1306.000000 11.000000 332.000000 0.000000
0.80162603 -1.58992600 -1.00355899 1219.000000 10.000000 283.000000 0.000000
0.79531300 -1.60173595 -1.00815594 1177.000000 9.000000 314.000000 0.000000
0.78547001 -1.60658598 -1.00815594 1237.000000 10.000000 317.000000 0.000000
0.78159398 -1.62375605 -1.01632702 961.000000 7.000000 313.000000 0.000000
0.77235597 -1.63007295 -1.01734805 915.000000 7.000000 324.000000 0.000000
0.76416600 -1.63867295 -1.01990199 1028.000000 8.000000 342.000000 0.000000
0.75661999 -1.64879501 -1.02347600 1074.000000 8.000000 362.000000 0.000000
0.74684501 -1.65418899 -1.02398705 1079.000000 8.000000 334.000000 0.000000
0.73422498 -1.65324605 -1.02041197 1139.000000 9.000000 381.000000 0.000000
0.71783799 -1.64355302 -1.01121998 1250.000000 10.000000 332.000000 0.000000
0.73981398 -1.72210801 -1.05922496 959.000000 9.000000 350.000000 0.000000
0.80062598 -1.57817304 -1.06213105 1107.000000 6.000000 207.000000 0.000000
0.79356802 -1.58835304 -1.06586802 1122.000000 6.000000 179.000000 0.000000
0.79051501 -1.60685396 -1.07547903 1087.000000 7.000000 226.000000 0.000000
0.77916902 -1.60862899 -1.07334304 1206.000000 7.000000 236.000000 0.000000
0.78236300 -1.64086604 -1.09256399 1008.000000 6.000000 224.000000 0.000000
-0.18404000 -1.67396200 -0.54508400 617.000000 3.000000 185.000000 0.000000
-0.19430800 -1.67280102 -0.54508400 1047.000000 7.000000 207.000000 0.000000
-0.20591600 -1.68281603 -0.54906797 1261.000000 8.000000 196.000000 0.000000
-0.21340400 -1.65906000 -0.54110003 407.000000 2.000000 161.000000 0.000000
-0.14292400 -1.66267705 -0.58740598 1431.000000 8.000000 208.000000 0.000000
-0.15329701 -1.66363001 -0.58811802 2615.000000 18.000000 194.000000 0.000000
-0.16331699 -1.66079795 -0.58740598 2698.000000 19.000000 191.000000 0.000000
-0.17350499 -1.65976501 -0.58740598 2279.000000 15.000000 170.000000 0.000000
-0.18078400 -1.63266599 -0.57743597 445.000000 2.000000 131.000000 0.000000
-0.20724601 -1.68225598 -0.59737700 786.000000 4.000000 118.000000 0.000000
-0.21816701 -1.68558598 -0.59915698 2071.000000 13.000000 168.000000 0.000000
-0.22739699 -1.53525305 -0.54289597 1781.000000 10.000000 152.000000 0.000000
-0.23036100 -1.49227595 -0.52687198 2409.000000 15.000000 139.000000 0.000000
-0.24070500 -1.49821496 -0.52972001 2246.000000 14.000000 147.000000 0.000000
-0.25221401 -1.51053298 -0.53506202 2352.000000 15.000000 193.000000 0.000000
-0.26420400 -1.52460694 -0.54111499 2387.000000 15.000000 140.000000 0.000000
-0.27471599 -1.52939403 -0.54360801 1578.000000 8.000000 181.000000 0.000000
-0.13709600 -1.65623605 -0.62874299 1942.000000 15.000000 307.000000 0.000000
-0.14677800 -1.64982903 -0.62647700 2226.000000 18.000000 266.000000 0.000000
-0.15698300 -1.64981902 -0.62685400 2136.000000 17.000000 264.000000 0.000000
-0.16646600 -1.64237499 -0.62421000 732.000000 4.000000 176.000000 0.000000
-0.23892200 -1.64837897 -0.63025302 997.000000 6.000000 244.000000 0.000000
-0.22724500 -1.50034297 -0.56982499 1682.000000 11.000000 254.000000 0.000000
-0.23432000 -1.48519504 -0.56415898 2203.000000 16.000000 266.000000 0.000000
-0.24844000 -1.51480997 -0.57700098 2086.000000 14.000000 217.000000 0.000000
-0.26262599 -1.54247999 -0.58908600 2067.000000 14.000000 353.000000 0.000000
-0.27065799 -1.53262901 -0.58568698 1639.000000 10.000000 261.000000 0.000000
-0.29138699 -1.59381604 -0.61174703 612.000000 3.000000 242.000000 0.000000
-0.15600500 -1.57878006 -0.64600301 348.000000 1.000000 101.000000 0.000000
-0.22022600 -1.61733103 -0.66609299 401.000000 1.000000 444.000000 0.000000
-0.22923601 -1.60960400 -0.66328001 1484.000000 8.000000 272.000000 0.000000
-0.22258499 -1.49767601 -0.61426198 1834.000000 10.000000 154.000000 0.000000
-0.23191200 -1.49718702 -0.61466402 2235.000000 14.000000 150.000000 0.000000
-0.24094699 -1.49483204 -0.61426198 1795.000000 10.000000 186.000000 0.000000
-0.25558999 -1.52583396 -0.62872601 1375.000000 7.000000 157.000000 0.000000
-0.27598101 -1.58738101 -0.65685201 476.000000 2.000000 146.000000 0.000000
-0.22579500 -1.65970504 -0.73107398 455.000000 2.000000 236.000000 0.000000
-0.23973700 -1.68521094 -0.74376202 1097.000000 7.000000 389.000000 0.000000
-0.23174500 -1.55817699 -0.68455100 1598.000000 11.000000 319.000000 0.000000
-0.23379900 -1.50745499 -0.66128999 2044.000000 14.000000 347.000000 0.000000
-0.24432100 -1.51404703 -0.66509598 1805.000000 12.000000 282.000000 0.000000
-0.25640699 -1.52950704 -0.67313200 1185.000000 7.000000 317.000000 0.000000
-0.26563400 -1.52701199 -0.67270899 1230.000000 7.000000 303.000000 0.000000
-0.26850599 -1.48877203 -0.65536898 1008.000000 6.000000 329.000000 0.000000
-0.28009301 -1.50046504 -0.66171300 535.000000 3.000000 261.000000 0.000000
-0.29268101 -1.51652205 -0.67017102 412.000000 2.000000 283.000000 0.000000
-0.09670100 -1.71075702 -0.80371898 1153.000000 6.000000 670.000000 0.000000
-0.10481500 -1.67262995 -0.78495902 791.000000 4.000000 378.000000 0.000000
-0.12607700 -1.68103099 -0.78987300 873.000000 4.000000 493.000000 0.000000
-0.14748199 -1.68826997 -0.79433900 822.000000 4.000000 529.000000 0.000000
-0.23112200 -1.68608999 -0.79791301 1098.000000 6.000000 284.000000 0.000000
-0.22410101 -1.56420600 -0.73716599 1704.000000 10.000000 170.000000 0.000000
-0.22837099 -1.52741206 -0.71929902 2156.000000 13.000000 201.000000 0.000000
-0.23566100 -1.51272297 -0.71259898 1869.000000 11.000000 217.000000 0.000000
-0.25069600 -1.54656994 -0.73046601 1313.000000 7.000000 195.000000 0.000000
-0.26032999 -1.54588497 -0.73091298 983.000000 5.000000 193.000000 0.000000
-0.26919100 -1.54073405 -0.72912598 785.000000 4.000000 242.000000 0.000000
-0.27495599 -1.51880705 -0.71885300 956.000000 4.000000 327.000000 0.000000
-0.27251500 -1.45466495 -0.68713897 1387.000000 7.000000 325.000000 0.000000
-0.29186401 -1.50653696 -0.71438599 901.000000 4.000000 562.000000 0.000000
-0.38047099 -1.68447495 -0.81041902 694.000000 3.000000 392.000000 0.000000
-0.40257299 -1.68576896 -0.81354600 887.000000 5.000000 750.000000 0.000000
-0.40756199 -1.66154802 -0.80237901 741.000000 3.000000 489.000000 0.000000
-0.15501501 -1.73918200 -0.87097400 992.000000 7.000000 356.000000 0.000000
-0.17933100 -1.88519597 -0.94904101 873.000000 8.000000 384.000000 0.000000
-0.20364299 -1.69410098 -0.84993798 1703.000000 15.000000 362.000000 0.000000
-0.21153399 -1.67264199 -0.83918601 1591.000000 12.000000 345.000000 0.000000
-0.22441700 -1.69147396 -0.84993798 889.000000 7.000000 340.000000 0.000000
-0.23347799 -1.68043101 -0.84479600 1135.000000 8.000000 320.000000 0.000000
-0.23280101 -1.60195303 -0.80365902 1423.000000 10.000000 350.000000 0.000000
-0.23676801 -1.56114697 -0.78262299 1571.000000 11.000000 300.000000 0.000000
-0.24525800 -1.55267704 -0.77888298 1232.000000 8.000000 338.000000 0.000000
-0.26069799 -1.58779705 -0.79851699 892.000000 6.000000 331.000000 0.000000
-0.26721799 -1.56698704 -0.78823203 703.000000 4.000000 403.000000 0.000000
-0.26045600 -1.47125900 -0.73774600 1182.000000 7.000000 354.000000 0.000000
-0.29436401 -1.50180197 -0.75691199 619.000000 4.000000 606.000000 0.000000
-0.29146901 -1.43928301 -0.72418898 908.000000 5.000000 452.000000 0.000000
-0.34948900 -1.67644298 -0.85320997 695.000000 5.000000 366.000000 0.000000
-0.13511200 -1.64729202 -0.87749100 1623.000000 9.000000 288.000000 0.000000
-0.14529400 -1.64730000 -0.87798101 1298.000000 7.000000 224.000000 0.000000
-0.15663899 -1.65938795 -0.88534302 1177.000000 6.000000 318.000000 0.000000
-0.16444300 -1.63499105 -0.87209201 1515.000000 9.000000 245.000000 0.000000
-0.17997400 -1.68506205 -0.90104699 1076.000000 6.000000 272.000000 0.000000
-0.19553401 -1.72980905 -0.92705703 992.000000 5.000000 214.000000 0.000000
-0.22788399 -1.81545103 -0.97711301 937.000000 5.000000 171.000000 0.000000
-0.21864000 -1.66027200 -0.88976002 1350.000000 8.000000 196.000000 0.000000
-0.22487099 -1.63041902 -0.87356502 1453.000000 8.000000 190.000000 0.000000
-0.22136199 -1.53588295 -0.82056397 1833.000000 11.000000 188.000000 0.000000
-0.23078200 -1.53449595 -0.82056397 1715.000000 10.000000 221.000000 0.000000
-0.25402901 -1.62083995 -0.87062001 1343.000000 7.000000 240.000000 0.000000
-0.26242000 -1.60979199 -0.86522198 941.000000 5.000000 216.000000 0.000000
-0.28004101 -1.65367603 -0.89123201 1091.000000 6.000000 262.000000 0.000000
-0.28094301 -1.59958601 -0.86129600 1389.000000 8.000000 227.000000 0.000000
-0.31652600 -1.62578297 -0.87945402 927.000000 5.000000 255.000000 0.000000
-0.31890601 -1.58623195 -0.85786098 1254.000000 7.000000 335.000000 0.000000
-0.34383601 -1.60775495 -0.87258297 977.000000 5.000000 270.000000 0.000000
-0.14583300 -1.70471394 -0.96219301 757.000000 5.000000 350.000000 0.000000
-0.16755700 -1.71135402 -0.96730000 737.000000 5.000000 390.000000 0.000000
-0.17814100 -1.71115005 -0.96781099 622.000000 4.000000 587.000000 0.000000
-0.17666601 -1.59889805 -0.90142101 629.000000 4.000000 383.000000 0.000000
-0.18988000 -1.62768197 -0.91929501 846.000000 5.000000 351.000000 0.000000
-0.20581301 -1.67599702 -0.94891500 841.000000 6.000000 346.000000 0.000000
-0.21965000 -1.70284998 -0.96576798 701.000000 5.000000 379.000000 0.000000
-0.22387700 -1.65459394 -0.93768001 1003.000000 8.000000 349.000000 0.000000
-0.23201500 -1.63871205 -0.92899799 1113.000000 9.000000 396.000000 0.000000
-0.22403599 -1.51303399 -0.85443699 1289.000000 9.000000 745.000000 0.000000
-0.27132601 -1.62743402 -0.92593402 804.000000 5.000000 533.000000 0.000000
-0.28116301 -1.62489104 -0.92542303 799.000000 5.000000 482.000000 0.000000
-0.29172599 -1.62652194 -0.92746598 808.000000 6.000000 342.000000 0.000000
-0.30216399 -1.62723899 -0.92899799 809.000000 6.000000 400.000000 0.000000
-0.18621300 -1.55134797 -0.93132299 599.000000 3.000000 150.000000 0.000000
-0.21684200 -1.56273103 -0.94093299 619.000000 3.000000 168.000000 0.000000
-1.20422494 -1.54111898 -0.53686303 2807.000000 30.000000 198.000000 0.000000
-1.21484399 -1.53520596 -0.53743398 3050.000000 35.000000 227.000000 0.000000
-1.22663200 -1.53072000 -0.53857702 2822.000000 30.000000 252.000000 0.000000
-1.23660398 -1.52391005 -0.53886199 2621.000000 27.000000 230.000000 0.000000
-1.24714506 -1.51777697 -0.53943402 2528.000000 25.000000 221.000000 0.000000
-1.24726295 -1.49902701 -0.53514802 2341.000000 23.000000 236.000000 0.000000
-1.25335801 -1.48767495 -0.53372002 1729.000000 15.000000 185.000000 0.000000
-1.18663204 -1.50212801 -0.57681501 2325.000000 16.000000 247.000000 0.000000
-1.21128297 -1.51411104 -0.58487099 2435.000000 17.000000 201.000000 0.000000
-1.22174895 -1.50812697 -0.58549100 2383.000000 17.000000 180.000000 0.000000
-1.23701501 -1.50794899 -0.58858901 2629.000000 19.000000 201.000000 0.000000
-1.23894799 -1.49155903 -0.58487099 1968.000000 13.000000 173.000000 0.000000
-1.24600804 -1.54152000 -0.64999503 1643.000000 14.000000 275.000000 0.000000
-1.23816001 -1.51264095 -0.64036697 2117.000000 20.000000 215.000000 0.000000
-1.24501598 -1.50210500 -0.63903898 594.000000 4.000000 177.000000 0.000000
-1.22545695 -1.67368805 -0.74194801 896.000000 5.000000 223.000000 0.000000
-1.20896006 -1.63012803 -0.72485501 1614.000000 10.000000 250.000000 0.000000
-1.21276104 -1.61446500 -0.72093803 2334.000000 17.000000 201.000000 0.000000
-1.23170495 -1.61888599 -0.72663599 2541.000000 20.000000 209.000000 0.000000
-1.23248100 -1.59946096 -0.72093803 2226.000000 16.000000 350.000000 0.000000
-1.22766101 -1.55343997 -0.70598298 555.000000 3.000000 163.000000 0.000000
-1.23366296 -1.54150295 -0.70384598 2242.000000 16.000000 188.000000 0.000000
-1.24898696 -1.54115999 -0.70740700 1526.000000 10.000000 176.000000 0.000000
-1.21284795 -1.66975701 -0.79265499 910.000000 8.000000 326.000000 0.000000
-1.22307003 -1.66228402 -0.79265499 1722.000000 18.000000 262.000000 0.000000
-1.22717702 -1.64656901 -0.78850102 1958.000000 21.000000 226.000000 0.000000
-1.23614395 -1.63752794 -0.78774601 1871.000000 20.000000 208.000000 0.000000
-1.23999798 -1.62180901 -0.78359097 1349.000000 13.000000 234.000000 0.000000
-1.25444996 -1.62003601 -0.78661299 571.000000 5.000000 290.000000 0.000000
-1.23288095 -1.55222905 -0.75941998 1558.000000 15.000000 244.000000 0.000000
-1.24817002 -1.55186200 -0.76319599 940.000000 8.000000 302.000000 0.000000
-1.23285496 -1.66050899 -0.85734397 245.000000 1.000000 121.000000 0.000000
-1.29700506 -1.72460198 -0.89671898 697.000000 4.000000 248.000000 0.000000
-1.23035204 -1.57493806 -0.82680798 1740.000000 12.000000 238.000000 0.000000
-1.27638602 -1.61329699 -0.85252202 891.000000 5.000000 327.000000 0.000000
-1.09190404 -1.70189297 -0.89305800 1398.000000 13.000000 265.000000 0.000000
-1.09740198 -1.68755400 -0.88882899 1549.000000 15.000000 228.000000 0.000000
-1.11668396 -1.69442701 -0.89644098 1946.000000 21.000000 255.000000 0.000000
-1.12605596 -1.68603396 -0.89559501 1737.000000 18.000000 292.000000 0.000000
-1.13587403 -1.67834103 -0.89517301 1381.000000 13.000000 233.000000 0.000000
-1.16658795 -1.70127499 -0.91209000 1151.000000 11.000000 230.000000 0.000000
-1.18473697 -1.70526397 -0.91843402 1066.000000 10.000000 188.000000 0.000000
-1.20765996 -1.71577096 -0.92858398 971.000000 10.000000 573.000000 0.000000
-1.26452398 -1.66293395 -0.92435497 711.000000 7.000000 253.000000 0.000000
-1.23555005 -1.60409200 -0.89432698 1361.000000 13.000000 267.000000 0.000000
-1.24537003 -1.59648097 -0.89432698 1285.000000 12.000000 222.000000 0.000000
-1.10627198 -1.74167597 -0.97836602 1812.000000 14.000000 225.000000 0.000000
-1.10724103 -1.71981597 -0.96943200 1972.000000 14.000000 272.000000 0.000000
-1.10553706 -1.69426596 -0.95826602 1767.000000 12.000000 226.000000 0.000000
-1.15494001 -1.74637997 -0.99355203 1189.000000 8.000000 233.000000 0.000000
-1.17411005 -1.75188994 -1.00114596 1327.000000 9.000000 257.000000 0.000000
-1.14005697 -1.67880797 -0.96139300 1731.000000 12.000000 236.000000 0.000000
-1.11530697 -1.62094796 -0.93057299 1883.000000 13.000000 225.000000 0.000000
-1.12830603 -1.61847496 -0.93325299 1454.000000 9.000000 244.000000 0.000000
-1.13408196 -1.60567796 -0.92967898 1918.000000 13.000000 266.000000 0.000000
-1.14234900 -1.59650803 -0.92833900 2183.000000 16.000000 272.000000 0.000000
-1.15422595 -1.59236395 -0.93012601 1578.000000 10.000000 252.000000 0.000000
-1.16238499 -1.58308995 -0.92878598 1833.000000 13.000000 224.000000 0.000000
-1.18223095 -1.58956099 -0.93727201 1317.000000 8.000000 268.000000 0.000000
-1.21782601 -1.61656106 -0.95871198 1566.000000 10.000000 231.000000 0.000000
-1.21631503 -1.59412801 -0.94933200 1778.000000 12.000000 224.000000 0.000000
-1.18134105 -1.75823605 -1.06777799 1443.000000 16.000000 209.000000 0.000000
-1.18119502 -1.73485601 -1.05749297 1298.000000 14.000000 223.000000 0.000000
-1.14627099 -1.66126597 -1.01495397 1203.000000 11.000000 228.000000 0.000000
-1.13119495 -1.61792195 -0.99158102 1012.000000 9.000000 205.000000 0.000000
-1.20477700 -1.70126104 -1.05001402 768.000000 7.000000 204.000000 0.000000
-1.22929800 -1.62747097 -1.02617300 1111.000000 12.000000 227.000000 0.000000
-1.21379900 -1.65003204 -1.10029197 1423.000000 10.000000 208.000000 0.000000
-1.23588598 -1.65861499 -1.11157894 1238.000000 9.000000 197.000000 0.000000
