1.74430597 2.48873210 -0.39910600 476.000000 7.000000 4856.000000 0.000000
1.73437905 2.44244599 -0.39278400 300.000000 4.000000 5150.000000 0.000000
1.74909496 2.40016508 -0.38904899 936.000000 14.000000 4256.000000 0.000000
1.76437604 2.39018393 -0.38919300 1712.000000 29.000000 4110.000000 0.000000
1.77900803 2.37931299 -0.38919300 1752.000000 30.000000 3652.000000 0.000000
1.79238105 2.36677289 -0.38890499 1775.000000 30.000000 4056.000000 0.000000
1.80686998 2.35573101 -0.38890499 1895.000000 33.000000 4754.000000 0.000000
1.81159306 2.33208299 -0.38660699 2121.000000 39.000000 5085.000000 0.000000
1.81792700 2.31080103 -0.38473901 1279.000000 20.000000 4504.000000 0.000000
1.75542796 2.40348291 -0.46539101 1332.000000 13.000000 3992.000000 0.000000
1.76955605 2.39187503 -0.46522301 1937.000000 22.000000 2801.000000 0.000000
1.78479099 2.38176107 -0.46539101 1949.000000 22.000000 2695.000000 0.000000
1.81308603 2.38881803 -0.46926200 1321.000000 13.000000 4704.000000 0.000000
1.80546904 2.34874201 -0.46303400 1516.000000 16.000000 4721.000000 0.000000
1.82287598 2.34150696 -0.46387601 2761.000000 37.000000 3864.000000 0.000000
1.83110201 2.32254004 -0.46219301 2589.000000 33.000000 4198.000000 0.000000
1.85393405 2.32204103 -0.46454901 1047.000000 10.000000 4790.000000 0.000000
1.76325798 2.39387012 -0.53664899 1136.000000 17.000000 4289.000000 0.000000
1.77322602 2.37670588 -0.53511697 1419.000000 23.000000 3535.000000 0.000000
1.78718495 2.36499691 -0.53492498 1313.000000 21.000000 3424.000000 0.000000
1.79034805 2.33916306 -0.53128701 593.000000 8.000000 5645.000000 0.000000
1.82012796 2.31856203 -0.53166997 1747.000000 30.000000 5219.000000 0.000000
1.83371103 2.30658102 -0.53147799 1744.000000 30.000000 5021.000000 0.000000
1.85766101 2.30753207 -0.53454202 788.000000 12.000000 5938.000000 0.000000
1.76738703 2.38808203 -0.61229002 2087.000000 24.000000 3382.000000 0.000000
1.78200698 2.37719297 -0.61229002 2095.000000 24.000000 2733.000000 0.000000
1.79774106 2.36776900 -0.61272198 1739.000000 19.000000 2928.000000 0.000000
1.81104398 2.35514593 -0.61229002 553.000000 5.000000 4896.000000 0.000000
1.80204904 2.31395411 -0.60387599 1163.000000 11.000000 4473.000000 0.000000
1.81984401 2.30745196 -0.60517001 2723.000000 36.000000 5023.000000 0.000000
1.82848001 2.28937793 -0.60322797 2396.000000 30.000000 4393.000000 0.000000
1.85723805 2.29632998 -0.60840702 535.000000 5.000000 5369.000000 0.000000
1.77394402 2.38456011 -0.68576300 1571.000000 26.000000 3931.000000 0.000000
1.78795803 2.37285399 -0.68552500 1521.000000 25.000000 3367.000000 0.000000
1.79954398 2.35797501 -0.68433100 1210.000000 19.000000 4097.000000 0.000000
1.80508602 2.33535194 -0.68075103 350.000000 5.000000 6275.000000 0.000000
1.80264997 2.30279899 -0.67406702 766.000000 11.000000 5273.000000 0.000000
1.80771196 2.28026700 -0.67048597 1496.000000 25.000000 4842.000000 0.000000
1.82045603 2.26761699 -0.67000902 1258.000000 20.000000 4615.000000 0.000000
1.76238000 2.38046288 -0.76191503 1497.000000 17.000000 3771.000000 0.000000
1.77695298 2.36960411 -0.76191503 1992.000000 24.000000 2745.000000 0.000000
1.79145896 2.35865593 -0.76191503 1957.000000 23.000000 2576.000000 0.000000
1.81296098 2.35679293 -0.76507199 1032.000000 11.000000 3931.000000 0.000000
1.79989100 2.28136611 -0.74665999 1372.000000 14.000000 4390.000000 0.000000
1.80361199 2.25746989 -0.74218798 2607.000000 34.000000 4602.000000 0.000000
1.82289398 2.25310898 -0.74455500 1916.000000 21.000000 3880.000000 0.000000
1.76998997 2.38699389 -0.83969200 987.000000 16.000000 4578.000000 0.000000
1.78115594 2.37148690 -0.83797801 1691.000000 31.000000 3714.000000 0.000000
1.79683197 2.36204004 -0.83854902 1544.000000 27.000000 3174.000000 0.000000
1.81421101 2.35476995 -0.83997798 1127.000000 18.000000 3743.000000 0.000000
1.80026495 2.27813411 -0.81940800 342.000000 5.000000 3292.000000 0.000000
1.80883002 2.26030302 -0.81683701 1436.000000 23.000000 4824.000000 0.000000
1.82326698 2.24990702 -0.81712300 2231.000000 42.000000 5330.000000 0.000000
1.83157599 2.23200297 -0.81455201 1412.000000 23.000000 4421.000000 0.000000
1.93530500 2.18895292 -0.82483602 360.000000 5.000000 3085.000000 0.000000
1.77645600 2.39512610 -0.92477298 1123.000000 12.000000 3838.000000 0.000000
1.77511895 2.36290407 -0.91609699 2076.000000 26.000000 3208.000000 0.000000
1.79073596 2.35348010 -0.91671699 2130.000000 27.000000 2642.000000 0.000000
1.81269205 2.35223508 -0.92074502 1861.000000 22.000000 3308.000000 0.000000
1.81704199 2.27023911 -0.90060502 1319.000000 13.000000 2677.000000 0.000000
1.81356704 2.23763394 -0.89161903 2098.000000 24.000000 3343.000000 0.000000
1.83088398 2.23087192 -0.89347798 2376.000000 29.000000 3819.000000 0.000000
1.84696901 2.22252011 -0.89471799 1865.000000 21.000000 3659.000000 0.000000
1.86669695 2.21841693 -0.89781600 897.000000 8.000000 2509.000000 0.000000
1.80684602 2.35445309 -0.99693203 1274.000000 21.000000 2868.000000 0.000000
1.80848598 2.24032903 -0.96572399 1254.000000 20.000000 3205.000000 0.000000
1.80670404 2.21017909 -0.95709199 1554.000000 26.000000 3698.000000 0.000000
1.82083094 2.19977999 -0.95742399 1498.000000 25.000000 3181.000000 0.000000
1.83611000 2.19073701 -0.95841998 1189.000000 19.000000 3006.000000 0.000000
1.87389004 2.20823312 -0.97170001 1030.000000 17.000000 2762.000000 0.000000
-0.20645501 2.17031789 -0.38192099 1495.000000 15.000000 5332.000000 0.000000
-0.19295700 2.16958904 -0.38153800 2379.000000 28.000000 5132.000000 0.000000
-0.17930999 2.16682005 -0.38077199 2782.000000 36.000000 5013.000000 0.000000
-0.16608800 2.16885805 -0.38096401 3141.000000 44.000000 4701.000000 0.000000
-0.15270700 2.16885710 -0.38077199 2400.000000 28.000000 3943.000000 0.000000
-0.13933100 2.16877389 -0.38058099 1386.000000 13.000000 3076.000000 0.000000
-0.12854500 2.21171689 -0.38881499 221.000000 2.000000 3745.000000 0.000000
-0.20200300 2.16085100 -0.43536901 2282.000000 17.000000 4515.000000 0.000000
-0.18882500 2.16302204 -0.43558401 3175.000000 29.000000 3980.000000 0.000000
-0.17554900 2.16413999 -0.43558401 3241.000000 31.000000 3478.000000 0.000000
-0.16248401 2.16809797 -0.43623200 2574.000000 20.000000 2632.000000 0.000000
-0.15156800 2.20412493 -0.44399899 2057.000000 14.000000 2887.000000 0.000000
-0.13991401 2.23522496 -0.45068800 699.000000 4.000000 2524.000000 0.000000
-0.19563900 2.16595292 -0.48978800 1895.000000 20.000000 4710.000000 0.000000
-0.18184599 2.16130805 -0.48835599 2688.000000 34.000000 4657.000000 0.000000
-0.16919900 2.17012691 -0.49026600 2836.000000 37.000000 4901.000000 0.000000
-0.15580900 2.17015600 -0.49002701 2049.000000 22.000000 4516.000000 0.000000
-0.14628100 2.22726703 -0.50387198 1172.000000 11.000000 4123.000000 0.000000
-0.20042600 2.14789200 -0.54254699 1844.000000 12.000000 3173.000000 0.000000
-0.18790799 2.15677094 -0.54465199 2364.000000 18.000000 2688.000000 0.000000
-0.17405300 2.15019011 -0.54254699 2999.000000 26.000000 3753.000000 0.000000
-0.16085599 2.15121698 -0.54254699 2901.000000 25.000000 3596.000000 0.000000
-0.14857000 2.16564012 -0.54623002 2186.000000 16.000000 3125.000000 0.000000
-0.13748200 2.20213890 -0.55596203 848.000000 5.000000 4575.000000 0.000000
-0.21147500 2.15629792 -0.59971398 1064.000000 10.000000 5967.000000 0.000000
-0.19698800 2.14419794 -0.59571397 2000.000000 22.000000 4312.000000 0.000000
-0.18441300 2.15204906 -0.59771401 2607.000000 32.000000 4661.000000 0.000000
-0.17081600 2.14836407 -0.59628600 2378.000000 28.000000 3787.000000 0.000000
-0.15813400 2.15606093 -0.59828597 1831.000000 19.000000 2714.000000 0.000000
-0.14635400 2.17802310 -0.60457098 1543.000000 15.000000 3440.000000 0.000000
-0.13388900 2.19322705 -0.60885602 488.000000 4.000000 6081.000000 0.000000
-0.22408099 2.13741398 -0.65334702 1067.000000 6.000000 4064.000000 0.000000
-0.21049801 2.13401794 -0.65179801 2177.000000 16.000000 2543.000000 0.000000
-0.19705200 2.13148189 -0.65055901 2871.000000 25.000000 3349.000000 0.000000
-0.18397000 2.13265109 -0.65055901 2782.000000 23.000000 3265.000000 0.000000
-0.17261299 2.15553904 -0.65768498 2323.000000 17.000000 2585.000000 0.000000
-0.16070400 2.17457390 -0.66357201 2136.000000 15.000000 2380.000000 0.000000
-0.14901300 2.20018411 -0.67162800 2078.000000 17.000000 2433.000000 0.000000
-0.13626300 2.21339512 -0.67565602 815.000000 5.000000 4844.000000 0.000000
-0.22619100 2.13050795 -0.70643502 592.000000 5.000000 5407.000000 0.000000
-0.21435700 2.14405608 -0.71075100 1765.000000 18.000000 3850.000000 0.000000
-0.20119700 2.14533091 -0.71075100 2154.000000 24.000000 3594.000000 0.000000
-0.18676899 2.13243198 -0.70577103 2466.000000 30.000000 4304.000000 0.000000
-0.17759700 2.18053889 -0.72237098 1831.000000 22.000000 3671.000000 0.000000
-0.16428700 2.18252802 -0.72270298 2166.000000 27.000000 2977.000000 0.000000
-0.15282799 2.21078205 -0.73233002 1886.000000 23.000000 2994.000000 0.000000
-0.13907699 2.20885396 -0.73133397 696.000000 7.000000 5374.000000 0.000000
-0.22235800 2.12443089 -0.76544899 1155.000000 7.000000 4216.000000 0.000000
-0.20986401 2.13133502 -0.76758599 2268.000000 17.000000 2815.000000 0.000000
-0.19695300 2.13444400 -0.76829797 2806.000000 24.000000 3533.000000 0.000000
-0.18385300 2.13561201 -0.76829797 2879.000000 25.000000 3760.000000 0.000000
-0.17170601 2.14880991 -0.77292699 2203.000000 18.000000 3074.000000 0.000000
-0.16328700 2.21506000 -0.79785299 2672.000000 25.000000 2321.000000 0.000000
-0.15075400 2.23187089 -0.80390602 2531.000000 22.000000 2646.000000 0.000000
-0.13558200 2.20850301 -0.79464799 1039.000000 7.000000 3956.000000 0.000000
-0.23366900 2.15110302 -0.83344501 501.000000 5.000000 3832.000000 0.000000
-0.21748599 2.12394691 -0.82173699 1663.000000 19.000000 3573.000000 0.000000
-0.20417900 2.12247705 -0.82060403 2219.000000 25.000000 3702.000000 0.000000
-0.19106700 2.12276793 -0.82022601 2497.000000 30.000000 4031.000000 0.000000
-0.18064900 2.15434408 -0.83268899 1928.000000 24.000000 3621.000000 0.000000
-0.16786800 2.16094995 -0.83495498 1892.000000 23.000000 2878.000000 0.000000
-0.15867400 2.21734691 -0.85761601 1626.000000 19.000000 2551.000000 0.000000
-0.14519000 2.22012591 -0.85837197 1404.000000 15.000000 2954.000000 0.000000
-0.12902400 2.17938590 -0.84137601 329.000000 3.000000 2588.000000 0.000000
-0.25773901 2.21159792 -0.92685300 453.000000 2.000000 2532.000000 0.000000
-0.23427799 2.12302089 -0.88707602 1552.000000 11.000000 3753.000000 0.000000
-0.21955000 2.10802293 -0.87984401 1920.000000 15.000000 3078.000000 0.000000
-0.20607901 2.10386205 -0.87743300 2271.000000 19.000000 3530.000000 0.000000
-0.19333200 2.10691094 -0.87823701 2463.000000 22.000000 3715.000000 0.000000
-0.18187299 2.12539411 -0.88587099 1994.000000 16.000000 2951.000000 0.000000
-0.17091300 2.15294409 -0.89752299 1554.000000 11.000000 2401.000000 0.000000
-0.16074900 2.19596601 -0.91600502 2335.000000 20.000000 2645.000000 0.000000
-0.14684699 2.19051504 -0.91319197 1761.000000 13.000000 2771.000000 0.000000
-0.23868100 2.14564800 -0.95692098 1261.000000 14.000000 3396.000000 0.000000
-0.22261900 2.12004089 -0.94423300 1395.000000 16.000000 2899.000000 0.000000
-0.20960701 2.12136698 -0.94423300 1409.000000 16.000000 2327.000000 0.000000
-0.19616000 2.11810303 -0.94211799 1460.000000 16.000000 2431.000000 0.000000
-0.18355800 2.12378001 -0.94423300 1456.000000 16.000000 2738.000000 0.000000
-0.17245500 2.14834690 -0.95522898 1317.000000 14.000000 2505.000000 0.000000
-0.16346200 2.20448089 -0.98102802 1793.000000 21.000000 2422.000000 0.000000
-0.14942700 2.19821095 -0.97764498 1643.000000 19.000000 2491.000000 0.000000
-0.22991900 2.09997511 -1.00293195 2076.000000 17.000000 3894.000000 0.000000
-0.21648100 2.09600592 -1.00025201 2398.000000 21.000000 4256.000000 0.000000
-0.20327300 2.09373307 -0.99846601 2674.000000 25.000000 3975.000000 0.000000
-0.19090401 2.10028696 -1.00114596 2311.000000 20.000000 3282.000000 0.000000
-0.17808899 2.10231090 -1.00159299 2299.000000 20.000000 3251.000000 0.000000
-0.16601899 2.11406803 -1.00695205 1667.000000 13.000000 2453.000000 0.000000
-0.15413199 2.13021803 -1.01454604 1570.000000 12.000000 2302.000000 0.000000
-0.14211200 2.14719391 -1.02258599 1483.000000 11.000000 2734.000000 0.000000
0.12525199 -1.81347001 -0.17945600 1817.000000 10.000000 3722.000000 0.000000
0.11319800 -1.79934299 -0.17764600 2409.000000 16.000000 3522.000000 0.000000
0.10298800 -1.81487000 -0.17945600 1770.000000 10.000000 3194.000000 0.000000
0.09081200 -1.79464698 -0.17692199 3086.000000 24.000000 2694.000000 0.000000
0.07927800 -1.78327000 -0.17547400 3082.000000 24.000000 2270.000000 0.000000
0.06811100 -1.77777100 -0.17475000 3465.000000 30.000000 2442.000000 0.000000
0.05601600 -1.74045098 -0.17016500 3204.000000 26.000000 2660.000000 0.000000
0.04468400 -1.71496105 -0.16702799 3288.000000 27.000000 2528.000000 0.000000
0.03419800 -1.71718800 -0.16726901 3162.000000 25.000000 2493.000000 0.000000
0.07974800 -1.79737401 -0.21909299 1961.000000 15.000000 3004.000000 0.000000
0.06636100 -1.73949003 -0.21061701 2240.000000 18.000000 3440.000000 0.000000
0.05544900 -1.73294103 -0.20961100 2272.000000 18.000000 3337.000000 0.000000
0.04423100 -1.71247399 -0.20659401 2453.000000 21.000000 2965.000000 0.000000
0.03374400 -1.71370304 -0.20673800 2552.000000 22.000000 3309.000000 0.000000
0.02338500 -1.72377300 -0.20817401 2729.000000 25.000000 3181.000000 0.000000
0.01277900 -1.72091496 -0.20774300 2840.000000 26.000000 3759.000000 0.000000
0.00220900 -1.71799195 -0.20731200 2097.000000 16.000000 3711.000000 0.000000
-0.00838800 -1.73974502 -0.21047300 2562.000000 22.000000 3951.000000 0.000000
-0.01995100 -1.84158897 -0.22527100 1018.000000 6.000000 4499.000000 0.000000
0.09864600 -1.73737597 -0.25432101 2195.000000 14.000000 2911.000000 0.000000
0.08773900 -1.73302603 -0.25347900 2734.000000 19.000000 2818.000000 0.000000
0.07675900 -1.72565401 -0.25213301 1175.000000 6.000000 4195.000000 0.000000
0.05563900 -1.72843599 -0.25246999 2337.000000 15.000000 2878.000000 0.000000
0.04488300 -1.72283196 -0.25145999 3387.000000 29.000000 2603.000000 0.000000
0.03436700 -1.72603202 -0.25196499 3635.000000 34.000000 2684.000000 0.000000
0.02372500 -1.72226799 -0.25129101 3396.000000 29.000000 2630.000000 0.000000
0.01318400 -1.72632396 -0.25196499 3207.000000 26.000000 2641.000000 0.000000
0.00259400 -1.73031497 -0.25263801 2232.000000 14.000000 3710.000000 0.000000
-0.05399600 -1.84683001 -0.27266800 2885.000000 21.000000 4780.000000 0.000000
-0.06504200 -1.83858299 -0.27132100 2549.000000 17.000000 5127.000000 0.000000
-0.07578200 -1.82534599 -0.26913300 450.000000 2.000000 5719.000000 0.000000
0.04656500 -1.73192894 -0.29460001 2387.000000 20.000000 3111.000000 0.000000
0.03575600 -1.72433305 -0.29306799 2649.000000 23.000000 3019.000000 0.000000
0.02529100 -1.73138905 -0.29440799 2594.000000 23.000000 3050.000000 0.000000
0.01469900 -1.73445594 -0.29498300 2568.000000 22.000000 3292.000000 0.000000
0.00412900 -1.75021696 -0.29804701 2433.000000 20.000000 3599.000000 0.000000
-0.00660200 -1.74432099 -0.29689801 2540.000000 22.000000 4384.000000 0.000000
-0.01759000 -1.78154302 -0.30417499 1990.000000 15.000000 5389.000000 0.000000
-0.02921200 -1.83145297 -0.31394100 294.000000 1.000000 6230.000000 0.000000
0.05505400 -1.71924901 -0.33590400 1459.000000 8.000000 3577.000000 0.000000
0.04477400 -1.73029196 -0.33827800 2604.000000 18.000000 2389.000000 0.000000
0.03413800 -1.72955799 -0.33806199 2842.000000 21.000000 2579.000000 0.000000
0.02372500 -1.74535704 -0.34151399 2894.000000 21.000000 2611.000000 0.000000
0.01293700 -1.73375201 -0.33892500 2569.000000 18.000000 2804.000000 0.000000
0.00229900 -1.73477495 -0.33914101 2501.000000 17.000000 3024.000000 0.000000
-0.00868800 -1.79627204 -0.35273299 3429.000000 30.000000 3421.000000 0.000000
-0.01950400 -1.77860999 -0.34885001 2133.000000 13.000000 4333.000000 0.000000
-0.03177500 -1.85460806 -0.36567900 328.000000 1.000000 5344.000000 0.000000
-0.09590900 -1.77710700 -0.34906599 717.000000 3.000000 3772.000000 0.000000
0.04886800 -1.72932100 -0.38046199 1093.000000 7.000000 4203.000000 0.000000
0.03813800 -1.72473395 -0.37926900 2343.000000 19.000000 2987.000000 0.000000
0.02766100 -1.73076200 -0.38070101 2549.000000 22.000000 3248.000000 0.000000
0.01709900 -1.73575401 -0.38189501 2510.000000 22.000000 3263.000000 0.000000
0.00640800 -1.72902799 -0.38022399 2388.000000 20.000000 3401.000000 0.000000
-0.00420300 -1.74165905 -0.38332701 2163.000000 17.000000 3681.000000 0.000000
-0.01504800 -1.76684904 -0.38953301 2527.000000 22.000000 4357.000000 0.000000
-0.02646700 -1.81333196 -0.40099099 1033.000000 7.000000 5147.000000 0.000000
-0.09142500 -1.77524197 -0.39215899 690.000000 4.000000 4563.000000 0.000000
0.04452300 -1.73214400 -0.42681399 2223.000000 14.000000 2273.000000 0.000000
0.03383900 -1.72949100 -0.42602500 2541.000000 17.000000 2347.000000 0.000000
0.02337300 -1.74124300 -0.42918101 2796.000000 20.000000 2477.000000 0.000000
0.01268900 -1.74135303 -0.42918101 2679.000000 19.000000 2601.000000 0.000000
0.00200700 -1.75008202 -0.43154800 2398.000000 16.000000 2978.000000 0.000000
-0.00873100 -1.75006104 -0.43154800 2368.000000 16.000000 3859.000000 0.000000
-0.02018000 -1.80978703 -0.44785601 1070.000000 5.000000 3615.000000 0.000000
-0.08574600 -1.78661799 -0.44207001 676.000000 3.000000 2791.000000 0.000000
0.04122000 -1.74066103 -0.47286800 1886.000000 14.000000 3260.000000 0.000000
0.03040600 -1.73417401 -0.47086900 2358.000000 20.000000 2983.000000 0.000000
0.01988300 -1.74295294 -0.47343999 2589.000000 23.000000 3321.000000 0.000000
0.00913700 -1.73633397 -0.47143999 2494.000000 21.000000 3403.000000 0.000000
-0.00152100 -1.73348200 -0.47058299 2350.000000 20.000000 3635.000000 0.000000
-0.01241900 -1.78902197 -0.48715299 2109.000000 17.000000 4329.000000 0.000000
-0.02376900 -1.82341003 -0.49743801 1156.000000 8.000000 5600.000000 0.000000
-0.08968100 -1.79641104 -0.49000999 658.000000 4.000000 4227.000000 0.000000
0.04335400 -1.74545705 -0.52197200 2093.000000 13.000000 2345.000000 0.000000
0.03252400 -1.73903501 -0.51980299 2400.000000 16.000000 2436.000000 0.000000
0.02188700 -1.74205399 -0.52073300 2588.000000 18.000000 2593.000000 0.000000
0.01116500 -1.73645103 -0.51887399 2438.000000 16.000000 2585.000000 0.000000
0.00050900 -1.73933899 -0.51980299 2376.000000 16.000000 3007.000000 0.000000
-0.01031500 -1.76212800 -0.52723998 1940.000000 12.000000 3720.000000 0.000000
-0.02195100 -1.82667994 -0.54830903 873.000000 5.000000 4841.000000 0.000000
-0.08676900 -1.77620399 -0.53250700 712.000000 3.000000 3061.000000 0.000000
0.04589100 -1.79005098 -0.58260000 834.000000 5.000000 3236.000000 0.000000
0.03390100 -1.74408901 -0.56633198 1731.000000 13.000000 2801.000000 0.000000
0.02321300 -1.74520695 -0.56666398 2015.000000 16.000000 2925.000000 0.000000
0.01245100 -1.73965704 -0.56467199 2187.000000 18.000000 3012.000000 0.000000
0.00180500 -1.74819100 -0.56765997 1930.000000 15.000000 3214.000000 0.000000
-0.00892700 -1.75005496 -0.56832403 1960.000000 15.000000 3550.000000 0.000000
-0.02031300 -1.82259703 -0.59388798 1506.000000 13.000000 4298.000000 0.000000
-0.07729400 -1.84844995 -0.60351598 473.000000 3.000000 2655.000000 0.000000
-0.08811700 -1.83663404 -0.59953201 405.000000 2.000000 2433.000000 0.000000
0.04319700 -1.75144303 -0.61909801 1702.000000 10.000000 2599.000000 0.000000
0.03248300 -1.75354302 -0.61980999 2282.000000 15.000000 2373.000000 0.000000
0.02160300 -1.74343097 -0.61589301 2414.000000 16.000000 2336.000000 0.000000
0.01089000 -1.74072802 -0.61482501 2456.000000 17.000000 2713.000000 0.000000
0.00020200 -1.75197506 -0.61909801 2291.000000 15.000000 2978.000000 0.000000
-0.01059300 -1.75848496 -0.62159097 1903.000000 11.000000 3666.000000 0.000000
-0.02244500 -1.84061098 -0.65292603 876.000000 4.000000 2694.000000 0.000000
0.03914800 -1.78739905 -0.68010700 1335.000000 11.000000 2790.000000 0.000000
0.02739300 -1.74409401 -0.66235602 1960.000000 15.000000 2726.000000 0.000000
0.01669100 -1.74422896 -0.66235602 2141.000000 17.000000 2812.000000 0.000000
0.00598800 -1.74429798 -0.66235602 2083.000000 17.000000 2942.000000 0.000000
-0.00471500 -1.74522805 -0.66273397 2117.000000 17.000000 3309.000000 0.000000
-0.01560900 -1.77386999 -0.67444199 1723.000000 13.000000 3145.000000 0.000000
-0.02714700 -1.82558894 -0.69559199 1581.000000 13.000000 4067.000000 0.000000
-0.03968400 -1.89667296 -0.72467297 945.000000 7.000000 3784.000000 0.000000
0.04347700 -1.80205703 -0.74082500 1487.000000 9.000000 2568.000000 0.000000
0.03147200 -1.74735403 -0.71671802 1894.000000 11.000000 2489.000000 0.000000
0.02090200 -1.76125002 -0.72274500 1976.000000 13.000000 2419.000000 0.000000
0.01014500 -1.77141798 -0.72716397 2050.000000 14.000000 2883.000000 0.000000
-0.00073600 -1.78152001 -0.73158401 2002.000000 13.000000 3132.000000 0.000000
-0.01148000 -1.75584197 -0.72033399 1790.000000 11.000000 3165.000000 0.000000
-0.02312800 -1.82075000 -0.74886101 2099.000000 14.000000 3010.000000 0.000000
-0.03460400 -1.83613801 -0.75569099 2119.000000 14.000000 4906.000000 0.000000
-0.04641200 -1.85694599 -0.76493299 1635.000000 10.000000 3617.000000 0.000000
0.03274200 -1.78524494 -0.78267199 1529.000000 13.000000 2397.000000 0.000000
0.02152400 -1.76729095 -0.77421302 1975.000000 18.000000 2526.000000 0.000000
0.01065600 -1.76467097 -0.77294499 2119.000000 20.000000 2513.000000 0.000000
-0.00015300 -1.77285898 -0.77675098 2094.000000 20.000000 2680.000000 0.000000
-0.01106900 -1.78279197 -0.78140301 1803.000000 16.000000 2948.000000 0.000000
-0.02212600 -1.79446995 -0.78690100 1690.000000 15.000000 2894.000000 0.000000
-0.03354500 -1.81966996 -0.79874301 1976.000000 18.000000 3381.000000 0.000000
-0.04529500 -1.84570205 -0.81100899 2125.000000 20.000000 3779.000000 0.000000
-0.05697900 -1.85807002 -0.81693000 2271.000000 22.000000 3910.000000 0.000000
-0.06828500 -1.85496902 -0.81566101 2146.000000 21.000000 4403.000000 0.000000
0.03042200 -1.77496195 -0.83453900 2041.000000 14.000000 2043.000000 0.000000
0.01955800 -1.77779901 -0.83587903 1726.000000 11.000000 2015.000000 0.000000
0.00870400 -1.79130602 -0.84257901 1931.000000 13.000000 2351.000000 0.000000
-0.00228200 -1.78864098 -0.84123898 1982.000000 13.000000 2584.000000 0.000000
1.93658197 -1.62511504 -0.20309100 1364.000000 17.000000 3203.000000 0.000000
1.92429602 -1.63503695 -0.20280300 1604.000000 21.000000 3013.000000 0.000000
1.90969396 -1.64292502 -0.20222700 1846.000000 25.000000 4261.000000 0.000000
1.89957702 -1.65461195 -0.20222700 1772.000000 24.000000 3760.000000 0.000000
1.91630101 -1.68989599 -0.20568299 1615.000000 21.000000 3395.000000 0.000000
1.91110003 -1.70625496 -0.20635501 2262.000000 33.000000 3540.000000 0.000000
1.90207398 -1.71928203 -0.20654801 2161.000000 31.000000 4311.000000 0.000000
1.90031302 -1.73897099 -0.20770000 1522.000000 20.000000 4736.000000 0.000000
1.91373599 -1.77288496 -0.21086800 1142.000000 14.000000 4563.000000 0.000000
1.89627898 -1.77847600 -0.21000400 616.000000 7.000000 4245.000000 0.000000
1.94446599 -1.61171103 -0.26548401 893.000000 6.000000 4736.000000 0.000000
1.94670105 -1.63382804 -0.26741400 2190.000000 20.000000 2851.000000 0.000000
1.93285894 -1.64252603 -0.26681101 2340.000000 22.000000 2858.000000 0.000000
1.92424798 -1.65565097 -0.26705199 2456.000000 24.000000 2815.000000 0.000000
1.93425405 -1.68504298 -0.27031001 2103.000000 19.000000 2668.000000 0.000000
1.92908704 -1.70147800 -0.27115500 2021.000000 18.000000 2459.000000 0.000000
1.93267298 -1.72585297 -0.27344701 2847.000000 31.000000 2614.000000 0.000000
1.92131102 -1.73701298 -0.27332601 3092.000000 36.000000 3399.000000 0.000000
1.91134799 -1.74943995 -0.27344701 2113.000000 19.000000 4076.000000 0.000000
1.92605102 -1.78476298 -0.27767000 522.000000 3.000000 5449.000000 0.000000
1.93799901 -1.62402296 -0.32497400 1156.000000 14.000000 4533.000000 0.000000
1.92950904 -1.63716197 -0.32526201 1751.000000 23.000000 3049.000000 0.000000
1.92168295 -1.65090203 -0.32569301 1628.000000 21.000000 3128.000000 0.000000
1.91749799 -1.66784894 -0.32684201 1525.000000 19.000000 3442.000000 0.000000
1.93697596 -1.70569897 -0.33258900 543.000000 6.000000 5542.000000 0.000000
1.92425501 -1.71557903 -0.33215800 1590.000000 21.000000 3574.000000 0.000000
1.92399096 -1.73662198 -0.33416900 2222.000000 32.000000 3371.000000 0.000000
1.91402996 -1.74906099 -0.33431301 2205.000000 32.000000 4111.000000 0.000000
1.91199100 -1.76882398 -0.33603701 1998.000000 28.000000 4553.000000 0.000000
1.89748597 -1.77714503 -0.33531800 795.000000 9.000000 4951.000000 0.000000
1.94150305 -1.62946105 -0.38998500 2075.000000 19.000000 3174.000000 0.000000
1.93221903 -1.64198196 -0.39015299 2579.000000 26.000000 2819.000000 0.000000
1.92210698 -1.65380704 -0.39015299 2493.000000 25.000000 2987.000000 0.000000
1.91489506 -1.66816103 -0.39082599 1995.000000 18.000000 3156.000000 0.000000
1.97186697 -1.73924899 -0.40614301 419.000000 3.000000 4003.000000 0.000000
1.95968795 -1.75000203 -0.40580699 1330.000000 10.000000 3615.000000 0.000000
1.94672000 -1.76000905 -0.40530199 2709.000000 28.000000 3187.000000 0.000000
1.94024503 -1.77591598 -0.40631199 3035.000000 35.000000 3692.000000 0.000000
1.92352998 -1.78242505 -0.40496501 2644.000000 27.000000 3932.000000 0.000000
1.92549205 -1.80633998 -0.40799499 1103.000000 8.000000 4138.000000 0.000000
1.93348002 -1.63708305 -0.45085901 1501.000000 19.000000 3287.000000 0.000000
1.92339802 -1.64891505 -0.45085901 1708.000000 23.000000 2966.000000 0.000000
1.91472900 -1.66197002 -0.45124200 1561.000000 20.000000 3322.000000 0.000000
1.91483104 -1.68274200 -0.45392299 1404.000000 18.000000 4175.000000 0.000000
1.94369495 -1.75070596 -0.46694499 1111.000000 13.000000 3669.000000 0.000000
1.93582106 -1.76523995 -0.46771100 2040.000000 29.000000 3724.000000 0.000000
1.92278695 -1.77509105 -0.46713600 2357.000000 36.000000 4475.000000 0.000000
1.91975796 -1.79421604 -0.46924299 1689.000000 22.000000 4499.000000 0.000000
1.90871298 -1.80596101 -0.46924299 726.000000 8.000000 5024.000000 0.000000
1.93808806 -1.62716198 -0.51498300 1272.000000 10.000000 3165.000000 0.000000
1.92732298 -1.63839102 -0.51476800 2505.000000 25.000000 2798.000000 0.000000
1.91649401 -1.64954805 -0.51455200 2450.000000 24.000000 2875.000000 0.000000
1.91001594 -1.66448605 -0.51563102 2467.000000 24.000000 3134.000000 0.000000
1.92099094 -1.69491994 -0.52188802 1014.000000 7.000000 3145.000000 0.000000
1.94492698 -1.75899601 -0.53526503 2445.000000 28.000000 3094.000000 0.000000
1.94777405 -1.78343201 -0.53936398 3059.000000 41.000000 3568.000000 0.000000
1.93035197 -1.78937304 -0.53742200 3201.000000 45.000000 4186.000000 0.000000
1.91720200 -1.79917800 -0.53677499 1883.000000 19.000000 3680.000000 0.000000
1.91461694 -1.81898296 -0.53936398 468.000000 4.000000 3466.000000 0.000000
1.93324304 -1.63230896 -0.57715398 872.000000 10.000000 3320.000000 0.000000
1.92614806 -1.64665997 -0.57810801 1774.000000 24.000000 3300.000000 0.000000
1.91674304 -1.65908206 -0.57834703 1798.000000 24.000000 3389.000000 0.000000
1.90725803 -1.67145097 -0.57858598 1696.000000 22.000000 3579.000000 0.000000
1.90787804 -1.69277203 -0.58216602 755.000000 8.000000 3431.000000 0.000000
1.95388305 -1.75497603 -0.60078502 600.000000 8.000000 3841.000000 0.000000
1.95171106 -1.77475905 -0.60364997 1844.000000 30.000000 3693.000000 0.000000
1.94006896 -1.78604400 -0.60341102 2345.000000 42.000000 4205.000000 0.000000
1.92978501 -1.79857600 -0.60364997 2276.000000 40.000000 4768.000000 0.000000
1.91234696 -1.80439496 -0.60150099 1309.000000 19.000000 4429.000000 0.000000
1.96958005 -1.61339200 -0.64854902 107.000000 1.000000 1258.000000 0.000000
1.96112800 -1.62667894 -0.64907497 188.000000 1.000000 1577.000000 0.000000
1.92747903 -1.61881399 -0.64065802 674.000000 5.000000 1970.000000 0.000000
1.92412198 -1.63623905 -0.64302498 2135.000000 20.000000 2238.000000 0.000000
1.91331506 -1.64738405 -0.64276201 2425.000000 24.000000 2589.000000 0.000000
1.90971303 -1.66480196 -0.64512998 2269.000000 21.000000 2926.000000 0.000000
1.93488896 -1.70779002 -0.65801799 1867.000000 16.000000 2584.000000 0.000000
1.93516004 -1.72927904 -0.66196400 1871.000000 19.000000 2020.000000 0.000000
1.94310606 -1.75795901 -0.66880202 2045.000000 21.000000 2521.000000 0.000000
1.94152796 -1.77832401 -0.67222202 2747.000000 34.000000 3670.000000 0.000000
1.93199396 -1.79151702 -0.67274803 2836.000000 36.000000 4100.000000 0.000000
1.94486904 -1.82580101 -0.68169099 1127.000000 10.000000 3062.000000 0.000000
1.95761895 -1.66822696 -0.72056001 1559.000000 20.000000 3204.000000 0.000000
1.91465199 -1.65208602 -0.70770401 1827.000000 25.000000 3084.000000 0.000000
1.90592396 -1.66506195 -0.70827597 1902.000000 26.000000 3367.000000 0.000000
1.91723597 -1.69573903 -0.71684599 1609.000000 21.000000 3518.000000 0.000000
1.95255101 -1.74831295 -0.73513001 1370.000000 20.000000 3018.000000 0.000000
1.95031798 -1.76797199 -0.73855901 1944.000000 32.000000 3461.000000 0.000000
1.94014001 -1.78055203 -0.73884398 2423.000000 44.000000 4703.000000 0.000000
1.93058503 -1.79372597 -0.73941600 1851.000000 30.000000 4168.000000 0.000000
1.89717305 -1.78456104 -0.73027402 919.000000 13.000000 3013.000000 0.000000
1.83267105 -1.74536300 -0.70827597 230.000000 2.000000 2133.000000 0.000000
1.94865203 -1.66002405 -0.78720099 1910.000000 20.000000 2280.000000 0.000000
1.91755998 -1.65392900 -0.77821499 2455.000000 24.000000 2575.000000 0.000000
1.90665996 -1.66503799 -0.77790600 2560.000000 26.000000 3055.000000 0.000000
1.91349399 -1.69183004 -0.78534198 2099.000000 22.000000 3024.000000 0.000000
1.92290401 -1.72130501 -0.79401797 2069.000000 22.000000 2033.000000 0.000000
1.92991102 -1.74904299 -0.80176401 1745.000000 17.000000 1730.000000 0.000000
1.91774201 -1.75956500 -0.80114400 1712.000000 17.000000 2018.000000 0.000000
1.89576900 -1.76093996 -0.79618698 1963.000000 20.000000 2324.000000 0.000000
1.88838995 -1.77579796 -0.79773599 1684.000000 17.000000 2367.000000 0.000000
1.87745798 -1.78735101 -0.79773599 2469.000000 29.000000 3283.000000 0.000000
1.86645603 -1.79883802 -0.79773599 2441.000000 28.000000 3001.000000 0.000000
