-1.25836897 3.87960601 0.52704501 600.000000 6.000000 249.000000 3.000000
-1.02841902 3.88504696 0.13226600 354.000000 3.000000 287.000000 3.000000
-1.00905299 3.90871000 0.13269000 1440.000000 18.000000 145.000000 3.000000
-0.98261499 3.90513206 0.13245501 817.000000 9.000000 172.000000 3.000000
-0.96719098 3.94604611 0.13330300 1572.000000 20.000000 171.000000 3.000000
0.78899401 3.63633108 0.12524600 510.000000 5.000000 346.000000 3.000000
-1.22918797 3.78350592 -0.15160100 576.000000 9.000000 134.000000 3.000000
-1.21718800 3.82618499 -0.15337600 536.000000 8.000000 177.000000 3.000000
0.76393402 3.86442804 -0.14973000 760.000000 13.000000 345.000000 3.000000
0.73815697 3.85970902 -0.24565300 554.000000 6.000000 189.000000 3.000000
0.77732003 3.93337703 -0.25145599 1142.000000 13.000000 169.000000 3.000000
0.80044198 3.92364693 -0.25109401 748.000000 8.000000 208.000000 3.000000
0.68449599 3.84728909 -0.33617401 557.000000 9.000000 206.000000 3.000000
