-1.10229301 1.13217902 -0.42487299 1983.000000 13.000000 228.000000 0.000000
-1.08897805 1.14631402 -0.42515799 1707.000000 11.000000 176.000000 0.000000
-1.07666397 1.14739704 -0.42287299 1799.000000 11.000000 204.000000 0.000000
-1.07352304 1.15818906 -0.42458701 1674.000000 10.000000 124.000000 0.000000
-1.06964099 1.16828001 -0.42601499 1605.000000 10.000000 146.000000 0.000000
-1.01097405 1.18937302 -0.41915900 2059.000000 14.000000 136.000000 0.000000
-1.00242102 1.19408906 -0.41858801 1943.000000 13.000000 181.000000 0.000000
-1.10225201 1.12880301 -0.46712899 2579.000000 17.000000 225.000000 0.000000
-1.09530497 1.13554502 -0.46712899 2849.000000 20.000000 213.000000 0.000000
-1.09028196 1.14431095 -0.46805900 2622.000000 17.000000 184.000000 0.000000
-1.08389199 1.15167201 -0.46836901 2627.000000 17.000000 202.000000 0.000000
-1.07551098 1.15690804 -0.46774900 3019.000000 22.000000 187.000000 0.000000
-1.07802904 1.17399800 -0.47239700 3161.000000 24.000000 212.000000 0.000000
-1.06506205 1.17424703 -0.46960801 2457.000000 15.000000 142.000000 0.000000
-1.07304895 1.19776905 -0.47704399 2169.000000 13.000000 173.000000 0.000000
-0.97796899 1.42454195 -0.51608503 1939.000000 12.000000 151.000000 0.000000
-0.95003301 1.40216398 -0.50493097 1895.000000 11.000000 165.000000 0.000000
-0.93877202 1.40401304 -0.50338101 1937.000000 11.000000 148.000000 0.000000
-0.99708200 1.51138198 -0.54304200 1368.000000 7.000000 96.000000 0.000000
-1.00074196 1.53740203 -0.55078799 1210.000000 7.000000 80.000000 0.000000
-0.97178799 1.51309896 -0.53901398 1853.000000 11.000000 127.000000 0.000000
-0.96451902 1.52224696 -0.54025298 2477.000000 17.000000 174.000000 0.000000
-0.95666999 1.53055704 -0.54118299 2780.000000 20.000000 197.000000 0.000000
-1.04899096 1.18443799 -0.50922900 1337.000000 8.000000 156.000000 0.000000
-1.10434794 1.42985702 -0.58824402 2063.000000 16.000000 164.000000 0.000000
-1.09555304 1.43660605 -0.58824402 2552.000000 22.000000 169.000000 0.000000
-1.07647395 1.42975998 -0.58226800 2381.000000 20.000000 157.000000 0.000000
-1.07163298 1.44162798 -0.58459198 2041.000000 16.000000 154.000000 0.000000
-1.05437005 1.43678796 -0.57961202 1870.000000 14.000000 200.000000 0.000000
-0.98113799 1.35476601 -0.54110003 1653.000000 12.000000 170.000000 0.000000
-0.95299101 1.33318400 -0.52914900 1646.000000 12.000000 159.000000 0.000000
-0.97644502 1.38363099 -0.54840398 530.000000 3.000000 172.000000 0.000000
-1.08380306 1.57554603 -0.62542802 686.000000 5.000000 110.000000 0.000000
-0.99120402 1.46059597 -0.57363600 1579.000000 11.000000 109.000000 0.000000
-0.97432297 1.45491195 -0.56865603 1569.000000 11.000000 134.000000 0.000000
-0.91057998 1.37835801 -0.53379601 2699.000000 24.000000 196.000000 0.000000
-0.89693499 1.37602997 -0.53047699 2403.000000 20.000000 137.000000 0.000000
-0.90332901 1.40447903 -0.54010397 1279.000000 8.000000 137.000000 0.000000
-0.90230399 1.42192400 -0.54508400 1528.000000 11.000000 138.000000 0.000000
-0.95787501 1.52962005 -0.58758003 1726.000000 12.000000 135.000000 0.000000
-0.93205202 1.50902200 -0.57662398 1997.000000 15.000000 141.000000 0.000000
-0.87647098 1.43909597 -0.54541600 1832.000000 14.000000 157.000000 0.000000
-0.88176602 1.46786201 -0.55504400 1418.000000 10.000000 112.000000 0.000000
-0.87419099 1.47567594 -0.55603999 1512.000000 10.000000 136.000000 0.000000
-0.84887803 1.45335805 -0.54475200 1874.000000 14.000000 193.000000 0.000000
-1.03283799 1.18210900 -0.54966098 1564.000000 8.000000 166.000000 0.000000
-1.02373600 1.18630004 -0.54859298 627.000000 3.000000 126.000000 0.000000
-0.99201202 1.37204802 -0.59666502 2398.000000 16.000000 156.000000 0.000000
-0.94236398 1.32027102 -0.56960201 2188.000000 14.000000 175.000000 0.000000
-0.92564398 1.31379902 -0.56390500 2200.000000 13.000000 180.000000 0.000000
-0.93035400 1.33787704 -0.57245100 1546.000000 8.000000 168.000000 0.000000
-1.04993904 1.53011405 -0.65862298 794.000000 4.000000 134.000000 0.000000
-1.02953899 1.52027202 -0.65114599 882.000000 4.000000 122.000000 0.000000
-0.99996400 1.49624503 -0.63725799 1905.000000 12.000000 139.000000 0.000000
-0.98202902 1.48908401 -0.63120502 1765.000000 10.000000 121.000000 0.000000
-0.95810997 1.47235703 -0.62087798 2025.000000 12.000000 146.000000 0.000000
-0.91779500 1.42943096 -0.59880102 943.000000 4.000000 116.000000 0.000000
-0.95112401 1.52225006 -0.63547802 1071.000000 6.000000 126.000000 0.000000
-0.95645601 1.55193400 -0.64616001 2053.000000 13.000000 143.000000 0.000000
-0.94012803 1.54658902 -0.64117497 2596.000000 19.000000 149.000000 0.000000
-1.03117096 1.20255101 -0.59701800 1680.000000 11.000000 163.000000 0.000000
-0.92171800 1.25060105 -0.58455402 1337.000000 8.000000 130.000000 0.000000
-0.91894799 1.26295900 -0.58795297 2527.000000 19.000000 156.000000 0.000000
-0.90792900 1.26407003 -0.58568698 1964.000000 13.000000 179.000000 0.000000
-1.07217002 1.51087296 -0.70654500 529.000000 3.000000 193.000000 0.000000
-1.03580105 1.51813304 -0.70050198 1629.000000 14.000000 154.000000 0.000000
-1.01660800 1.50988901 -0.69332600 1297.000000 10.000000 79.000000 0.000000
-1.00064003 1.50608802 -0.68841600 1734.000000 15.000000 139.000000 0.000000
-0.99137998 1.51219904 -0.68841600 1578.000000 13.000000 121.000000 0.000000
-0.99570900 1.53921402 -0.69861299 1092.000000 8.000000 122.000000 0.000000
-0.93775499 1.46969402 -0.66197801 1644.000000 12.000000 164.000000 0.000000
-0.92228299 1.46524799 -0.65706903 635.000000 4.000000 131.000000 0.000000
-0.89263499 1.56291902 -0.68501699 2194.000000 21.000000 183.000000 0.000000
-0.89671201 1.59254003 -0.69634700 2491.000000 25.000000 163.000000 0.000000
-0.88151002 1.58831000 -0.69181502 1671.000000 14.000000 143.000000 0.000000
-0.88513398 1.61802804 -0.70314503 741.000000 5.000000 119.000000 0.000000
-1.01690996 1.20933104 -0.64319098 1698.000000 9.000000 175.000000 0.000000
-0.91291600 1.21598303 -0.61707503 1071.000000 5.000000 159.000000 0.000000
-0.91687500 1.23702097 -0.62551200 2084.000000 12.000000 131.000000 0.000000
-0.90818697 1.24114501 -0.62470800 909.000000 4.000000 136.000000 0.000000
-0.95204097 1.35281301 -0.67573601 1421.000000 8.000000 125.000000 0.000000
-0.92702502 1.33454895 -0.66287798 1899.000000 11.000000 153.000000 0.000000
-0.92502499 1.34928000 -0.66769999 1789.000000 10.000000 134.000000 0.000000
-0.93825501 1.38680303 -0.68457502 1010.000000 5.000000 144.000000 0.000000
-1.00539899 1.50607300 -0.74444097 1374.000000 8.000000 125.000000 0.000000
-0.99563497 1.51144803 -0.74404001 1292.000000 7.000000 164.000000 0.000000
-0.98634201 1.51752901 -0.74404001 1254.000000 7.000000 148.000000 0.000000
-0.98639399 1.53820598 -0.75167298 1313.000000 7.000000 167.000000 0.000000
-0.98329401 1.55429399 -0.75689697 1389.000000 8.000000 195.000000 0.000000
-0.92579800 1.48335302 -0.71711999 1660.000000 9.000000 177.000000 0.000000
-0.91332299 1.48354495 -0.71430701 1528.000000 8.000000 138.000000 0.000000
-0.92556298 1.52436101 -0.73238802 1204.000000 7.000000 148.000000 0.000000
-0.92652899 1.54730296 -0.74122697 694.000000 3.000000 129.000000 0.000000
-0.90287000 1.55063999 -0.73720902 1024.000000 5.000000 158.000000 0.000000
-0.88924098 1.54900002 -0.73359299 1725.000000 11.000000 173.000000 0.000000
-0.89413297 1.57993996 -0.74645001 2883.000000 23.000000 190.000000 0.000000
-0.88486701 1.58619702 -0.74685198 3393.000000 32.000000 236.000000 0.000000
-0.87467700 1.59079397 -0.74645001 2870.000000 23.000000 203.000000 0.000000
-0.86751401 1.60096300 -0.74886101 2107.000000 14.000000 176.000000 0.000000
-0.85681301 1.60464001 -0.74805701 1049.000000 6.000000 156.000000 0.000000
-1.03887999 1.25092101 -0.70823598 1893.000000 14.000000 175.000000 0.000000
-1.12987304 1.39427400 -0.78690100 916.000000 7.000000 146.000000 0.000000
-1.07867301 1.40008700 -0.77421302 1067.000000 8.000000 153.000000 0.000000
-0.96934998 1.27493799 -0.69681603 1275.000000 9.000000 183.000000 0.000000
-0.95332003 1.27001297 -0.69047201 809.000000 5.000000 111.000000 0.000000
-0.96716797 1.30490196 -0.70739001 727.000000 4.000000 161.000000 0.000000
-0.90544403 1.23782098 -0.66509598 1436.000000 9.000000 147.000000 0.000000
-0.98303199 1.36066401 -0.73276597 602.000000 3.000000 138.000000 0.000000
-0.99156100 1.39023602 -0.74629998 660.000000 4.000000 134.000000 0.000000
-1.06153202 1.50724399 -0.80974001 572.000000 4.000000 137.000000 0.000000
-1.08184195 1.55607295 -0.83384699 640.000000 4.000000 104.000000 0.000000
-0.99409199 1.44928396 -0.76956099 1059.000000 8.000000 147.000000 0.000000
-0.98314202 1.45236003 -0.76786900 1219.000000 10.000000 123.000000 0.000000
-0.99845999 1.49447501 -0.78816998 872.000000 6.000000 106.000000 0.000000
-0.98776901 1.49830699 -0.78690100 932.000000 7.000000 108.000000 0.000000
-0.97161502 1.49372196 -0.78097999 1329.000000 11.000000 141.000000 0.000000
-0.95850098 1.49356401 -0.77759701 997.000000 7.000000 149.000000 0.000000
-0.93958801 1.48412800 -0.76913798 1578.000000 13.000000 144.000000 0.000000
-0.94299197 1.50981796 -0.78013402 2013.000000 18.000000 135.000000 0.000000
-0.94420701 1.53252399 -0.78943902 1748.000000 15.000000 166.000000 0.000000
-0.91211098 1.50117099 -0.76913798 1549.000000 13.000000 143.000000 0.000000
-0.90615600 1.51217198 -0.77209902 803.000000 6.000000 247.000000 0.000000
-0.96582699 1.63377905 -0.83511603 694.000000 5.000000 326.000000 0.000000
-0.88936400 1.52630603 -0.77379000 787.000000 6.000000 136.000000 0.000000
-1.03272605 1.26146495 -0.76217902 1432.000000 8.000000 148.000000 0.000000
-1.00361300 1.24132097 -0.74520600 1699.000000 10.000000 144.000000 0.000000
-1.06909001 1.35619295 -0.81041902 1785.000000 11.000000 150.000000 0.000000
-0.99157500 1.27371299 -0.75413901 1904.000000 12.000000 182.000000 0.000000
-0.98319602 1.27906299 -0.75369298 1189.000000 6.000000 136.000000 0.000000
-1.10715997 1.45907998 -0.86267900 853.000000 4.000000 116.000000 0.000000
-1.07996595 1.44148600 -0.84749299 937.000000 5.000000 172.000000 0.000000
-1.07115495 1.46692097 -0.85508603 742.000000 4.000000 147.000000 0.000000
-1.07992995 1.53766704 -0.88635302 1288.000000 7.000000 131.000000 0.000000
-1.00395405 1.46731997 -0.83587903 1115.000000 6.000000 146.000000 0.000000
-0.97042602 1.43710005 -0.81399298 1915.000000 12.000000 159.000000 0.000000
-0.98339403 1.47580504 -0.83364600 2145.000000 15.000000 189.000000 0.000000
-0.97382897 1.48106301 -0.83319902 2342.000000 17.000000 202.000000 0.000000
-0.95499599 1.47199094 -0.82426602 1636.000000 10.000000 189.000000 0.000000
-0.94980001 1.48385501 -0.82783902 1763.000000 11.000000 165.000000 0.000000
-0.94210899 1.49192500 -0.82917899 1868.000000 12.000000 156.000000 0.000000
-0.93199199 1.49615800 -0.82828599 1748.000000 11.000000 193.000000 0.000000
-0.90595400 1.47439301 -0.81220597 1039.000000 6.000000 159.000000 0.000000
-0.97393900 1.24060595 -0.78168797 953.000000 6.000000 147.000000 0.000000
-1.10544395 1.42504096 -0.90135902 502.000000 3.000000 172.000000 0.000000
-1.05249798 1.40979302 -0.87798601 887.000000 7.000000 99.000000 0.000000
-1.06569695 1.48339903 -0.91351402 1014.000000 8.000000 145.000000 0.000000
-0.85863501 1.74420500 -0.97568703 1080.000000 10.000000 172.000000 0.000000
-1.00190103 1.25710106 -0.85197198 519.000000 2.000000 114.000000 0.000000
-0.99761403 1.28375804 -0.86227697 1065.000000 5.000000 425.000000 0.000000
-0.98601002 1.28501296 -0.85884202 1361.000000 7.000000 336.000000 0.000000
-0.95340502 1.25837696 -0.83577698 2076.000000 13.000000 175.000000 0.000000
-0.95139998 1.27188301 -0.84117502 1652.000000 10.000000 164.000000 0.000000
-0.94926500 1.28541100 -0.84657300 1482.000000 8.000000 191.000000 0.000000
-0.93879700 1.28768897 -0.84412003 1535.000000 9.000000 177.000000 0.000000
-0.93392801 1.29767096 -0.84706402 1019.000000 5.000000 180.000000 0.000000
-0.91793299 1.30903399 -0.84706402 1262.000000 7.000000 145.000000 0.000000
-0.92474103 1.33614802 -0.86178702 1446.000000 8.000000 155.000000 0.000000
-0.92290503 1.35115600 -0.86816603 996.000000 5.000000 183.000000 0.000000
-1.03570902 1.53679502 -0.99036402 925.000000 5.000000 168.000000 0.000000
-1.05118001 1.24817002 -0.91521001 1156.000000 8.000000 482.000000 0.000000
-1.02860999 1.23678899 -0.90142101 1105.000000 7.000000 201.000000 0.000000
-1.04563904 1.27290797 -0.92440200 895.000000 6.000000 207.000000 0.000000
-1.05139506 1.29595602 -0.93716902 873.000000 6.000000 164.000000 0.000000
-1.03479397 1.29166996 -0.92899799 589.000000 4.000000 194.000000 0.000000
-0.99703300 1.30916703 -0.92338097 240.000000 1.000000 195.000000 0.000000
-0.96824002 1.28782797 -0.90295303 389.000000 2.000000 132.000000 0.000000
-0.98089200 1.32130396 -0.92338097 1634.000000 12.000000 181.000000 0.000000
-0.98143798 1.33906305 -0.93206197 1803.000000 16.000000 197.000000 0.000000
-0.96662700 1.33602202 -0.92542303 1600.000000 12.000000 211.000000 0.000000
-0.95690697 1.33983302 -0.92389101 1576.000000 12.000000 182.000000 0.000000
-0.95016003 1.34778404 -0.92542303 918.000000 6.000000 143.000000 0.000000
-0.98130703 1.40994096 -0.96627897 732.000000 5.000000 245.000000 0.000000
-1.02957201 1.53833699 -1.04543602 890.000000 8.000000 184.000000 0.000000
-1.01821196 1.54175997 -1.04339302 939.000000 8.000000 202.000000 0.000000
-0.95549798 1.46670902 -0.98568499 1071.000000 8.000000 175.000000 0.000000
-1.07380402 1.43840098 -1.07814801 1348.000000 9.000000 200.000000 0.000000
-1.04514003 1.43641901 -1.06640196 1196.000000 7.000000 235.000000 0.000000
-0.96486300 1.34316802 -0.98898500 1552.000000 10.000000 178.000000 0.000000
-0.98591298 1.39047301 -1.02102005 988.000000 5.000000 304.000000 0.000000
-1.02239704 1.46095896 -1.07067394 1246.000000 7.000000 196.000000 0.000000
-1.00237405 1.45119405 -1.05839396 1116.000000 6.000000 155.000000 0.000000
-1.00248897 1.47059906 -1.06853795 1086.000000 6.000000 180.000000 0.000000
-0.99324203 1.49618196 -1.07868195 1180.000000 7.000000 165.000000 0.000000
-0.96553200 1.47394097 -1.05732596 1095.000000 6.000000 181.000000 0.000000
-0.91521400 1.41589296 -1.00927401 980.000000 5.000000 159.000000 0.000000
-0.89470398 1.40293598 -0.99539202 879.000000 5.000000 143.000000 0.000000
-0.89523101 1.44256306 -1.01674902 1073.000000 6.000000 224.000000 0.000000
-0.97379100 1.35157204 -1.05081499 1203.000000 10.000000 236.000000 0.000000
-0.96451098 1.35616696 -1.04970896 1213.000000 10.000000 190.000000 0.000000
-0.95424998 1.35933805 -1.04749501 1414.000000 12.000000 200.000000 0.000000
-0.94589102 1.36516702 -1.04749501 1411.000000 12.000000 228.000000 0.000000
-0.97101003 1.41966999 -1.08678603 777.000000 6.000000 255.000000 0.000000
-0.93782401 1.42688000 -1.07848501 872.000000 7.000000 175.000000 0.000000
-0.89041901 1.41085100 -1.05247605 948.000000 7.000000 174.000000 0.000000
-0.88926101 1.42828906 -1.06188297 806.000000 6.000000 200.000000 0.000000
-1.00739503 1.26891994 -1.08437097 1422.000000 9.000000 230.000000 0.000000
0.58368099 1.86818898 -0.43631899 1548.000000 13.000000 162.000000 0.000000
0.60569501 1.89789796 -0.44491199 261.000000 1.000000 153.000000 0.000000
0.66101599 1.73353100 -0.41125500 649.000000 4.000000 166.000000 0.000000
0.71199697 1.59586501 -0.38475901 2111.000000 16.000000 309.000000 0.000000
0.51930499 1.84029996 -0.47573799 1826.000000 11.000000 172.000000 0.000000
0.68276101 1.54517806 -0.41497701 1832.000000 11.000000 145.000000 0.000000
0.70490199 1.56911194 -0.42339399 2178.000000 14.000000 118.000000 0.000000
0.70929801 1.55335200 -0.41997501 2095.000000 13.000000 165.000000 0.000000
0.70620501 1.52185094 -0.41182101 2748.000000 20.000000 133.000000 0.000000
0.70151699 1.48783004 -0.40287799 3276.000000 26.000000 170.000000 0.000000
0.72065300 1.50437200 -0.40919101 3693.000000 35.000000 191.000000 0.000000
0.71591598 1.47130501 -0.40051100 3180.000000 24.000000 484.000000 0.000000
0.71629000 1.38476801 -0.37946799 628.000000 2.000000 125.000000 0.000000
0.72556901 1.34166002 -0.37026200 1401.000000 7.000000 150.000000 0.000000
0.49300101 1.91344702 -0.54286200 616.000000 4.000000 161.000000 0.000000
0.49926099 1.75687802 -0.49829501 1077.000000 7.000000 177.000000 0.000000
0.50392300 1.73260295 -0.49172401 1893.000000 14.000000 174.000000 0.000000
0.64508402 1.60898399 -0.47058299 1363.000000 9.000000 253.000000 0.000000
0.65276700 1.51863503 -0.44658500 502.000000 2.000000 205.000000 0.000000
0.69299102 1.58580196 -0.46972600 1726.000000 12.000000 334.000000 0.000000
0.70154703 1.57888997 -0.46886900 1857.000000 14.000000 386.000000 0.000000
0.72316599 1.50130701 -0.45058501 2626.000000 23.000000 603.000000 0.000000
0.73152602 1.49511695 -0.45001301 2617.000000 23.000000 642.000000 0.000000
0.50602800 1.87476504 -0.58580101 529.000000 2.000000 186.000000 0.000000
0.52214801 1.80213404 -0.56442100 1221.000000 7.000000 162.000000 0.000000
0.50204802 1.69408596 -0.52878898 1618.000000 9.000000 194.000000 0.000000
0.52017403 1.71644497 -0.53746402 948.000000 4.000000 126.000000 0.000000
0.56538302 1.82490504 -0.57557601 1438.000000 8.000000 179.000000 0.000000
0.71515399 1.82172298 -0.59075803 1254.000000 7.000000 250.000000 0.000000
0.66234100 1.65754294 -0.53467602 425.000000 2.000000 119.000000 0.000000
0.71133000 1.60597003 -0.52538002 1993.000000 12.000000 147.000000 0.000000
0.71295899 1.58337498 -0.51887399 2423.000000 16.000000 141.000000 0.000000
0.70561802 1.54180896 -0.50555003 1693.000000 10.000000 102.000000 0.000000
0.63393199 1.36336899 -0.44296101 2584.000000 17.000000 177.000000 0.000000
0.61990499 1.31219196 -0.42592001 3278.000000 26.000000 205.000000 0.000000
0.64855403 1.35120296 -0.44141200 2585.000000 17.000000 215.000000 0.000000
0.69398499 1.42322600 -0.46898800 2540.000000 16.000000 246.000000 0.000000
0.88448799 1.51860094 -0.52569002 1157.000000 6.000000 140.000000 0.000000
0.78698200 1.26100504 -0.43738401 1026.000000 5.000000 185.000000 0.000000
0.80386698 1.27060699 -0.44296101 1182.000000 6.000000 209.000000 0.000000
0.80702299 1.25845206 -0.44017300 889.000000 4.000000 229.000000 0.000000
0.53269303 1.84546900 -0.62841499 881.000000 6.000000 164.000000 0.000000
0.69492501 1.77551103 -0.62343597 561.000000 4.000000 345.000000 0.000000
0.73914802 1.85540700 -0.65530699 1133.000000 10.000000 252.000000 0.000000
0.73570597 1.81409299 -0.64136302 479.000000 3.000000 207.000000 0.000000
0.62200201 1.47937095 -0.51719701 1309.000000 8.000000 281.000000 0.000000
0.62885499 1.47031701 -0.51520503 1723.000000 11.000000 296.000000 0.000000
0.65881199 1.51492405 -0.53379601 1977.000000 15.000000 315.000000 0.000000
0.67454398 1.52553499 -0.53943998 1943.000000 15.000000 345.000000 0.000000
0.70158601 1.56098700 -0.55471200 1900.000000 14.000000 387.000000 0.000000
0.71816897 1.57211304 -0.56068802 1240.000000 8.000000 386.000000 0.000000
0.70330000 1.51457405 -0.54010397 1564.000000 11.000000 461.000000 0.000000
0.72619498 1.53926802 -0.55139202 1906.000000 14.000000 520.000000 0.000000
0.70925701 1.47942901 -0.52981299 1759.000000 13.000000 522.000000 0.000000
0.73568100 1.48754501 -0.53645200 1821.000000 14.000000 721.000000 0.000000
0.80899203 1.26215303 -0.48001301 550.000000 3.000000 686.000000 0.000000
0.49231201 1.77951002 -0.65506297 1223.000000 7.000000 151.000000 0.000000
0.51449698 1.41164005 -0.52402300 1512.000000 8.000000 145.000000 0.000000
0.53195500 1.43210006 -0.53363699 1428.000000 7.000000 214.000000 0.000000
0.53542799 1.41483104 -0.52793998 1025.000000 5.000000 127.000000 0.000000
0.54948902 1.42546499 -0.53363699 1199.000000 6.000000 123.000000 0.000000
0.56164700 1.43076205 -0.53719801 1315.000000 6.000000 144.000000 0.000000
0.56624502 1.41687906 -0.53292501 1137.000000 5.000000 147.000000 0.000000
0.57775098 1.42030001 -0.53577399 1263.000000 6.000000 187.000000 0.000000
0.64422202 1.47848403 -0.56604099 1477.000000 8.000000 155.000000 0.000000
0.70144498 1.58296597 -0.61126399 2235.000000 14.000000 192.000000 0.000000
0.70691597 1.56926298 -0.60734701 2048.000000 13.000000 136.000000 0.000000
0.72237700 1.57763600 -0.61268800 2350.000000 15.000000 153.000000 0.000000
0.70440102 1.51389003 -0.58776200 2212.000000 14.000000 174.000000 0.000000
0.57604802 1.21904004 -0.46526900 2321.000000 14.000000 228.000000 0.000000
0.67996800 1.41587996 -0.55001700 1817.000000 10.000000 157.000000 0.000000
0.71614099 1.46792698 -0.57387501 2266.000000 15.000000 147.000000 0.000000
0.70601898 1.42500496 -0.55749500 1636.000000 9.000000 156.000000 0.000000
0.71853501 1.42815602 -0.56070000 1677.000000 9.000000 158.000000 0.000000
0.77412301 1.51521802 -0.59986901 2065.000000 13.000000 189.000000 0.000000
0.78469801 1.51292801 -0.60093802 854.000000 4.000000 135.000000 0.000000
0.64791203 1.17814898 -0.46384501 1861.000000 11.000000 353.000000 0.000000
0.65421599 1.17252004 -0.46313199 1761.000000 10.000000 173.000000 0.000000
0.84400302 1.49033499 -0.60414201 1125.000000 6.000000 150.000000 0.000000
0.85173303 1.48269796 -0.60307401 932.000000 4.000000 138.000000 0.000000
0.87843198 1.48660898 -0.60948402 1172.000000 6.000000 130.000000 0.000000
0.88897997 1.48359394 -0.61055201 1059.000000 5.000000 154.000000 0.000000
0.76775301 1.24672794 -0.50942397 1295.000000 6.000000 186.000000 0.000000
0.77538902 1.24199402 -0.50942397 1308.000000 6.000000 183.000000 0.000000
0.78299499 1.23721302 -0.50942397 1363.000000 7.000000 212.000000 0.000000
0.79057097 1.23238504 -0.50942397 1339.000000 7.000000 241.000000 0.000000
0.52272701 1.66996503 -0.66462201 1259.000000 8.000000 180.000000 0.000000
0.56655598 1.77263904 -0.70994401 700.000000 5.000000 186.000000 0.000000
0.53890002 1.65021098 -0.65895700 1423.000000 10.000000 134.000000 0.000000
0.52837300 1.58445704 -0.63214201 1750.000000 13.000000 202.000000 0.000000
0.50405198 1.42245495 -0.56642598 1349.000000 8.000000 164.000000 0.000000
0.51277101 1.41933596 -0.56642598 633.000000 3.000000 169.000000 0.000000
0.53258502 1.44660497 -0.57964402 1609.000000 10.000000 146.000000 0.000000
0.52336901 1.39471197 -0.55849397 1399.000000 8.000000 214.000000 0.000000
0.57819599 1.51355398 -0.61174703 809.000000 5.000000 334.000000 0.000000
0.59614402 1.53243601 -0.62156701 1419.000000 10.000000 287.000000 0.000000
0.64416099 1.62698603 -0.66462201 1032.000000 7.000000 243.000000 0.000000
0.56569701 1.40207899 -0.56755900 1290.000000 7.000000 198.000000 0.000000
0.56835002 1.38400400 -0.56113797 1400.000000 8.000000 333.000000 0.000000
0.71471798 1.62763298 -0.67595202 984.000000 7.000000 332.000000 0.000000
0.71342701 1.59782600 -0.66462201 1485.000000 10.000000 386.000000 0.000000
0.72283697 1.59257400 -0.66424400 1433.000000 10.000000 424.000000 0.000000
0.70596999 1.53003097 -0.63818502 1281.000000 9.000000 530.000000 0.000000
0.71730000 1.52986801 -0.64007300 1842.000000 14.000000 544.000000 0.000000
0.72390002 1.51957905 -0.63742900 1897.000000 14.000000 584.000000 0.000000
0.73401302 1.51677799 -0.63818502 1982.000000 15.000000 638.000000 0.000000
0.74371302 1.51307702 -0.63856202 1952.000000 15.000000 735.000000 0.000000
0.85988098 1.04054296 -0.50146502 2075.000000 13.000000 253.000000 0.000000
0.85677701 1.02385604 -0.49542201 2333.000000 16.000000 218.000000 0.000000
0.86304301 1.01857996 -0.49542201 2356.000000 16.000000 231.000000 0.000000
0.87107903 1.01537895 -0.49655500 2314.000000 16.000000 247.000000 0.000000
0.45032099 1.28261101 -0.54636002 1598.000000 9.000000 219.000000 0.000000
0.45725399 1.27723801 -0.54515398 1856.000000 11.000000 190.000000 0.000000
0.50537598 1.38447905 -0.59658301 1408.000000 7.000000 162.000000 0.000000
0.54554898 1.46629095 -0.63635999 1548.000000 8.000000 174.000000 0.000000
0.56462002 1.48945200 -0.64881599 1242.000000 6.000000 183.000000 0.000000
0.55622900 1.44069803 -0.62752098 1528.000000 8.000000 185.000000 0.000000
0.54725999 1.39210606 -0.60622603 850.000000 4.000000 148.000000 0.000000
0.51623201 1.29013801 -0.55961901 419.000000 1.000000 155.000000 0.000000
0.52413899 1.28694606 -0.55961901 377.000000 1.000000 132.000000 0.000000
0.56224900 1.35642803 -0.59417301 1051.000000 5.000000 143.000000 0.000000
0.57448399 1.36223102 -0.59859198 1458.000000 7.000000 163.000000 0.000000
0.60236800 1.40410697 -0.62028903 642.000000 3.000000 164.000000 0.000000
0.71261299 1.63278794 -0.73158401 640.000000 3.000000 153.000000 0.000000
0.72001398 1.62252700 -0.72877198 1536.000000 9.000000 172.000000 0.000000
0.72995597 1.61807895 -0.72877198 1972.000000 13.000000 150.000000 0.000000
0.73490101 1.60275197 -0.72354800 1934.000000 12.000000 150.000000 0.000000
0.72821599 1.53817999 -0.69662899 706.000000 3.000000 300.000000 0.000000
0.73326701 1.52460897 -0.69220901 1486.000000 8.000000 126.000000 0.000000
0.73656899 1.50774395 -0.68618202 2030.000000 12.000000 160.000000 0.000000
0.75029099 1.51221597 -0.69060200 2577.000000 18.000000 209.000000 0.000000
0.76244402 1.51330602 -0.69341397 2850.000000 21.000000 203.000000 0.000000
0.76920903 1.50371003 -0.69100398 2609.000000 18.000000 207.000000 0.000000
0.78011203 1.50221097 -0.69261098 1924.000000 12.000000 143.000000 0.000000
0.80000597 1.51763999 -0.70265502 1236.000000 6.000000 130.000000 0.000000
0.82228202 1.53691494 -0.71470898 409.000000 2.000000 218.000000 0.000000
0.86110902 1.51866102 -0.71591401 1043.000000 5.000000 159.000000 0.000000
0.87635398 1.52366400 -0.72113800 921.000000 4.000000 152.000000 0.000000
0.79136699 1.26608801 -0.60502100 1132.000000 5.000000 229.000000 0.000000
0.78439599 1.23801601 -0.59296697 811.000000 4.000000 213.000000 0.000000
0.79346400 1.23548996 -0.59417301 1032.000000 5.000000 240.000000 0.000000
0.80153000 1.23136497 -0.59457397 806.000000 3.000000 275.000000 0.000000
0.84999901 1.00988996 -0.52908301 668.000000 3.000000 645.000000 0.000000
0.84725899 0.99421000 -0.52305597 981.000000 5.000000 702.000000 0.000000
0.85274500 0.98830003 -0.52265400 1042.000000 5.000000 562.000000 0.000000
0.86180902 0.98649400 -0.52466297 827.000000 4.000000 533.000000 0.000000
0.87149000 0.98529899 -0.52707398 565.000000 2.000000 562.000000 0.000000
0.56203198 1.85353601 -0.85330200 880.000000 8.000000 118.000000 0.000000
0.62320000 1.92743099 -0.89475000 226.000000 1.000000 167.000000 0.000000
0.56811398 1.71949601 -0.79451400 1056.000000 8.000000 194.000000 0.000000
0.57779199 1.71340001 -0.79324502 885.000000 6.000000 191.000000 0.000000
0.57775199 1.67895103 -0.77802002 1640.000000 14.000000 167.000000 0.000000
0.57790899 1.64628005 -0.76363999 1107.000000 8.000000 188.000000 0.000000
0.57171500 1.53675199 -0.71458000 888.000000 5.000000 186.000000 0.000000
0.57507199 1.51709998 -0.70654398 1065.000000 7.000000 257.000000 0.000000
0.59052998 1.52962005 -0.71458000 787.000000 5.000000 159.000000 0.000000
0.57059002 1.45083594 -0.67693800 890.000000 5.000000 292.000000 0.000000
0.56007701 1.39846301 -0.65240800 1165.000000 7.000000 226.000000 0.000000
0.55981499 1.37315905 -0.64141202 754.000000 4.000000 203.000000 0.000000
0.56616098 1.36467004 -0.63887399 912.000000 5.000000 241.000000 0.000000
0.57697397 1.36702096 -0.64183497 280.000000 1.000000 301.000000 0.000000
0.57611799 1.34177995 -0.63083798 815.000000 4.000000 332.000000 0.000000
0.55696303 1.27502704 -0.59869498 685.000000 3.000000 367.000000 0.000000
0.71492201 1.61240995 -0.77252197 900.000000 7.000000 404.000000 0.000000
0.72739500 1.61378205 -0.77548200 1387.000000 11.000000 464.000000 0.000000
0.72076303 1.57300103 -0.75687301 1187.000000 8.000000 584.000000 0.000000
0.58237797 1.24863803 -0.59235102 664.000000 3.000000 575.000000 0.000000
0.58540201 1.23520100 -0.58727598 674.000000 3.000000 602.000000 0.000000
0.74213898 1.51978302 -0.73868698 1121.000000 7.000000 687.000000 0.000000
0.82490200 1.24968195 -0.64817899 541.000000 3.000000 608.000000 0.000000
0.84258801 1.25968897 -0.65663701 573.000000 3.000000 521.000000 0.000000
0.82327902 0.97643602 -0.54540598 1941.000000 12.000000 286.000000 0.000000
0.82573903 0.96722001 -0.54286802 2208.000000 15.000000 220.000000 0.000000
0.83401901 0.96488500 -0.54456002 1226.000000 7.000000 157.000000 0.000000
0.57349497 1.84095597 -0.91091901 812.000000 4.000000 215.000000 0.000000
0.58858800 1.84933603 -0.91717303 728.000000 4.000000 564.000000 0.000000
0.61738598 1.89928305 -0.94531202 1502.000000 10.000000 423.000000 0.000000
0.57757998 1.67200994 -0.83141297 929.000000 5.000000 165.000000 0.000000
0.58872199 1.67096603 -0.83275300 1492.000000 9.000000 142.000000 0.000000
0.59259802 1.64964497 -0.82337302 979.000000 5.000000 125.000000 0.000000
0.59430403 1.59280598 -0.79701900 1014.000000 5.000000 315.000000 0.000000
0.59100401 1.55485201 -0.77870601 1017.000000 5.000000 134.000000 0.000000
0.52964097 1.36853099 -0.68088597 516.000000 2.000000 226.000000 0.000000
0.51205099 1.29952097 -0.64559901 2150.000000 13.000000 224.000000 0.000000
0.52068299 1.29801404 -0.64649302 2120.000000 13.000000 178.000000 0.000000
0.51711100 1.26664400 -0.63130599 1821.000000 10.000000 198.000000 0.000000
0.53313100 1.28326797 -0.64202601 1436.000000 7.000000 135.000000 0.000000
0.57800400 1.36729205 -0.68937302 1257.000000 6.000000 182.000000 0.000000
0.58638299 1.36371899 -0.68937302 1477.000000 8.000000 150.000000 0.000000
0.60012800 1.37238705 -0.69607300 1573.000000 8.000000 156.000000 0.000000
0.70287699 1.58033299 -0.81175900 1022.000000 5.000000 151.000000 0.000000
0.73693198 1.62977803 -0.84123898 1220.000000 7.000000 146.000000 0.000000
0.72408903 1.57565200 -0.81399298 1431.000000 8.000000 200.000000 0.000000
0.56536698 1.21138203 -0.61567301 1538.000000 8.000000 335.000000 0.000000
0.56164700 1.18445802 -0.60271901 1028.000000 5.000000 167.000000 0.000000
0.57279599 1.18904603 -0.60718602 1669.000000 9.000000 191.000000 0.000000
0.59111500 1.20799899 -0.61969298 1181.000000 6.000000 154.000000 0.000000
0.74853998 1.50545204 -0.78763902 2254.000000 15.000000 161.000000 0.000000
0.75655103 1.49843597 -0.78629899 2277.000000 15.000000 216.000000 0.000000
0.60875398 1.18815994 -0.61477900 1420.000000 7.000000 237.000000 0.000000
0.78232902 1.50331903 -0.79433900 1242.000000 7.000000 167.000000 0.000000
0.79530501 1.50560701 -0.79835898 1312.000000 7.000000 146.000000 0.000000
0.83035398 1.54877901 -0.82560599 541.000000 2.000000 248.000000 0.000000
0.62188500 1.14379597 -0.59825301 901.000000 4.000000 169.000000 0.000000
0.59901398 1.08593595 -0.56743300 1900.000000 11.000000 170.000000 0.000000
0.61573499 1.10018599 -0.57770598 1626.000000 9.000000 145.000000 0.000000
0.61229497 1.07850397 -0.56743300 1904.000000 11.000000 170.000000 0.000000
0.62829500 1.09099805 -0.57681298 1520.000000 8.000000 179.000000 0.000000
0.67792702 1.16046906 -0.61924601 480.000000 2.000000 299.000000 0.000000
0.89197898 1.50477302 -0.82158601 362.000000 1.000000 162.000000 0.000000
0.89888698 1.49543905 -0.81935298 393.000000 2.000000 181.000000 0.000000
0.81440097 1.26564002 -0.69964600 837.000000 4.000000 434.000000 0.000000
0.80893600 1.24039698 -0.68758601 1050.000000 5.000000 273.000000 0.000000
0.82937700 1.25480497 -0.69919902 893.000000 4.000000 327.000000 0.000000
0.84703201 1.26454997 -0.70813298 495.000000 2.000000 357.000000 0.000000
0.51278597 1.83305705 -0.95418298 193.000000 1.000000 186.000000 0.000000
0.49263400 1.71932495 -0.89341301 324.000000 2.000000 253.000000 0.000000
0.49355400 1.68316305 -0.87518102 872.000000 6.000000 146.000000 0.000000
0.50639200 1.68857598 -0.87985599 1270.000000 10.000000 142.000000 0.000000
0.51648599 1.68459105 -0.87938899 1198.000000 9.000000 153.000000 0.000000
0.55041498 1.75737000 -0.92146099 693.000000 5.000000 147.000000 0.000000
0.57188499 1.78766298 -0.94015902 906.000000 8.000000 176.000000 0.000000
0.63405299 1.90220106 -1.00794196 1090.000000 10.000000 254.000000 0.000000
0.60124099 1.69755602 -0.89995700 755.000000 5.000000 164.000000 0.000000
0.59106600 1.63641500 -0.86770201 626.000000 4.000000 249.000000 0.000000
0.59775901 1.62362397 -0.86255997 655.000000 5.000000 256.000000 0.000000
0.56884599 1.51554096 -0.80365902 1126.000000 7.000000 213.000000 0.000000
0.57217699 1.49631703 -0.79477698 1051.000000 7.000000 184.000000 0.000000
0.53738201 1.37898302 -0.73026699 1135.000000 7.000000 206.000000 0.000000
0.51087898 1.28681505 -0.67978001 1700.000000 11.000000 268.000000 0.000000
0.51876497 1.28365600 -0.67978001 1895.000000 13.000000 294.000000 0.000000
0.52629799 1.27962995 -0.67931300 1731.000000 11.000000 305.000000 0.000000
0.53481799 1.27801001 -0.68024802 1608.000000 10.000000 303.000000 0.000000
0.53989899 1.26818895 -0.67650801 1261.000000 7.000000 372.000000 0.000000
0.56754798 1.31115401 -0.70315301 740.000000 4.000000 351.000000 0.000000
0.69761097 1.58715403 -0.86443001 473.000000 3.000000 405.000000 0.000000
0.72311801 1.61839497 -0.88499802 870.000000 6.000000 418.000000 0.000000
0.73267102 1.61312199 -0.88453102 779.000000 6.000000 460.000000 0.000000
0.74476600 1.61341703 -0.88733500 1042.000000 8.000000 507.000000 0.000000
0.75129098 1.60160601 -0.88312799 803.000000 6.000000 585.000000 0.000000
0.49476001 1.69265199 -0.93981600 1285.000000 7.000000 303.000000 0.000000
0.50863999 1.70126796 -0.94668698 1216.000000 7.000000 231.000000 0.000000
0.54077500 1.76892400 -0.98840100 816.000000 5.000000 182.000000 0.000000
0.53911602 1.72566199 -0.96484500 1161.000000 6.000000 207.000000 0.000000
0.55898899 1.75136602 -0.98202097 857.000000 4.000000 182.000000 0.000000
0.58190399 1.78517199 -1.00410497 896.000000 5.000000 198.000000 0.000000
0.58071500 1.74520099 -0.98251200 628.000000 3.000000 212.000000 0.000000
0.62763500 1.84800601 -1.04581904 1018.000000 6.000000 272.000000 0.000000
0.62438399 1.80214298 -1.02078998 977.000000 6.000000 296.000000 0.000000
0.58673000 1.56845605 -0.88976002 747.000000 4.000000 163.000000 0.000000
0.58141702 1.52575803 -0.86620301 880.000000 4.000000 180.000000 0.000000
0.57370597 1.47831404 -0.83970302 462.000000 2.000000 114.000000 0.000000
0.59207302 1.49825704 -0.85393500 827.000000 4.000000 650.000000 0.000000
0.58300501 1.44934499 -0.82645297 1002.000000 5.000000 149.000000 0.000000
0.55979502 1.36755395 -0.77885002 1677.000000 9.000000 216.000000 0.000000
0.56951898 1.36731005 -0.78081298 1723.000000 10.000000 174.000000 0.000000
0.58335000 1.37662005 -0.78866500 573.000000 2.000000 180.000000 0.000000
0.58487302 1.35701895 -0.77885002 992.000000 5.000000 151.000000 0.000000
0.59073502 1.34782004 -0.77541399 1272.000000 6.000000 177.000000 0.000000
0.63631201 1.42769897 -0.82694298 1119.000000 6.000000 172.000000 0.000000
0.73080897 1.61257803 -0.94374198 1808.000000 12.000000 182.000000 0.000000
0.73995900 1.60648203 -0.94276100 1564.000000 10.000000 161.000000 0.000000
0.75202298 1.60664403 -0.94570500 1721.000000 11.000000 141.000000 0.000000
0.73937702 1.55480599 -0.91626000 1218.000000 7.000000 162.000000 0.000000
0.74017102 1.53220296 -0.90497297 946.000000 5.000000 156.000000 0.000000
0.74879003 1.52606905 -0.90399098 1535.000000 9.000000 194.000000 0.000000
0.74607301 1.49728000 -0.88877797 1804.000000 11.000000 160.000000 0.000000
0.76194400 1.50588500 -0.89712101 1891.000000 12.000000 159.000000 0.000000
0.77316397 1.50505495 -0.89957500 2110.000000 14.000000 231.000000 0.000000
0.78884000 1.51263797 -0.90742701 2399.000000 17.000000 226.000000 0.000000
0.79565698 1.50315106 -0.90448201 1932.000000 13.000000 204.000000 0.000000
0.66032499 1.22971594 -0.73271900 1666.000000 9.000000 229.000000 0.000000
0.58808303 1.07958996 -0.63898498 1806.000000 10.000000 182.000000 0.000000
0.60229802 1.08967900 -0.64781898 1456.000000 8.000000 173.000000 0.000000
0.60683799 1.08216500 -0.64536500 1335.000000 7.000000 177.000000 0.000000
0.61130798 1.07463706 -0.64291102 1834.000000 11.000000 177.000000 0.000000
0.62836200 1.08896697 -0.65468901 929.000000 4.000000 280.000000 0.000000
0.84887999 1.31663597 -0.82890600 579.000000 3.000000 641.000000 0.000000
0.82973802 1.26985204 -0.80093300 741.000000 3.000000 356.000000 0.000000
0.81535399 1.23134005 -0.77835900 926.000000 4.000000 375.000000 0.000000
0.82970101 1.23643696 -0.78522903 246.000000 1.000000 306.000000 0.000000
0.55719203 1.80216002 -1.06637502 840.000000 7.000000 151.000000 0.000000
0.56823999 1.79870701 -1.06637502 862.000000 8.000000 161.000000 0.000000
0.60967100 1.89017200 -1.12561500 695.000000 7.000000 180.000000 0.000000
0.63161099 1.80479503 -1.08169603 1083.000000 10.000000 182.000000 0.000000
0.60531801 1.63149905 -0.97955698 346.000000 2.000000 213.000000 0.000000
0.58089203 1.53598499 -0.92133802 1048.000000 7.000000 238.000000 0.000000
0.57281101 1.48661399 -0.89222801 973.000000 6.000000 227.000000 0.000000
0.57818002 1.47345698 -0.88609999 752.000000 5.000000 297.000000 0.000000
0.59317899 1.38460505 -0.84064800 814.000000 5.000000 546.000000 0.000000
0.60371000 1.38567400 -0.84371299 695.000000 4.000000 379.000000 0.000000
0.61116302 1.37958300 -0.84218001 725.000000 4.000000 388.000000 0.000000
0.62102002 1.37894595 -0.84422302 771.000000 5.000000 429.000000 0.000000
0.71409798 1.56141305 -0.96576798 1009.000000 8.000000 485.000000 0.000000
0.71033102 1.52812004 -0.94687301 925.000000 7.000000 539.000000 0.000000
0.69960999 1.48092306 -0.91878402 688.000000 4.000000 570.000000 0.000000
0.78008002 1.62639105 -1.01734805 474.000000 3.000000 638.000000 0.000000
0.78428102 1.22214997 -0.80847502 407.000000 2.000000 815.000000 0.000000
0.80109698 1.23175704 -0.81868899 459.000000 2.000000 625.000000 0.000000
0.82700902 1.25487006 -0.83860600 540.000000 3.000000 546.000000 0.000000
0.84657902 1.26768100 -0.85137302 605.000000 4.000000 524.000000 0.000000
0.84906399 1.25461495 -0.84575498 489.000000 3.000000 446.000000 0.000000
0.56030297 1.78790402 -1.12780201 934.000000 5.000000 228.000000 0.000000
0.57436401 1.79409301 -1.13420904 658.000000 3.000000 201.000000 0.000000
0.58694100 1.79535604 -1.13741195 772.000000 4.000000 207.000000 0.000000
0.63491899 1.69252002 -1.08615696 916.000000 5.000000 176.000000 0.000000
0.56836802 1.46088803 -0.93452698 501.000000 2.000000 116.000000 0.000000
0.57857001 1.46051598 -0.93666202 293.000000 1.000000 172.000000 0.000000
0.59195799 1.46791303 -0.94413698 556.000000 2.000000 246.000000 0.000000
0.61066401 1.41337395 -0.91690803 1056.000000 5.000000 242.000000 0.000000
0.60535002 1.37787402 -0.89501703 762.000000 4.000000 254.000000 0.000000
0.61483002 1.37644899 -0.89661902 602.000000 3.000000 155.000000 0.000000
0.66390002 1.46192002 -0.95855200 979.000000 5.000000 142.000000 0.000000
0.73853701 1.59978700 -1.05732596 1210.000000 7.000000 212.000000 0.000000
0.75409502 1.60746896 -1.06586802 1143.000000 6.000000 152.000000 0.000000
0.76248598 1.59976006 -1.06373298 1098.000000 6.000000 158.000000 0.000000
0.78726298 1.57638001 -1.05732596 859.000000 5.000000 178.000000 0.000000
0.77776903 1.53382897 -1.03062999 1103.000000 6.000000 192.000000 0.000000
0.77669901 1.50873899 -1.01621497 1544.000000 9.000000 165.000000 0.000000
0.78711897 1.50619197 -1.01781595 1568.000000 10.000000 187.000000 0.000000
0.61578399 1.16161704 -0.77488798 921.000000 4.000000 314.000000 0.000000
0.59279400 1.10200298 -0.73484403 1270.000000 7.000000 211.000000 0.000000
0.59304899 1.08647704 -0.72630203 1501.000000 8.000000 179.000000 0.000000
0.59847200 1.08060002 -0.72469997 1597.000000 9.000000 191.000000 0.000000
0.60467702 1.07617104 -0.72416598 1574.000000 9.000000 184.000000 0.000000
0.61252701 1.07464302 -0.72576803 582.000000 2.000000 209.000000 0.000000
0.78484899 1.21523404 -0.85817701 835.000000 4.000000 308.000000 0.000000
0.80852300 1.23514104 -0.87686402 693.000000 3.000000 303.000000 0.000000
0.57927501 1.44134402 -0.97610700 421.000000 2.000000 294.000000 0.000000
0.65667802 1.60679400 -1.09730005 659.000000 5.000000 348.000000 0.000000
0.61375701 1.37790501 -0.94622397 647.000000 4.000000 479.000000 0.000000
0.62220001 1.37411296 -0.94622397 526.000000 3.000000 498.000000 0.000000
0.63477099 1.37936199 -0.95286500 587.000000 3.000000 512.000000 0.000000
0.76628298 1.64063501 -1.14710498 544.000000 5.000000 556.000000 0.000000
0.79817498 1.25532901 -0.93238902 694.000000 4.000000 614.000000 0.000000
0.79238999 1.22936404 -0.91578799 551.000000 3.000000 597.000000 0.000000
0.61797202 1.52772605 -1.10395503 929.000000 5.000000 265.000000 0.000000
0.60238701 1.46345496 -1.05787504 791.000000 4.000000 226.000000 0.000000
0.69588703 1.55316103 -1.14197099 1206.000000 7.000000 247.000000 0.000000
0.62020200 1.36220896 -0.99739403 992.000000 5.000000 207.000000 0.000000
0.62338901 1.34725499 -0.98875397 1240.000000 7.000000 219.000000 0.000000
0.64907098 1.38037598 -1.01755404 791.000000 4.000000 205.000000 0.000000
0.73132199 1.53045499 -1.13793898 999.000000 6.000000 210.000000 0.000000
0.59489000 1.13627398 -0.84648103 1009.000000 5.000000 214.000000 0.000000
0.58955002 1.10951698 -0.82804900 1367.000000 7.000000 255.000000 0.000000
0.62006599 1.14974105 -0.86318499 680.000000 3.000000 238.000000 0.000000
0.79895198 1.45908999 -1.11489904 1038.000000 6.000000 231.000000 0.000000
0.64724898 1.16561401 -0.88219303 1237.000000 6.000000 198.000000 0.000000
0.60936600 1.08190298 -0.81768101 1763.000000 10.000000 269.000000 0.000000
0.63509101 1.11148000 -0.84475303 1168.000000 6.000000 243.000000 0.000000
0.81558001 1.22665906 -0.98069000 697.000000 3.000000 361.000000 0.000000
0.66622502 1.49128103 -1.15106702 605.000000 4.000000 481.000000 0.000000
0.63044697 1.38750899 -1.07015204 453.000000 3.000000 514.000000 0.000000
0.64028800 1.38653803 -1.07253206 320.000000 2.000000 488.000000 0.000000
0.63996398 1.36363804 -1.05706298 540.000000 3.000000 608.000000 0.000000
0.65656698 1.37712300 -1.07134199 320.000000 2.000000 574.000000 0.000000
0.81356698 1.20907700 -1.02076995 529.000000 3.000000 415.000000 0.000000
0.62101901 1.33674598 -1.09671497 689.000000 3.000000 195.000000 0.000000
0.64065403 1.35709095 -1.11769903 130.000000 1.000000 180.000000 0.000000
0.60956001 1.15988004 -0.96834302 446.000000 2.000000 239.000000 0.000000
0.59143102 1.10893798 -0.92637497 1288.000000 7.000000 258.000000 0.000000
0.60385400 1.11566103 -0.93563300 1510.000000 8.000000 217.000000 0.000000
0.63650000 1.15880096 -0.97760099 763.000000 4.000000 227.000000 0.000000
0.67116302 1.20871699 -1.07750201 413.000000 2.000000 628.000000 0.000000
0.66833502 1.24860799 -1.17278600 857.000000 4.000000 253.000000 0.000000
0.64209598 1.18225706 -1.11101794 878.000000 5.000000 212.000000 0.000000
0.62979198 1.20374298 -1.17840099 297.000000 2.000000 574.000000 0.000000
2.67858291 1.61390805 -0.41189200 154.000000 2.000000 294.000000 0.000000
2.76991701 1.53295302 -0.41749501 593.000000 8.000000 404.000000 0.000000
2.70666790 1.26732302 -0.39177901 456.000000 6.000000 311.000000 0.000000
2.70092010 1.24446201 -0.38962400 794.000000 11.000000 220.000000 0.000000
2.69589400 1.22212899 -0.38761199 418.000000 5.000000 220.000000 0.000000
2.79364991 1.65555501 -0.51167798 648.000000 6.000000 250.000000 0.000000
2.80159211 1.52383900 -0.50174701 486.000000 4.000000 326.000000 0.000000
2.83174610 1.51778805 -0.50578701 469.000000 4.000000 262.000000 0.000000
2.68291998 1.29303503 -0.46572801 228.000000 2.000000 429.000000 0.000000
2.70483899 1.26293099 -0.46690601 506.000000 4.000000 244.000000 0.000000
2.74658108 1.26193404 -0.47330201 252.000000 2.000000 224.000000 0.000000
2.76415491 1.24951994 -0.47515300 215.000000 2.000000 198.000000 0.000000
2.70841408 1.59070802 -0.56939399 565.000000 8.000000 371.000000 0.000000
2.71184707 1.29357004 -0.54277599 406.000000 5.000000 292.000000 0.000000
2.71440601 1.27439594 -0.54162699 564.000000 8.000000 249.000000 0.000000
2.71326900 1.25358903 -0.53971201 376.000000 5.000000 261.000000 0.000000
2.72320294 1.31184697 -0.62372500 240.000000 2.000000 319.000000 0.000000
2.73737788 1.29803896 -0.62523597 394.000000 3.000000 244.000000 0.000000
2.73998094 1.27874303 -0.62394100 572.000000 5.000000 277.000000 0.000000
2.78553700 1.11720896 -0.61897898 362.000000 3.000000 277.000000 0.000000
2.77507496 1.09330297 -0.61487901 675.000000 6.000000 313.000000 0.000000
2.67021608 1.70872295 -0.73445898 211.000000 3.000000 341.000000 0.000000
2.66259909 1.68087900 -0.72920698 603.000000 9.000000 390.000000 0.000000
2.68472195 1.60404897 -0.72395599 435.000000 6.000000 413.000000 0.000000
2.76563811 1.32402003 -0.70891798 574.000000 8.000000 340.000000 0.000000
2.79653597 1.31781805 -0.71512401 488.000000 7.000000 345.000000 0.000000
2.67304707 1.71880805 -0.82083398 2157.000000 29.000000 205.000000 0.000000
2.68028307 1.70030797 -0.81978202 1863.000000 23.000000 154.000000 0.000000
2.68657494 1.68127298 -0.81846702 750.000000 8.000000 143.000000 0.000000
2.72868705 1.61581695 -0.81899297 910.000000 10.000000 158.000000 0.000000
2.73438311 1.59661305 -0.81767797 456.000000 4.000000 232.000000 0.000000
2.74647307 1.34327698 -0.78795600 314.000000 2.000000 418.000000 0.000000
2.72771096 1.31343496 -0.77980202 561.000000 5.000000 277.000000 0.000000
2.75490189 1.30575597 -0.78558803 335.000000 3.000000 328.000000 0.000000
2.66731191 1.73595095 -0.90254402 352.000000 5.000000 417.000000 0.000000
2.73444510 1.61688697 -0.90082997 764.000000 12.000000 505.000000 0.000000
2.74431491 1.60007906 -0.90082997 479.000000 7.000000 602.000000 0.000000
2.73754406 1.33652496 -0.86197603 650.000000 10.000000 314.000000 0.000000
2.67605901 1.71747303 -0.98922098 888.000000 9.000000 127.000000 0.000000
2.66083407 1.68475604 -0.97930598 1703.000000 21.000000 165.000000 0.000000
2.69159007 1.61308706 -0.97558802 796.000000 8.000000 191.000000 0.000000
2.77021098 1.63714695 -1.00161505 1146.000000 13.000000 166.000000 0.000000
2.78415298 1.57698202 -0.99572802 849.000000 9.000000 219.000000 0.000000
2.72721100 1.35172200 -0.94491303 550.000000 5.000000 248.000000 0.000000
2.74143600 1.33787894 -0.94708198 486.000000 4.000000 278.000000 0.000000
2.64101696 1.68003702 -1.05403495 481.000000 7.000000 437.000000 0.000000
2.69482207 1.64542603 -1.06366301 433.000000 6.000000 552.000000 0.000000
2.71468592 1.35247600 -1.01983905 554.000000 8.000000 440.000000 0.000000
2.75522304 1.40735805 -1.13043702 629.000000 6.000000 207.000000 0.000000
2.76046610 1.38874698 -1.12901294 743.000000 8.000000 186.000000 0.000000
2.90878892 -1.59798598 -0.85923702 44.000000 1.000000 153.000000 0.000000
2.93684292 -1.63695598 -0.87107301 546.000000 5.000000 146.000000 0.000000
2.92926192 -1.65637100 -0.87186301 770.000000 8.000000 161.000000 0.000000
2.86967802 -1.64597201 -0.85634398 1561.000000 19.000000 139.000000 0.000000
2.83617997 -1.64995599 -0.84897900 2080.000000 27.000000 237.000000 0.000000
2.82351089 -1.66585600 -0.84819001 1899.000000 24.000000 190.000000 0.000000
2.86107993 -1.64320600 -0.93739802 724.000000 12.000000 182.000000 0.000000
2.81033897 -1.63714397 -0.92339897 1305.000000 23.000000 247.000000 0.000000
2.80106711 -1.65484405 -0.92368501 1422.000000 26.000000 298.000000 0.000000
2.80895901 -1.68281198 -0.92997003 1415.000000 26.000000 208.000000 0.000000
2.68901801 -1.72531497 -0.90625799 1221.000000 21.000000 221.000000 0.000000
2.67436099 -1.73917496 -0.90482903 1514.000000 28.000000 244.000000 0.000000
2.58435702 -1.70344198 -0.87654603 1346.000000 22.000000 223.000000 0.000000
2.80719900 -1.61333299 -1.00812197 1541.000000 18.000000 214.000000 0.000000
2.83502293 -1.65256906 -1.02237499 2236.000000 31.000000 209.000000 0.000000
2.81582904 -1.66460705 -1.01896596 2177.000000 29.000000 212.000000 0.000000
2.84714103 -1.70680201 -1.03476906 1875.000000 25.000000 178.000000 0.000000
2.94302201 -1.78897798 -1.07535899 961.000000 11.000000 182.000000 0.000000
2.81644201 -1.78379595 -1.03941596 835.000000 9.000000 567.000000 0.000000
2.62146902 -1.68282998 -0.96815199 1747.000000 22.000000 235.000000 0.000000
2.69793701 -1.75544095 -1.00192499 1968.000000 25.000000 197.000000 0.000000
2.69028902 -1.77405703 -1.00316405 1113.000000 12.000000 205.000000 0.000000
2.98592091 -1.70715404 -1.16293001 768.000000 13.000000 254.000000 0.000000
2.86270499 -1.66027403 -1.11711395 1316.000000 24.000000 186.000000 0.000000
2.85002303 -1.67637706 -1.11611795 1633.000000 32.000000 181.000000 0.000000
2.82103705 -1.68274200 -1.10848200 1383.000000 26.000000 194.000000 0.000000
2.81954408 -1.70537806 -1.11213398 877.000000 15.000000 214.000000 0.000000
2.93697810 -1.80089605 -1.16492200 650.000000 11.000000 239.000000 0.000000
2.75218105 -1.75834703 -1.10184205 880.000000 15.000000 257.000000 0.000000
2.63595009 -1.70713997 -1.05768704 1127.000000 19.000000 287.000000 0.000000
2.64673495 -1.73722994 -1.06665099 922.000000 15.000000 210.000000 0.000000
2.69812608 -1.79463005 -1.09287906 353.000000 5.000000 402.000000 0.000000
2.92890906 -1.66018999 -1.23441398 1289.000000 15.000000 170.000000 0.000000
2.87655210 -1.65389299 -1.21589804 1670.000000 21.000000 160.000000 0.000000
2.86392903 -1.67009795 -1.21482897 2194.000000 31.000000 191.000000 0.000000
2.84960699 -1.68526006 -1.21304905 2059.000000 29.000000 160.000000 0.000000
2.83761001 -1.70175099 -1.21233702 1615.000000 21.000000 189.000000 0.000000
2.92609501 -1.77937400 -1.25649095 973.000000 11.000000 213.000000 0.000000
2.89205790 -1.83243203 -1.25613499 1249.000000 15.000000 189.000000 0.000000
2.71804500 -1.74555004 -1.18242502 1750.000000 23.000000 158.000000 0.000000
2.66265512 -1.73311901 -1.16212904 1451.000000 17.000000 214.000000 0.000000
2.58412790 -1.70462894 -1.13114905 939.000000 10.000000 197.000000 0.000000
2.70265794 -1.76448500 -1.26739800 975.000000 17.000000 207.000000 0.000000
2.69873595 -1.78562498 -1.27079701 984.000000 17.000000 209.000000 0.000000
1.03428805 -1.72484398 -0.88798302 1020.000000 9.000000 238.000000 0.000000
1.00887299 -1.70622897 -0.87444901 1470.000000 14.000000 268.000000 0.000000
1.00067604 -1.71629596 -0.87656301 2003.000000 22.000000 280.000000 0.000000
0.98287398 -1.70984900 -0.86979699 1818.000000 19.000000 286.000000 0.000000
0.97415698 -1.71899796 -0.87148798 1741.000000 18.000000 260.000000 0.000000
0.95693702 -1.71308994 -0.86514401 1018.000000 9.000000 253.000000 0.000000
0.94114298 -1.70941496 -0.86006898 366.000000 3.000000 250.000000 0.000000
0.92152500 -1.69845200 -0.85118699 158.000000 1.000000 231.000000 0.000000
1.06359804 -1.73141205 -0.96273202 909.000000 5.000000 596.000000 0.000000
1.04554498 -1.72565699 -0.95558602 1660.000000 11.000000 249.000000 0.000000
1.02439404 -1.71436799 -0.94531202 2094.000000 15.000000 176.000000 0.000000
1.01249397 -1.71830797 -0.94397300 2115.000000 15.000000 216.000000 0.000000
1.00327897 -1.72680998 -0.94531202 2350.000000 18.000000 263.000000 0.000000
0.98911101 -1.72671998 -0.94173902 2019.000000 14.000000 256.000000 0.000000
0.97937602 -1.73431504 -0.94263202 1529.000000 10.000000 214.000000 0.000000
0.96741199 -1.73794603 -0.94129300 1489.000000 9.000000 197.000000 0.000000
0.95673001 -1.74384904 -0.94129300 1449.000000 9.000000 245.000000 0.000000
0.94728702 -1.75204897 -0.94263202 1345.000000 8.000000 283.000000 0.000000
1.05970299 -1.75403094 -1.03131497 883.000000 9.000000 301.000000 0.000000
1.03302896 -1.73395395 -1.01495397 1121.000000 10.000000 222.000000 0.000000
1.01562905 -1.72884095 -1.00794196 1323.000000 13.000000 282.000000 0.000000
1.00633597 -1.73733199 -1.00934398 1544.000000 15.000000 280.000000 0.000000
0.99609703 -1.74424100 -1.00981200 1594.000000 16.000000 315.000000 0.000000
0.97841102 -1.73800898 -1.00233197 1246.000000 12.000000 323.000000 0.000000
0.95222700 -1.71618605 -0.98550302 757.000000 6.000000 377.000000 0.000000
0.97361702 -1.78009796 -1.02056396 1035.000000 9.000000 260.000000 0.000000
0.97362399 -1.80624795 -1.03271794 623.000000 6.000000 319.000000 0.000000
0.95294797 -1.79425097 -1.02196598 306.000000 2.000000 215.000000 0.000000
1.09432006 -1.78495002 -1.12581098 1103.000000 7.000000 252.000000 0.000000
1.05002296 -1.73643506 -1.08949494 1456.000000 11.000000 227.000000 0.000000
1.03756499 -1.73985100 -1.08753300 1472.000000 11.000000 449.000000 0.000000
1.02157700 -1.73716795 -1.08164299 860.000000 5.000000 504.000000 0.000000
1.00958896 -1.74114096 -1.08017099 1882.000000 15.000000 242.000000 0.000000
0.99759102 -1.74503303 -1.07869899 1680.000000 13.000000 238.000000 0.000000
0.98515499 -1.74808395 -1.07673597 1292.000000 8.000000 644.000000 0.000000
1.11112905 -1.82385397 -1.21447599 639.000000 6.000000 373.000000 0.000000
1.05859601 -1.76218402 -1.16698098 938.000000 10.000000 253.000000 0.000000
1.04688394 -1.76716900 -1.16595995 1031.000000 11.000000 285.000000 0.000000
1.03079796 -1.76466203 -1.15983200 1139.000000 12.000000 308.000000 0.000000
1.02339602 -1.77690601 -1.16391695 1288.000000 14.000000 282.000000 0.000000
1.01290095 -1.78389895 -1.16442800 1184.000000 13.000000 315.000000 0.000000
0.99224102 -1.77284598 -1.15268195 870.000000 9.000000 311.000000 0.000000
0.98426199 -1.78416395 -1.15625703 947.000000 10.000000 310.000000 0.000000
0.98649001 -1.81431198 -1.17259896 721.000000 7.000000 307.000000 0.000000
0.96229398 -1.79610801 -1.15625703 483.000000 4.000000 324.000000 0.000000
0.98148102 -1.85893798 -1.19455898 405.000000 4.000000 282.000000 0.000000
1.07123494 -2.05845189 -1.32427502 590.000000 8.000000 315.000000 0.000000
0.91844201 -1.79287899 -1.14246798 856.000000 9.000000 435.000000 0.000000
1.14768505 -1.85013199 -1.31947505 726.000000 5.000000 250.000000 0.000000
1.13498902 -1.85497403 -1.31787395 807.000000 6.000000 492.000000 0.000000
1.04807305 -1.78581905 -1.25220299 969.000000 6.000000 266.000000 0.000000
1.04259503 -1.80173504 -1.25914395 1539.000000 11.000000 242.000000 0.000000
1.01938403 -1.78679097 -1.24365997 1319.000000 9.000000 252.000000 0.000000
1.00633097 -1.78932595 -1.24099100 1057.000000 7.000000 213.000000 0.000000
1.00229394 -1.80804396 -1.25006700 819.000000 5.000000 243.000000 0.000000
1.00859106 -1.84607804 -1.27302504 739.000000 5.000000 228.000000 0.000000
1.04968798 -1.94979596 -1.34296799 920.000000 7.000000 166.000000 0.000000
1.06287599 -1.80221605 -1.33415198 860.000000 10.000000 355.000000 0.000000
1.05053699 -1.80654597 -1.33249199 807.000000 10.000000 394.000000 0.000000
1.04151106 -1.81656694 -1.33525896 994.000000 12.000000 351.000000 0.000000
1.02828896 -1.81930196 -1.33249199 899.000000 11.000000 330.000000 0.000000
1.01710606 -1.82557702 -1.33249199 851.000000 10.000000 397.000000 0.000000
1.00347102 -1.82740796 -1.32917094 723.000000 8.000000 394.000000 0.000000
-0.91527301 -1.99804902 -0.78895098 1833.000000 14.000000 258.000000 0.000000
-0.92672598 -1.99070203 -0.78823900 2234.000000 18.000000 191.000000 0.000000
-0.94212401 -1.99173403 -0.79108697 1948.000000 15.000000 232.000000 0.000000
-0.95554298 -1.98844194 -0.79215598 1943.000000 15.000000 230.000000 0.000000
-0.78592300 -1.95223796 -0.80927300 1501.000000 15.000000 259.000000 0.000000
-0.79893500 -1.94995201 -0.81040603 2267.000000 26.000000 292.000000 0.000000
-0.80556500 -1.93218303 -0.80474102 2534.000000 31.000000 249.000000 0.000000
-0.82172400 -1.93744099 -0.80927300 2343.000000 27.000000 257.000000 0.000000
-0.83104098 -1.92640603 -0.80663002 1837.000000 19.000000 286.000000 0.000000
-0.84099400 -1.91702700 -0.80474102 1018.000000 9.000000 258.000000 0.000000
-0.88539797 -1.92142403 -0.81380498 1196.000000 11.000000 266.000000 0.000000
-0.92454302 -1.97470701 -0.84024298 1375.000000 15.000000 236.000000 0.000000
-0.93347299 -1.96230197 -0.83722198 1484.000000 16.000000 236.000000 0.000000
-0.92302299 -1.90980697 -0.81607199 1393.000000 13.000000 225.000000 0.000000
-0.74062300 -1.95254600 -0.86618298 1416.000000 9.000000 275.000000 0.000000
-0.74895298 -1.93857098 -0.86176300 2177.000000 16.000000 287.000000 0.000000
-0.75982600 -1.93138301 -0.86055797 2539.000000 20.000000 299.000000 0.000000
-0.77166301 -1.92668402 -0.86055797 2260.000000 17.000000 283.000000 0.000000
-0.78693300 -1.93039095 -0.86457598 1974.000000 14.000000 232.000000 0.000000
-0.79454499 -1.91537905 -0.85975403 2221.000000 16.000000 317.000000 0.000000
-0.81733799 -1.93661404 -0.87221003 1566.000000 10.000000 282.000000 0.000000
-0.90233898 -1.99941599 -0.91238898 713.000000 4.000000 264.000000 0.000000
-0.84806699 -1.84905505 -0.84247798 1161.000000 7.000000 245.000000 0.000000
-0.83653897 -1.79486203 -0.81877202 1058.000000 6.000000 226.000000 0.000000
-0.91543901 -1.93282700 -0.88828099 1178.000000 8.000000 249.000000 0.000000
-0.94397902 -1.96182001 -0.90515602 1153.000000 8.000000 236.000000 0.000000
-1.00015295 -1.89659500 -0.89069200 148.000000 1.000000 184.000000 0.000000
-1.02042401 -1.90656495 -0.89872801 184.000000 1.000000 195.000000 0.000000
-0.73392999 -1.93948197 -0.91716498 507.000000 4.000000 251.000000 0.000000
-0.74160200 -1.92394197 -0.91166699 1186.000000 11.000000 281.000000 0.000000
-0.75503999 -1.92357600 -0.91378200 2070.000000 23.000000 320.000000 0.000000
-0.76682901 -1.91890705 -0.91378200 2110.000000 23.000000 264.000000 0.000000
-0.78300500 -1.92508698 -0.91927999 1812.000000 19.000000 276.000000 0.000000
-0.80928600 -1.95544100 -0.93704301 1202.000000 13.000000 258.000000 0.000000
-0.88741797 -2.10841298 -1.01697803 558.000000 6.000000 238.000000 0.000000
-0.90779603 -2.12043500 -1.02585900 421.000000 4.000000 226.000000 0.000000
-0.86006099 -1.87896895 -0.91378200 1111.000000 10.000000 316.000000 0.000000
-0.89098102 -1.91559899 -0.93535101 997.000000 10.000000 251.000000 0.000000
-0.93741900 -1.98389900 -0.97341502 694.000000 7.000000 235.000000 0.000000
-0.94176197 -1.96175694 -0.96495700 1073.000000 11.000000 264.000000 0.000000
-0.97039700 -1.99018204 -0.98272002 412.000000 4.000000 203.000000 0.000000
-0.65754998 -1.98120403 -0.99042600 695.000000 4.000000 259.000000 0.000000
-0.67390800 -1.95015895 -0.97836602 654.000000 4.000000 260.000000 0.000000
-0.69271398 -1.96539104 -0.98863900 834.000000 5.000000 316.000000 0.000000
-0.70748901 -1.96867895 -0.99265897 962.000000 6.000000 260.000000 0.000000
-0.70907301 -1.93574405 -0.97747201 1551.000000 11.000000 286.000000 0.000000
-0.71247399 -1.90873098 -0.96541202 2116.000000 15.000000 329.000000 0.000000
-0.72449100 -1.90515995 -0.96585900 2222.000000 17.000000 292.000000 0.000000
-0.73616701 -1.90067899 -0.96585900 2165.000000 16.000000 326.000000 0.000000
-0.75307697 -1.90943897 -0.97300601 1680.000000 11.000000 309.000000 0.000000
-0.77446300 -1.92885399 -0.98595899 1066.000000 7.000000 285.000000 0.000000
-0.87308401 -2.09924889 -1.08333194 1107.000000 8.000000 550.000000 0.000000
-0.80487400 -1.77972806 -0.92342597 1139.000000 7.000000 259.000000 0.000000
-0.90447599 -1.96735799 -1.02928603 1147.000000 8.000000 278.000000 0.000000
-0.91653001 -1.96177101 -1.02928603 1129.000000 8.000000 225.000000 0.000000
-0.91663998 -1.93106198 -1.01543903 688.000000 4.000000 273.000000 0.000000
-0.94053501 -1.95037603 -1.02928603 1344.000000 9.000000 301.000000 0.000000
-0.93396300 -1.90681601 -1.00829196 1898.000000 15.000000 276.000000 0.000000
-0.94524699 -1.90024900 -1.00784600 1799.000000 14.000000 296.000000 0.000000
-0.95648497 -1.89361501 -1.00739896 1809.000000 14.000000 340.000000 0.000000
-0.96849400 -1.88850605 -1.00784600 514.000000 3.000000 219.000000 0.000000
-0.60134703 -2.00803399 -1.05609095 754.000000 7.000000 688.000000 0.000000
-0.60800201 -1.98569906 -1.04580700 692.000000 7.000000 385.000000 0.000000
-0.62536699 -1.91530597 -1.01308405 1034.000000 9.000000 371.000000 0.000000
-0.67892599 -1.91856396 -1.02383602 552.000000 4.000000 242.000000 0.000000
-0.66503501 -1.84279501 -0.98363400 725.000000 6.000000 250.000000 0.000000
-0.69847399 -1.89929402 -1.01775897 1077.000000 10.000000 260.000000 0.000000
-0.70826399 -1.89000106 -1.01495397 1710.000000 18.000000 310.000000 0.000000
-0.72831303 -1.90793705 -1.02757502 1874.000000 23.000000 269.000000 0.000000
-0.73650199 -1.89436102 -1.02243400 1394.000000 14.000000 266.000000 0.000000
-0.74875897 -1.89145195 -1.02336800 1062.000000 10.000000 273.000000 0.000000
-0.77711302 -1.92867398 -1.04720902 548.000000 5.000000 238.000000 0.000000
-0.79360503 -1.93533003 -1.05375397 763.000000 7.000000 229.000000 0.000000
-0.80648100 -1.93287396 -1.05515599 851.000000 8.000000 276.000000 0.000000
-0.81729501 -1.92544603 -1.05375397 848.000000 8.000000 264.000000 0.000000
-0.83188301 -1.92689300 -1.05749297 633.000000 6.000000 319.000000 0.000000
-0.78696102 -1.76221502 -0.96820700 823.000000 7.000000 232.000000 0.000000
-0.85921103 -1.89352703 -1.04720902 826.000000 8.000000 241.000000 0.000000
-0.87707800 -1.90188003 -1.05515599 1172.000000 12.000000 269.000000 0.000000
-0.88910502 -1.89726305 -1.05562401 1142.000000 12.000000 255.000000 0.000000
-0.89959502 -1.88937497 -1.05422103 1289.000000 14.000000 286.000000 0.000000
-0.90388799 -1.86868501 -1.04533899 744.000000 7.000000 214.000000 0.000000
-0.92321497 -1.85032499 -1.04113197 763.000000 7.000000 227.000000 0.000000
-0.93455100 -1.84462595 -1.04113197 600.000000 6.000000 240.000000 0.000000
-0.58177698 -1.98947001 -1.11403298 1218.000000 8.000000 318.000000 0.000000
-0.62525398 -2.09018707 -1.17537701 971.000000 7.000000 310.000000 0.000000
-0.60384899 -1.97468400 -1.10961604 1135.000000 8.000000 371.000000 0.000000
-0.63444698 -2.02997494 -1.14445996 819.000000 5.000000 375.000000 0.000000
-0.64184499 -2.01027703 -1.13513505 786.000000 5.000000 555.000000 0.000000
-0.65841001 -1.86316204 -1.05955994 1731.000000 12.000000 297.000000 0.000000
-0.67042202 -1.86072600 -1.06054103 1703.000000 11.000000 365.000000 0.000000
-0.67339998 -1.83368194 -1.04680002 2112.000000 16.000000 374.000000 0.000000
-0.69412303 -1.85480595 -1.06201303 1613.000000 11.000000 358.000000 0.000000
-0.71668601 -1.87981296 -1.07967997 1796.000000 14.000000 317.000000 0.000000
-0.72441500 -1.86563599 -1.07379103 1505.000000 10.000000 306.000000 0.000000
-0.75606698 -1.91218901 -1.10470903 698.000000 4.000000 442.000000 0.000000
-0.81787503 -1.86471701 -1.09342098 1086.000000 7.000000 347.000000 0.000000
-0.85382497 -1.91455400 -1.12728298 1209.000000 8.000000 290.000000 0.000000
-0.88429201 -1.95053196 -1.15280199 1631.000000 12.000000 330.000000 0.000000
-0.90391099 -1.96168303 -1.16310799 1943.000000 16.000000 289.000000 0.000000
-0.90150100 -1.92533398 -1.14396906 1566.000000 12.000000 301.000000 0.000000
-0.88031298 -1.85055006 -1.10078299 1507.000000 11.000000 330.000000 0.000000
-0.88329899 -1.82786095 -1.08998597 1462.000000 11.000000 283.000000 0.000000
-0.88142598 -1.79582202 -1.07330096 1707.000000 12.000000 316.000000 0.000000
-0.90488398 -1.81532395 -1.08900499 1071.000000 7.000000 253.000000 0.000000
-0.61052102 -2.06626797 -1.22571099 726.000000 8.000000 396.000000 0.000000
-0.61602497 -2.03860092 -1.21090102 570.000000 5.000000 442.000000 0.000000
-0.60911399 -1.97149003 -1.17157698 951.000000 10.000000 358.000000 0.000000
-0.61965698 -1.96279299 -1.16851294 926.000000 10.000000 326.000000 0.000000
-0.62618399 -1.94175804 -1.15778899 752.000000 7.000000 359.000000 0.000000
-0.63862097 -1.93951404 -1.15881002 595.000000 6.000000 349.000000 0.000000
-0.64123797 -1.79683399 -1.07914197 1016.000000 9.000000 252.000000 0.000000
-0.66714698 -1.83410501 -1.10518706 1273.000000 12.000000 305.000000 0.000000
-0.67541802 -1.82190895 -1.10008001 1296.000000 13.000000 334.000000 0.000000
-0.68477201 -1.81290102 -1.09701598 1176.000000 11.000000 268.000000 0.000000
-0.66887498 -1.73799002 -1.05207503 1368.000000 13.000000 321.000000 0.000000
-0.68202102 -1.74026299 -1.05616105 765.000000 7.000000 317.000000 0.000000
-0.71159899 -1.69206202 -1.03624403 839.000000 7.000000 381.000000 0.000000
-0.70683599 -1.65205598 -1.01326299 1428.000000 12.000000 267.000000 0.000000
-0.71696001 -1.64768803 -1.01326299 1329.000000 11.000000 288.000000 0.000000
-0.72705603 -1.64325798 -1.01326299 1365.000000 11.000000 282.000000 0.000000
-0.76974702 -1.71176600 -1.06075704 973.000000 9.000000 247.000000 0.000000
-0.88904399 -1.94654405 -1.21702898 785.000000 8.000000 311.000000 0.000000
-0.91106099 -1.96290898 -1.23132896 1009.000000 12.000000 260.000000 0.000000
-0.92418402 -1.95961702 -1.23286104 979.000000 12.000000 227.000000 0.000000
-0.91436499 -1.90811896 -1.20272994 662.000000 6.000000 292.000000 0.000000
-0.60797697 -2.02622104 -1.28050005 798.000000 6.000000 323.000000 0.000000
-0.61840999 -2.01598597 -1.27622902 961.000000 6.000000 284.000000 0.000000
-0.62671298 -1.99924695 -1.26768601 961.000000 6.000000 310.000000 0.000000
-0.65085500 -2.03239799 -1.29224598 1144.000000 9.000000 343.000000 0.000000
-0.65620297 -2.00667191 -1.27783000 773.000000 5.000000 376.000000 0.000000
-0.66742998 -1.99940097 -1.27569497 619.000000 4.000000 309.000000 0.000000
-0.65154701 -1.91284800 -1.22070205 992.000000 7.000000 315.000000 0.000000
-0.65965599 -1.89843404 -1.21376097 1298.000000 9.000000 335.000000 0.000000
-0.67157602 -1.89514697 -1.21429503 1392.000000 10.000000 318.000000 0.000000
-0.66994900 -1.85441995 -1.18973505 1603.000000 12.000000 330.000000 0.000000
-0.68307102 -1.85503304 -1.19293904 1470.000000 11.000000 333.000000 0.000000
-0.70069098 -1.86742699 -1.20415103 1176.000000 8.000000 319.000000 0.000000
-0.71939498 -1.88204300 -1.21696496 861.000000 6.000000 304.000000 0.000000
-0.79146701 -2.03277493 -1.32214499 640.000000 4.000000 369.000000 0.000000
-0.68006802 -1.68583500 -1.09256399 564.000000 3.000000 412.000000 0.000000
-0.75915498 -1.81697297 -1.18813396 776.000000 5.000000 393.000000 0.000000
-0.73483801 -1.72904301 -1.13100505 786.000000 4.000000 372.000000 0.000000
-0.76963198 -1.78036499 -1.16944695 1013.000000 6.000000 347.000000 0.000000
-0.86392599 -1.90133905 -1.26341498 1271.000000 9.000000 322.000000 0.000000
-0.89190698 -1.93130302 -1.28797495 1109.000000 9.000000 303.000000 0.000000
-0.63063401 -1.86354101 -1.25114298 645.000000 6.000000 309.000000 0.000000
-0.65501797 -1.89745700 -1.27770603 833.000000 9.000000 257.000000 0.000000
-0.66170102 -1.87924898 -1.26774502 1061.000000 11.000000 275.000000 0.000000
-0.67881298 -1.89084494 -1.27881300 1299.000000 15.000000 362.000000 0.000000
-0.68983299 -1.88507903 -1.27770603 1286.000000 14.000000 286.000000 0.000000
-0.69357598 -1.85972202 -1.26276398 1041.000000 11.000000 271.000000 0.000000
-0.71967798 -1.89439499 -1.29043400 876.000000 9.000000 295.000000 0.000000
-0.75349998 -1.87850595 -1.28877401 578.000000 6.000000 287.000000 0.000000
-0.75687200 -1.85378003 -1.27438605 614.000000 6.000000 277.000000 0.000000
-0.74118000 -1.75296795 -1.20853198 707.000000 6.000000 317.000000 0.000000
-0.81082797 -1.88625598 -1.30814195 972.000000 10.000000 324.000000 0.000000
-0.75765598 -1.73228204 -1.20023096 943.000000 9.000000 354.000000 0.000000
-0.78602397 -1.73880994 -1.21185195 676.000000 6.000000 358.000000 0.000000
-0.85410702 -1.85972798 -1.30371499 753.000000 8.000000 252.000000 0.000000
-0.84096003 -1.80156505 -1.26497805 706.000000 7.000000 321.000000 0.000000
-0.60860401 -1.71224499 -1.22318804 904.000000 5.000000 326.000000 0.000000
-0.64617300 -1.78300500 -1.27906001 982.000000 7.000000 358.000000 0.000000
-0.67867100 -1.83726799 -1.32283700 1115.000000 8.000000 350.000000 0.000000
-0.68185300 -1.81165302 -1.30670798 947.000000 6.000000 326.000000 0.000000
-0.69970000 -1.82498598 -1.31995702 896.000000 6.000000 313.000000 0.000000
