-1.90147996 1.06376600 1.32005203 4.000000 1.000000 151.000000 3.000000
-1.89641404 1.07625902 1.32107496 4.000000 1.000000 154.000000 3.000000
-1.88828301 1.08702004 1.32005203 4.000000 1.000000 147.000000 3.000000
-1.93205404 1.07525206 1.26883399 1053.000000 8.000000 211.000000 3.000000
-1.91783702 1.08279800 1.26392496 1480.000000 12.000000 162.000000 3.000000
-1.89528596 1.08544195 1.25361598 1285.000000 10.000000 140.000000 3.000000
-1.90139198 1.10449898 1.26196098 1526.000000 13.000000 187.000000 3.000000
-1.88407505 1.10994697 1.25508797 1347.000000 11.000000 164.000000 3.000000
-1.87872398 1.12238097 1.25607002 1375.000000 11.000000 188.000000 3.000000
-1.89563704 1.14834797 1.27177894 258.000000 1.000000 178.000000 3.000000
-1.93844199 1.07840002 1.19898903 89.000000 1.000000 124.000000 3.000000
-1.92023206 1.08378100 1.19196796 584.000000 5.000000 136.000000 3.000000
-1.90893996 1.09291697 1.18915904 376.000000 3.000000 135.000000 3.000000
-1.89990306 1.10328305 1.18775499 770.000000 8.000000 164.000000 3.000000
-1.89995801 1.11894202 1.19196796 663.000000 6.000000 154.000000 3.000000
-1.89229703 1.13012695 1.19149995 669.000000 6.000000 164.000000 3.000000
-1.88759696 1.14308596 1.19290400 679.000000 8.000000 180.000000 3.000000
-1.92285097 1.08257496 1.12584198 896.000000 6.000000 126.000000 3.000000
-1.91306603 1.09257603 1.12405598 807.000000 5.000000 131.000000 3.000000
-1.90013397 1.10070097 1.12048399 1071.000000 7.000000 149.000000 3.000000
-1.89951396 1.11597002 1.12405598 826.000000 5.000000 158.000000 3.000000
-1.89339900 1.12806201 1.12450194 1216.000000 8.000000 138.000000 3.000000
-1.89026999 1.14197505 1.12673497 1344.000000 9.000000 165.000000 3.000000
-1.90076900 1.16431296 1.13700497 213.000000 1.000000 138.000000 3.000000
-1.89207006 1.17500901 1.13611197 6.000000 1.000000 107.000000 3.000000
-1.87195694 1.17848396 1.12852097 3.000000 1.000000 113.000000 3.000000
-1.92698705 1.09458899 1.06190801 824.000000 8.000000 123.000000 3.000000
-1.91001999 1.10053205 1.05640101 987.000000 10.000000 160.000000 3.000000
-1.90166497 1.11132002 1.05555403 1104.000000 11.000000 155.000000 3.000000
-1.89480996 1.12296700 1.05555403 1009.000000 10.000000 130.000000 3.000000
-1.89021599 1.13596797 1.05682504 1085.000000 11.000000 133.000000 3.000000
-1.89172900 1.15271401 1.06148398 857.000000 8.000000 130.000000 3.000000
-1.89696598 1.17189395 1.06826103 84.000000 1.000000 110.000000 3.000000
-1.92772806 1.09831905 0.99886203 889.000000 6.000000 165.000000 3.000000
-1.90747702 1.10232699 0.99203700 447.000000 2.000000 117.000000 3.000000
-1.90383697 1.11586499 0.99364299 1452.000000 10.000000 163.000000 3.000000
-1.89695406 1.12752604 0.99364299 1469.000000 10.000000 160.000000 3.000000
-1.88999999 1.13914394 0.99364299 1438.000000 10.000000 151.000000 3.000000
-1.89547396 1.15836895 1.00006604 1232.000000 8.000000 192.000000 3.000000
-1.91543698 1.07909095 0.92532402 15.000000 1.000000 115.000000 3.000000
-1.93452704 1.10547400 0.93742502 525.000000 5.000000 102.000000 3.000000
-1.90766299 1.10575402 0.92797101 390.000000 3.000000 120.000000 3.000000
-1.89764702 1.11556804 0.92645800 673.000000 6.000000 112.000000 3.000000
-1.90031803 1.13286102 0.93099600 1227.000000 13.000000 153.000000 3.000000
-1.89650404 1.14640999 0.93250901 1293.000000 14.000000 147.000000 3.000000
-1.88864398 1.15754199 0.93213099 1235.000000 13.000000 202.000000 3.000000
-1.92324901 1.10968602 0.87312102 939.000000 6.000000 179.000000 3.000000
-1.89543998 1.10917997 0.86387199 724.000000 4.000000 130.000000 3.000000
-1.89341903 1.12365401 0.86600602 1676.000000 12.000000 164.000000 3.000000
-1.88969004 1.13717997 0.86742902 2106.000000 17.000000 199.000000 3.000000
-1.88427198 1.14972901 0.86814100 2306.000000 19.000000 210.000000 3.000000
-1.88750994 1.16766703 0.87276602 1697.000000 12.000000 143.000000 3.000000
-1.87477005 1.17574704 0.87027502 45.000000 1.000000 108.000000 3.000000
-1.91901600 1.10235500 0.80810601 703.000000 7.000000 114.000000 3.000000
-1.92037404 1.11884201 0.81142801 1851.000000 22.000000 140.000000 3.000000
-1.90940797 1.12821305 0.80976701 2536.000000 35.000000 149.000000 3.000000
-1.89596999 1.13604105 0.80710900 2870.000000 43.000000 180.000000 3.000000
-1.89864695 1.15351200 0.81109500 2606.000000 36.000000 185.000000 3.000000
-1.89957404 1.17007303 0.81441700 1694.000000 19.000000 151.000000 3.000000
-1.88915503 1.17971396 0.81308800 257.000000 2.000000 128.000000 3.000000
-1.89348400 1.13943803 0.68857902 2840.000000 41.000000 212.000000 3.000000
-1.89956105 1.15899801 0.69314700 3063.000000 48.000000 217.000000 3.000000
-1.87609506 1.16057801 0.68743700 2695.000000 38.000000 248.000000 3.000000
-1.89231205 1.16703403 0.63529098 2845.000000 27.000000 188.000000 3.000000
-1.89084101 1.18220794 0.63712698 2151.000000 17.000000 157.000000 3.000000
-1.93164003 1.13386297 0.58217102 974.000000 10.000000 203.000000 3.000000
-1.89791596 1.12984598 0.57453299 2004.000000 21.000000 189.000000 3.000000
-1.89427698 1.14347196 0.57548797 2416.000000 28.000000 149.000000 3.000000
-1.88888299 1.15608394 0.57596499 2769.000000 35.000000 177.000000 3.000000
-1.86605895 1.15795195 0.57143003 2156.000000 24.000000 384.000000 3.000000
-1.86303306 1.17195797 0.57262301 2086.000000 22.000000 163.000000 3.000000
-1.92273903 1.13570499 0.52402699 2252.000000 16.000000 330.000000 3.000000
-1.89153302 1.16475296 0.52144599 3830.000000 44.000000 249.000000 3.000000
-1.88186598 1.17478395 0.52080101 3246.000000 30.000000 211.000000 3.000000
-1.89442098 1.19885504 0.52596301 2011.000000 14.000000 163.000000 3.000000
-1.92261302 1.14763105 0.46941501 2008.000000 21.000000 205.000000 3.000000
-1.90881097 1.15535200 0.46788400 2535.000000 30.000000 167.000000 3.000000
-1.90084803 1.16653097 0.46769300 3040.000000 41.000000 208.000000 3.000000
-1.89532399 1.17920601 0.46807501 2711.000000 33.000000 181.000000 3.000000
-1.88722098 1.19029105 0.46788400 2537.000000 30.000000 236.000000 3.000000
-1.88816094 1.20712101 0.46979699 1356.000000 13.000000 173.000000 3.000000
-1.92819500 1.15405202 0.41528901 719.000000 4.000000 119.000000 3.000000
-1.89917302 1.15254998 0.41093501 853.000000 4.000000 120.000000 3.000000
-1.89458299 1.16573203 0.41143700 1878.000000 12.000000 157.000000 3.000000
-1.89073896 1.17942500 0.41210699 2573.000000 20.000000 196.000000 3.000000
-1.89512801 1.19838703 0.41445199 2804.000000 23.000000 180.000000 3.000000
-1.89188802 1.21265602 0.41528901 1130.000000 6.000000 208.000000 3.000000
-1.93070602 1.15424705 0.36085099 1285.000000 12.000000 174.000000 3.000000
-1.91850400 1.16300297 0.35998899 1134.000000 10.000000 141.000000 3.000000
-1.91048801 1.17423606 0.35984501 2102.000000 22.000000 146.000000 3.000000
-1.89736104 1.18228304 0.35883901 2793.000000 35.000000 201.000000 3.000000
-1.89844704 1.19917297 0.36027601 2440.000000 28.000000 195.000000 3.000000
-1.88688195 1.20813894 0.35955799 1543.000000 15.000000 177.000000 3.000000
-1.88358796 1.22238004 0.36027601 188.000000 1.000000 99.000000 3.000000
-1.92291903 1.16607201 0.30627200 774.000000 4.000000 119.000000 3.000000
-1.90304697 1.17004204 0.30447501 2644.000000 21.000000 174.000000 3.000000
-1.90846503 1.18958199 0.30627200 3903.000000 46.000000 239.000000 3.000000
-1.89861298 1.19967699 0.30591199 3166.000000 29.000000 200.000000 3.000000
-1.88620198 1.20808899 0.30519399 2725.000000 22.000000 166.000000 3.000000
-1.90289295 1.23532999 0.30866799 517.000000 2.000000 119.000000 3.000000
-1.94377303 1.16339302 0.25413200 1025.000000 9.000000 222.000000 3.000000
-1.90508103 1.15624404 0.25057900 575.000000 4.000000 218.000000 3.000000
-1.91407394 1.17779505 0.25240299 1693.000000 17.000000 202.000000 3.000000
-1.89074802 1.17953503 0.25057900 2599.000000 31.000000 246.000000 3.000000
-1.89610803 1.19907296 0.25201899 2346.000000 26.000000 233.000000 3.000000
-1.89123201 1.21229196 0.25230700 1810.000000 18.000000 172.000000 3.000000
-1.88542902 1.22495496 0.25249901 340.000000 2.000000 159.000000 3.000000
-1.94959605 1.16505098 0.19944800 1566.000000 10.000000 223.000000 3.000000
-1.93985295 1.17543995 0.19923300 759.000000 4.000000 122.000000 3.000000
-1.90032101 1.16746104 0.19650900 468.000000 2.000000 124.000000 3.000000
-1.89735305 1.18173802 0.19686700 1706.000000 11.000000 141.000000 3.000000
-1.89765406 1.19815505 0.19751300 2535.000000 19.000000 173.000000 3.000000
-1.89194703 1.21085203 0.19765601 2215.000000 16.000000 190.000000 3.000000
-1.88782704 1.22461200 0.19794300 949.000000 5.000000 129.000000 3.000000
-1.93205905 1.15731299 0.14508501 1544.000000 14.000000 315.000000 3.000000
-1.92577600 1.16966403 0.14513300 1280.000000 11.000000 245.000000 3.000000
-1.91004896 1.17623496 0.14465301 590.000000 4.000000 183.000000 3.000000
-1.90703702 1.19057000 0.14489301 1371.000000 12.000000 257.000000 3.000000
-1.89378095 1.19851995 0.14455700 1733.000000 17.000000 223.000000 3.000000
-1.89228296 1.21388304 0.14489301 1388.000000 13.000000 273.000000 3.000000
-1.88563704 1.22601402 0.14494100 632.000000 5.000000 189.000000 3.000000
-1.92802000 1.16826105 0.09068300 2031.000000 14.000000 186.000000 3.000000
-1.92251897 1.18111598 0.09073100 529.000000 2.000000 104.000000 3.000000
-1.89572501 1.18072295 0.09018900 849.000000 4.000000 112.000000 3.000000
-1.89013505 1.19340098 0.09023600 1791.000000 12.000000 156.000000 3.000000
-1.88698494 1.20767295 0.09035400 2325.000000 17.000000 159.000000 3.000000
-1.88708496 1.22413003 0.09056600 2850.000000 24.000000 166.000000 3.000000
-1.89206398 1.24393106 0.09091900 1056.000000 6.000000 133.000000 3.000000
-1.95107305 1.18496895 0.03819500 315.000000 2.000000 254.000000 3.000000
-1.90796494 1.17495704 0.03819500 785.000000 7.000000 237.000000 3.000000
-1.91430700 1.19509101 0.03819500 1600.000000 16.000000 247.000000 3.000000
-1.89001906 1.19614899 0.03819500 1974.000000 21.000000 245.000000 3.000000
-1.89022803 1.21256900 0.03819500 1461.000000 14.000000 189.000000 3.000000
-1.88275194 1.22414505 0.03819500 987.000000 9.000000 200.000000 3.000000
-1.87854898 1.23786902 0.03819500 352.000000 2.000000 152.000000 3.000000
-1.91672206 1.17709506 -0.01611500 1298.000000 8.000000 170.000000 3.000000
-1.90522099 1.18618906 -0.01599300 1381.000000 8.000000 150.000000 3.000000
-1.90382302 1.20159495 -0.01616400 2003.000000 14.000000 142.000000 3.000000
-1.89388895 1.21163702 -0.01609000 2527.000000 19.000000 166.000000 3.000000
-1.88641906 1.22323501 -0.01609000 2616.000000 20.000000 150.000000 3.000000
-1.88889897 1.24138105 -0.01638400 1487.000000 9.000000 96.000000 3.000000
-1.92728102 1.18634796 -0.06922200 997.000000 9.000000 200.000000 3.000000
-1.91402805 1.19446003 -0.06888700 614.000000 5.000000 150.000000 3.000000
-1.90666199 1.20618200 -0.06888700 1089.000000 10.000000 169.000000 3.000000
-1.90090895 1.21893299 -0.06898300 1703.000000 17.000000 193.000000 3.000000
-1.89423299 1.23111701 -0.06903100 1736.000000 17.000000 162.000000 3.000000
-1.89666402 1.24929297 -0.06960600 1442.000000 14.000000 177.000000 3.000000
-1.94033504 1.19161499 -0.12545100 1740.000000 11.000000 126.000000 3.000000
-1.90844202 1.18819702 -0.12334700 854.000000 4.000000 95.000000 3.000000
-1.90786004 1.20414698 -0.12392800 1131.000000 6.000000 125.000000 3.000000
-1.90379500 1.21798301 -0.12421800 1813.000000 12.000000 145.000000 3.000000
-1.87286401 1.21443403 -0.12218700 2137.000000 15.000000 563.000000 3.000000
-1.93478799 1.20508397 -0.23556100 1373.000000 8.000000 95.000000 3.000000
-1.91644895 1.21003699 -0.23399200 392.000000 2.000000 76.000000 3.000000
-1.89645100 1.21373904 -0.23218299 1052.000000 6.000000 100.000000 3.000000
-1.88813603 1.22481203 -0.23206200 1637.000000 10.000000 263.000000 3.000000
-1.89939797 1.21427798 -0.28517899 773.000000 6.000000 249.000000 3.000000
-1.90105796 1.23181295 -0.28675899 1829.000000 19.000000 158.000000 3.000000
-1.89346397 1.24345505 -0.28675899 1878.000000 19.000000 125.000000 3.000000
-1.89734602 1.26270604 -0.28877100 1624.000000 18.000000 125.000000 3.000000
-1.89284801 1.27653098 -0.28934500 351.000000 3.000000 95.000000 3.000000
-1.93560505 1.20559394 -0.34655899 729.000000 4.000000 91.000000 3.000000
-1.92983699 1.21850097 -0.34689599 825.000000 5.000000 84.000000 3.000000
-1.91651499 1.22659600 -0.34571701 2112.000000 17.000000 107.000000 3.000000
-1.90977895 1.23887002 -0.34588599 1946.000000 15.000000 110.000000 3.000000
-1.90131795 1.25002301 -0.34571701 1950.000000 15.000000 178.000000 3.000000
-1.90181303 1.26713598 -0.34740001 1302.000000 9.000000 65.000000 3.000000
-1.91416502 1.20445502 -0.39781499 579.000000 5.000000 201.000000 3.000000
-1.91336596 1.22038901 -0.39934701 955.000000 9.000000 110.000000 3.000000
-1.91326797 1.23688900 -0.40107101 1589.000000 17.000000 110.000000 3.000000
-1.91139603 1.25236106 -0.40241101 1186.000000 12.000000 94.000000 3.000000
-1.90203905 1.26298201 -0.40202799 1499.000000 16.000000 112.000000 3.000000
-1.89751399 1.27681506 -0.40279400 1034.000000 10.000000 109.000000 3.000000
-1.95861495 1.18728495 -0.46190700 2143.000000 17.000000 188.000000 3.000000
-1.95129299 1.19928098 -0.46190700 2054.000000 16.000000 132.000000 3.000000
-1.94886804 1.21433198 -0.46320099 1476.000000 10.000000 105.000000 3.000000
-1.93395305 1.22157001 -0.46125999 1600.000000 11.000000 73.000000 3.000000
-1.91326904 1.22498202 -0.45780799 859.000000 5.000000 72.000000 3.000000
-1.90899205 1.23882604 -0.45867100 2536.000000 22.000000 135.000000 3.000000
-1.90135396 1.25051606 -0.45867100 2492.000000 21.000000 109.000000 3.000000
-1.89851904 1.26541102 -0.45996499 2286.000000 19.000000 126.000000 3.000000
-1.89557195 1.28031898 -0.46125999 1327.000000 9.000000 126.000000 3.000000
-1.92945194 1.19391203 -0.51294202 703.000000 6.000000 219.000000 3.000000
-1.91879594 1.20367002 -0.51198798 1312.000000 14.000000 140.000000 3.000000
-1.89742804 1.20658696 -0.50792998 898.000000 9.000000 112.000000 3.000000
-1.91450405 1.23394597 -0.51509100 430.000000 4.000000 75.000000 3.000000
-1.90201294 1.24249196 -0.51365900 922.000000 9.000000 101.000000 3.000000
-1.89840603 1.25681305 -0.51485199 997.000000 10.000000 93.000000 3.000000
-1.88258505 1.26304102 -0.51246500 1325.000000 14.000000 111.000000 3.000000
-1.90359604 1.20282996 -0.56832498 1239.000000 8.000000 121.000000 3.000000
-1.89374304 1.21292496 -0.56753498 794.000000 5.000000 78.000000 3.000000
-1.89354599 1.22925401 -0.56990302 1578.000000 11.000000 119.000000 3.000000
-1.90046895 1.25040305 -0.57463700 1336.000000 9.000000 83.000000 3.000000
-1.89516795 1.26364803 -0.57542598 1076.000000 7.000000 80.000000 3.000000
-1.87379503 1.26606202 -0.57095498 1703.000000 12.000000 142.000000 3.000000
-1.90577900 1.30481100 -0.58410603 510.000000 3.000000 98.000000 3.000000
-1.91105402 1.21106100 -0.62828302 1382.000000 15.000000 109.000000 3.000000
-1.90681601 1.22483003 -0.62942600 459.000000 4.000000 89.000000 3.000000
-1.90810895 1.24224305 -0.63256800 1404.000000 15.000000 118.000000 3.000000
-1.90445495 1.25655901 -0.63399702 1454.000000 16.000000 118.000000 3.000000
-1.90468502 1.27353406 -0.63685399 1019.000000 10.000000 96.000000 3.000000
-1.90160096 1.28841400 -0.63856798 1159.000000 12.000000 115.000000 3.000000
-1.91976297 1.31791103 -0.64799500 470.000000 4.000000 84.000000 3.000000
-1.90018404 1.20296502 -0.68588102 773.000000 5.000000 104.000000 3.000000
-1.89276695 1.21460199 -0.68588102 1157.000000 8.000000 97.000000 3.000000
-1.90280604 1.23760796 -0.69269800 353.000000 2.000000 95.000000 3.000000
-1.90549302 1.25606894 -0.69672602 1640.000000 12.000000 112.000000 3.000000
-1.90012097 1.26932299 -0.69765502 1848.000000 14.000000 145.000000 3.000000
-1.88993502 1.27935803 -0.69672602 1648.000000 12.000000 115.000000 3.000000
-1.90869701 1.30923104 -0.70726001 1379.000000 9.000000 110.000000 3.000000
-1.94949102 1.24692202 -0.76685798 835.000000 8.000000 106.000000 3.000000
-1.93150198 1.25220799 -0.76254201 727.000000 7.000000 79.000000 3.000000
-1.92378199 1.26403606 -0.76254201 717.000000 7.000000 87.000000 3.000000
-1.91599000 1.27581596 -0.76254201 797.000000 8.000000 87.000000 3.000000
-1.91908598 1.29491603 -0.76718998 460.000000 4.000000 88.000000 3.000000
-1.90564704 1.30294895 -0.76486599 657.000000 6.000000 83.000000 3.000000
-1.92711699 1.33497798 -0.77748197 177.000000 1.000000 86.000000 3.000000
-1.93276703 1.24077499 -0.82669598 163.000000 1.000000 78.000000 3.000000
-1.88205600 1.22455597 -0.80711102 285.000000 1.000000 66.000000 3.000000
-1.91739595 1.26440001 -0.82669598 459.000000 2.000000 95.000000 3.000000
-1.95151305 1.25845397 -0.89802802 464.000000 5.000000 116.000000 3.000000
-1.93987501 1.26787901 -0.89613998 742.000000 8.000000 86.000000 3.000000
-1.88259602 1.24712098 -0.87196797 181.000000 1.000000 57.000000 3.000000
-1.90954494 1.28181005 -0.88896400 611.000000 6.000000 93.000000 3.000000
-1.91160905 1.30025494 -0.89387298 945.000000 11.000000 93.000000 3.000000
-1.90435803 1.31248403 -0.89425099 1128.000000 13.000000 102.000000 3.000000
-1.90234995 1.32837403 -0.89727300 339.000000 3.000000 106.000000 3.000000
-1.94084096 1.26428604 -0.96622801 910.000000 7.000000 153.000000 3.000000
-1.93533897 1.27768600 -0.96743399 884.000000 6.000000 107.000000 3.000000
-1.91542006 1.33317304 -0.97386199 659.000000 4.000000 180.000000 3.000000
-1.97129297 1.28107297 -1.04658306 465.000000 5.000000 139.000000 3.000000
-1.94369602 1.28022099 -1.03558695 829.000000 9.000000 145.000000 3.000000
-1.93127704 1.28911197 -1.03304899 198.000000 2.000000 101.000000 3.000000
-1.92032397 1.29891300 -1.03135800 551.000000 6.000000 95.000000 3.000000
-1.91306698 1.31118202 -1.03178000 1000.000000 12.000000 108.000000 3.000000
-1.90647602 1.32392704 -1.03262603 1133.000000 14.000000 131.000000 3.000000
-1.89683199 1.33456004 -1.03178000 298.000000 3.000000 75.000000 3.000000
-1.94778395 1.28832698 -1.11415195 415.000000 3.000000 101.000000 3.000000
-1.92944205 1.29327404 -1.10789895 273.000000 1.000000 99.000000 3.000000
-1.92664897 1.30860996 -1.11102605 691.000000 5.000000 136.000000 3.000000
-1.92521298 1.32497597 -1.11504602 968.000000 7.000000 105.000000 3.000000
-1.90897799 1.33113003 -1.11013198 1339.000000 11.000000 127.000000 3.000000
-1.96686196 1.30348301 -1.19539595 772.000000 9.000000 107.000000 3.000000
-1.94045806 1.30323899 -1.18370998 213.000000 2.000000 98.000000 3.000000
-1.91779006 1.30519998 -1.17436004 355.000000 4.000000 83.000000 3.000000
-1.91994703 1.32395005 -1.18090498 526.000000 6.000000 103.000000 3.000000
-1.90961003 1.33419096 -1.17950201 862.000000 10.000000 127.000000 3.000000
-1.94790900 1.30810595 -1.26812899 964.000000 8.000000 121.000000 3.000000
-1.91752398 1.30482399 -1.25291598 732.000000 5.000000 139.000000 3.000000
-1.92310596 1.32597101 -1.26224005 1130.000000 9.000000 144.000000 3.000000
-1.91921699 1.34074199 -1.26518500 966.000000 7.000000 114.000000 3.000000
-1.90882194 1.35098195 -1.26371205 1151.000000 9.000000 135.000000 3.000000
-1.90062296 1.18350995 1.28454304 8.000000 1.000000 133.000000 3.000000
-1.90995204 1.17262304 1.21115899 35.000000 1.000000 125.000000 3.000000
-1.95265603 1.09333003 1.07207298 39.000000 1.000000 130.000000 3.000000
-1.95438802 1.09769499 1.00889897 55.000000 1.000000 110.000000 3.000000
-1.91634703 1.18736100 1.01451898 165.000000 1.000000 148.000000 3.000000
-1.79583704 1.12790203 0.95590502 36.000000 1.000000 126.000000 3.000000
-1.84216797 1.17287397 0.98360598 335.000000 2.000000 118.000000 3.000000
-1.82878304 1.18017805 0.98039401 841.000000 5.000000 159.000000 3.000000
-1.82457197 1.19338500 0.98199999 342.000000 2.000000 128.000000 3.000000
-1.95234299 1.07907605 0.87703502 5.000000 1.000000 113.000000 3.000000
-1.96818805 1.11960602 0.88984197 313.000000 1.000000 120.000000 3.000000
-1.82279396 1.10871601 0.61089098 1938.000000 13.000000 380.000000 3.000000
-1.98531497 1.17179406 0.42516899 1624.000000 12.000000 268.000000 3.000000
-1.95473897 1.16904402 0.30974600 1667.000000 11.000000 211.000000 3.000000
-1.92615998 1.28289795 -0.01770300 212.000000 1.000000 90.000000 3.000000
-1.98836994 1.20706499 -0.07224500 822.000000 8.000000 216.000000 3.000000
-1.91973603 1.28137302 -0.07138100 289.000000 2.000000 121.000000 3.000000
-1.94910705 1.16521394 -0.45759201 2345.000000 19.000000 225.000000 3.000000
-1.96002805 1.33229196 -0.53776801 831.000000 8.000000 80.000000 3.000000
-1.89457095 1.18090999 -0.56306398 787.000000 5.000000 237.000000 3.000000
-1.99459803 1.30180204 -1.13737905 711.000000 5.000000 179.000000 3.000000
-1.94184697 1.37440896 -1.20568001 743.000000 10.000000 139.000000 3.000000
2.07826400 1.44422901 -0.70827597 60.000000 1.000000 333.000000 3.000000
2.04919291 1.40537202 -0.69456297 31.000000 1.000000 334.000000 3.000000
2.06808400 1.39977098 -0.69827700 36.000000 1.000000 345.000000 3.000000
1.77024305 1.39940500 -0.68835998 308.000000 1.000000 117.000000 3.000000
1.82603598 1.42534602 -0.70788002 233.000000 1.000000 97.000000 3.000000
1.86940396 1.44079399 -0.72213298 178.000000 1.000000 103.000000 3.000000
1.87063897 1.42354298 -0.71903503 220.000000 1.000000 85.000000 3.000000
1.62738204 1.40796399 -0.70975500 65.000000 1.000000 161.000000 3.000000
1.65890205 1.41760504 -0.72037899 103.000000 1.000000 117.000000 3.000000
1.68484199 1.42203295 -0.72834599 107.000000 1.000000 138.000000 3.000000
1.69860005 1.41590500 -0.73066998 134.000000 1.000000 149.000000 3.000000
1.71598196 1.41266596 -0.73465401 126.000000 1.000000 128.000000 3.000000
1.43918705 1.42166698 -0.72236300 123.000000 1.000000 241.000000 3.000000
1.38318300 1.50029504 -0.78321302 396.000000 3.000000 117.000000 3.000000
1.33346403 1.41654396 -0.80350399 718.000000 4.000000 361.000000 3.000000
1.27873003 1.32670498 -0.80931699 315.000000 2.000000 105.000000 3.000000
0.89250398 1.35272300 -0.70569801 68.000000 1.000000 579.000000 3.000000
0.90530199 1.35401297 -0.70950401 78.000000 1.000000 534.000000 3.000000
0.91663098 1.35294104 -0.71204197 85.000000 1.000000 478.000000 3.000000
0.93768901 1.36600101 -0.72261500 108.000000 1.000000 440.000000 3.000000
0.94656903 1.36096704 -0.72303802 128.000000 1.000000 406.000000 3.000000
0.75010300 1.42020404 -0.75011897 244.000000 1.000000 109.000000 3.000000
0.75668699 1.41163397 -0.74788600 205.000000 1.000000 107.000000 3.000000
0.76190799 1.40067899 -0.74431300 147.000000 1.000000 100.000000 3.000000
0.77525198 1.40459001 -0.74922597 206.000000 1.000000 117.000000 3.000000
0.78254199 1.39746594 -0.74788600 161.000000 1.000000 129.000000 3.000000
0.79464298 1.39885902 -0.75145900 148.000000 1.000000 140.000000 3.000000
0.80813199 1.40248001 -0.75637299 139.000000 1.000000 143.000000 3.000000
0.82033902 1.40367198 -0.75994599 198.000000 1.000000 105.000000 3.000000
0.82939303 1.39938104 -0.76039302 188.000000 1.000000 126.000000 3.000000
0.40091601 1.43764997 -0.78719199 373.000000 1.000000 168.000000 3.000000
0.41332901 1.44772696 -0.79455400 344.000000 1.000000 173.000000 3.000000
0.44771799 1.40366197 -0.77639598 176.000000 1.000000 190.000000 3.000000
0.46546000 1.39971602 -0.77737701 150.000000 1.000000 138.000000 3.000000
0.47291699 1.39353395 -0.77541399 130.000000 1.000000 148.000000 3.000000
0.17022000 1.37978899 -0.77170497 274.000000 1.000000 202.000000 3.000000
0.17900699 1.38127804 -0.77323699 277.000000 1.000000 192.000000 3.000000
0.18680000 1.37504005 -0.77017301 239.000000 1.000000 211.000000 3.000000
0.20390700 1.37434602 -0.77119398 162.000000 1.000000 232.000000 3.000000
0.20924699 1.35266697 -0.75893801 91.000000 1.000000 198.000000 3.000000
0.25543800 1.37182903 -0.77476901 114.000000 1.000000 143.000000 3.000000
0.26464999 1.37445998 -0.77732199 136.000000 1.000000 176.000000 3.000000
0.27373901 1.37618506 -0.77936500 146.000000 1.000000 167.000000 3.000000
0.28064501 1.36689496 -0.77476901 235.000000 1.000000 176.000000 3.000000
0.29113200 1.37524700 -0.78089702 214.000000 1.000000 150.000000 3.000000
0.30281600 1.38856602 -0.79009002 151.000000 1.000000 134.000000 3.000000
0.31151599 1.38752103 -0.79060000 156.000000 1.000000 144.000000 3.000000
0.31983301 1.38474500 -0.79009002 153.000000 1.000000 134.000000 3.000000
0.32852000 1.38359404 -0.79060000 120.000000 1.000000 144.000000 3.000000
0.33619800 1.37820804 -0.78855801 164.000000 1.000000 136.000000 3.000000
0.34423599 1.37444997 -0.78753603 154.000000 1.000000 124.000000 3.000000
-0.28609201 1.32911205 -0.80318499 266.000000 1.000000 167.000000 3.000000
-0.28257501 1.35319495 -0.81760001 213.000000 1.000000 125.000000 3.000000
-0.27443299 1.35573196 -0.81813401 211.000000 1.000000 117.000000 3.000000
-0.26433000 1.34826195 -0.81226099 211.000000 1.000000 106.000000 3.000000
-0.25714901 1.35567403 -0.81599897 212.000000 1.000000 138.000000 3.000000
-0.24488400 1.33559895 -0.80211699 238.000000 1.000000 137.000000 3.000000
-0.23683099 1.33790898 -0.80265099 232.000000 1.000000 128.000000 3.000000
-0.22805101 1.33600199 -0.80051500 246.000000 1.000000 125.000000 3.000000
-0.22025800 1.33987999 -0.80211699 223.000000 1.000000 116.000000 3.000000
-0.21150801 1.33786500 -0.79998100 244.000000 1.000000 146.000000 3.000000
-0.20304300 1.33746600 -0.79891300 237.000000 1.000000 149.000000 3.000000
-0.19459100 1.33701205 -0.79784602 220.000000 1.000000 126.000000 3.000000
-0.18592100 1.33483100 -0.79571003 217.000000 1.000000 112.000000 3.000000
-0.17739500 1.33343196 -0.79410797 221.000000 1.000000 146.000000 3.000000
-0.16889299 1.33197796 -0.79250699 256.000000 1.000000 109.000000 3.000000
-0.16081800 1.33382905 -0.79303998 231.000000 1.000000 121.000000 3.000000
-0.15282100 1.33647096 -0.79410797 246.000000 1.000000 124.000000 3.000000
-0.14443700 1.33570194 -0.79303998 253.000000 1.000000 125.000000 3.000000
-0.13640900 1.33824599 -0.79410797 260.000000 1.000000 135.000000 3.000000
-0.12819500 1.33905804 -0.79410797 318.000000 1.000000 151.000000 3.000000
-0.11997600 1.33981895 -0.79410797 299.000000 1.000000 154.000000 3.000000
-0.11168400 1.33968699 -0.79357398 300.000000 1.000000 134.000000 3.000000
-0.10352500 1.34118998 -0.79410797 266.000000 1.000000 122.000000 3.000000
-0.09558900 1.34601796 -0.79677802 255.000000 1.000000 138.000000 3.000000
-0.08722100 1.34489095 -0.79571003 261.000000 1.000000 129.000000 3.000000
-0.07877200 1.34202504 -0.79357398 211.000000 1.000000 121.000000 3.000000
-0.07071000 1.34586000 -0.79571003 255.000000 1.000000 119.000000 3.000000
-0.06237400 1.34458005 -0.79464197 291.000000 1.000000 149.000000 3.000000
-0.05402400 1.34240198 -0.79303998 252.000000 1.000000 124.000000 3.000000
-0.04567400 1.33932805 -0.79090500 257.000000 1.000000 125.000000 3.000000
-0.03752300 1.34211898 -0.79250699 354.000000 1.000000 146.000000 3.000000
-0.02095200 1.33571506 -0.78823501 474.000000 2.000000 134.000000 3.000000
-0.01277000 1.33750904 -0.78930300 465.000000 2.000000 139.000000 3.000000
-0.00458100 1.34517205 -0.79410797 549.000000 2.000000 132.000000 3.000000
0.00371200 1.35532105 -0.80051500 585.000000 2.000000 131.000000 3.000000
0.01200200 1.35273695 -0.79891300 557.000000 2.000000 143.000000 3.000000
0.02033000 1.35432804 -0.79998100 548.000000 2.000000 136.000000 3.000000
0.02877100 1.36009502 -0.80371898 466.000000 2.000000 166.000000 3.000000
0.03711600 1.35989296 -0.80371898 450.000000 2.000000 118.000000 3.000000
0.04563400 1.36470997 -0.80692202 365.000000 1.000000 166.000000 3.000000
0.05386900 1.36102498 -0.80478698 302.000000 1.000000 143.000000 3.000000
0.06166600 1.34884405 -0.79731202 244.000000 1.000000 142.000000 3.000000
0.06976300 1.34506297 -0.79517603 212.000000 1.000000 132.000000 3.000000
0.07801500 1.34460998 -0.79517603 169.000000 1.000000 158.000000 3.000000
0.08664900 1.35001194 -0.79891300 130.000000 1.000000 146.000000 3.000000
-1.01687598 1.32811999 -0.83217400 115.000000 1.000000 89.000000 3.000000
-1.00014901 1.32307398 -0.82469499 69.000000 1.000000 101.000000 3.000000
-0.99042100 1.32706404 -0.82329202 50.000000 1.000000 98.000000 3.000000
-0.95266497 1.30986297 -0.80412602 82.000000 1.000000 89.000000 3.000000
-0.94305700 1.31353402 -0.80272400 95.000000 1.000000 98.000000 3.000000
-0.93549299 1.32001495 -0.80319101 97.000000 1.000000 104.000000 3.000000
-0.94009203 1.34380603 -0.81487799 58.000000 1.000000 108.000000 3.000000
-0.92053199 1.35086596 -0.81207299 231.000000 1.000000 128.000000 3.000000
-0.85351998 1.31778705 -0.83086902 105.000000 1.000000 127.000000 3.000000
-0.84541798 1.32299900 -0.83086902 140.000000 1.000000 123.000000 3.000000
-0.83310902 1.32152402 -0.82645297 152.000000 1.000000 120.000000 3.000000
-0.82360601 1.32439005 -0.82498002 117.000000 1.000000 127.000000 3.000000
-0.80682099 1.31529903 -0.81565601 100.000000 1.000000 127.000000 3.000000
-0.79603302 1.31575000 -0.81271201 122.000000 1.000000 125.000000 3.000000
-0.78660798 1.31836402 -0.81123900 151.000000 1.000000 98.000000 3.000000
-0.77276897 1.31339705 -0.80485898 168.000000 1.000000 118.000000 3.000000
-0.76862401 1.32490098 -0.80927598 177.000000 1.000000 118.000000 3.000000
-0.75788897 1.32505202 -0.80633199 143.000000 1.000000 106.000000 3.000000
-0.74675298 1.32436204 -0.80289602 108.000000 1.000000 87.000000 3.000000
-0.66626698 1.32309794 -0.82583803 134.000000 1.000000 97.000000 3.000000
-0.65544599 1.32177699 -0.82226300 136.000000 1.000000 114.000000 3.000000
-0.64352900 1.31805897 -0.81715697 165.000000 1.000000 123.000000 3.000000
-0.63467902 1.32043505 -0.81613499 146.000000 1.000000 122.000000 3.000000
-0.61953503 1.30955994 -0.80643201 166.000000 1.000000 112.000000 3.000000
-0.60746998 1.30477500 -0.80081397 120.000000 1.000000 102.000000 3.000000
-0.52536702 1.33717203 -0.79928201 293.000000 1.000000 114.000000 3.000000
-0.51352298 1.35556495 -0.80694300 363.000000 2.000000 129.000000 3.000000
-0.49945599 1.34339595 -0.79723901 537.000000 3.000000 129.000000 3.000000
-0.49714699 1.36257100 -0.80745298 393.000000 2.000000 131.000000 3.000000
-1.74585795 -2.37484598 1.14990199 43.000000 1.000000 110.000000 3.000000
-1.76598203 -2.37158203 1.15346003 525.000000 5.000000 96.000000 3.000000
-1.77261698 -2.35025907 1.14847898 1007.000000 10.000000 122.000000 3.000000
-1.78927505 -2.34230804 1.14990199 1193.000000 12.000000 150.000000 3.000000
-1.80533099 -2.33350205 1.15096998 1206.000000 13.000000 139.000000 3.000000
-1.84153104 -2.35032606 1.16448796 341.000000 3.000000 137.000000 3.000000
-1.78242898 -2.34558201 1.06619501 324.000000 4.000000 108.000000 3.000000
-1.79334199 -2.33011198 1.06420195 291.000000 4.000000 97.000000 3.000000
-1.79892302 -2.30789304 1.05921996 472.000000 7.000000 109.000000 3.000000
-1.81480098 -2.29903507 1.06021595 326.000000 4.000000 102.000000 3.000000
-1.81770205 -2.27384305 1.05390501 9.000000 1.000000 93.000000 3.000000
-1.76642299 -2.34626889 0.98476702 469.000000 4.000000 104.000000 3.000000
-1.78597903 -2.34219003 0.98755097 1096.000000 11.000000 113.000000 3.000000
-1.78984797 -2.31764388 0.98198301 961.000000 9.000000 112.000000 3.000000
-1.79875898 -2.29987907 0.97919899 843.000000 8.000000 102.000000 3.000000
-1.83705902 -2.31935096 0.99188203 253.000000 2.000000 112.000000 3.000000
-1.77756405 -2.32993102 0.90329099 787.000000 11.000000 111.000000 3.000000
-1.78831697 -2.31442499 0.90157801 984.000000 14.000000 92.000000 3.000000
-1.80307400 -2.30416393 0.90186298 1188.000000 18.000000 130.000000 3.000000
-1.81480098 -2.29005003 0.90072101 834.000000 12.000000 111.000000 3.000000
-1.83720195 -2.28934693 0.90471798 202.000000 2.000000 81.000000 3.000000
-1.73761797 -2.31053805 0.81684202 23.000000 1.000000 87.000000 3.000000
-1.77692103 -2.33282900 0.82812297 787.000000 7.000000 118.000000 3.000000
-1.78943205 -2.31959105 0.82733601 731.000000 6.000000 107.000000 3.000000
-1.79055297 -2.29184508 0.82156402 1061.000000 10.000000 121.000000 3.000000
-1.81416798 -2.29291797 0.82576197 770.000000 7.000000 111.000000 3.000000
-1.84027696 -2.29679894 0.83100897 206.000000 1.000000 80.000000 3.000000
-1.76293397 -2.30407190 0.74472803 136.000000 1.000000 95.000000 3.000000
-1.78713202 -2.30627394 0.74878597 337.000000 4.000000 78.000000 3.000000
-1.78987896 -2.28073502 0.74425101 454.000000 6.000000 117.000000 3.000000
-1.80383897 -2.26971006 0.74425101 448.000000 6.000000 97.000000 3.000000
-1.81894696 -2.26011395 0.74472803 458.000000 6.000000 118.000000 3.000000
-1.83278096 -2.24890995 0.74472803 79.000000 1.000000 110.000000 3.000000
-1.76575005 -2.32150602 0.67458099 180.000000 1.000000 109.000000 3.000000
-1.77280605 -2.30134702 0.67199999 1265.000000 12.000000 133.000000 3.000000
-1.78629196 -2.28965592 0.67178500 1397.000000 14.000000 135.000000 3.000000
-1.80091298 -2.27941799 0.67199999 1346.000000 13.000000 145.000000 3.000000
-1.81425500 -2.26756310 0.67178500 926.000000 8.000000 120.000000 3.000000
-1.84412801 -2.27610993 0.67737699 185.000000 1.000000 86.000000 3.000000
-1.78687406 -2.32959008 0.60525399 94.000000 1.000000 135.000000 3.000000
-1.78129804 -2.29297590 0.59894001 881.000000 13.000000 127.000000 3.000000
-1.78685200 -2.27119207 0.59626198 1173.000000 18.000000 138.000000 3.000000
-1.80380702 -2.26402807 0.59721798 1455.000000 23.000000 177.000000 3.000000
-1.81581903 -2.25062299 0.59664500 1001.000000 15.000000 144.000000 3.000000
-1.81905496 -2.22650290 0.59339201 238.000000 3.000000 113.000000 3.000000
-1.77684903 -2.27918696 0.52447098 659.000000 6.000000 90.000000 3.000000
-1.78163099 -2.25663900 0.52195901 1095.000000 10.000000 114.000000 3.000000
-1.80283594 -2.25490189 0.52396899 620.000000 5.000000 104.000000 3.000000
-1.81663799 -2.24379706 0.52396899 548.000000 4.000000 73.000000 3.000000
-1.83287299 -2.23565698 0.52463800 182.000000 1.000000 83.000000 3.000000
-1.78956795 -2.27141500 0.45408899 1116.000000 17.000000 122.000000 3.000000
-1.80901694 -2.26736093 0.45538199 1357.000000 21.000000 135.000000 3.000000
-1.80985701 -2.24003601 0.45236599 1037.000000 15.000000 143.000000 3.000000
-1.84045899 -2.24959111 0.45624399 685.000000 9.000000 131.000000 3.000000
-1.77498698 -2.27842402 0.38341701 603.000000 5.000000 95.000000 3.000000
-1.78585696 -2.26359391 0.38281801 1291.000000 12.000000 141.000000 3.000000
-1.79599202 -2.24794197 0.38209900 972.000000 9.000000 100.000000 3.000000
-1.81037605 -2.23765111 0.38221899 651.000000 5.000000 90.000000 3.000000
-1.83477402 -2.23955107 0.38425499 974.000000 9.000000 140.000000 3.000000
-1.78333497 -2.28986907 0.31558400 192.000000 2.000000 174.000000 3.000000
-1.77396798 -2.24915409 0.31193501 817.000000 11.000000 138.000000 3.000000
-1.78835499 -2.23900509 0.31203100 714.000000 10.000000 148.000000 3.000000
-1.79955995 -2.22489095 0.31164700 1322.000000 19.000000 122.000000 3.000000
-1.81695604 -2.21843195 0.31222299 980.000000 14.000000 171.000000 3.000000
-1.85527503 -2.23715591 0.31596801 353.000000 4.000000 156.000000 3.000000
-1.77504206 -2.28011990 0.24388400 159.000000 1.000000 96.000000 3.000000
-1.78158402 -2.25978899 0.24302401 507.000000 4.000000 112.000000 3.000000
-1.78794503 -2.23946500 0.24216400 747.000000 6.000000 124.000000 3.000000
-1.80227900 -2.22922802 0.24223600 1006.000000 8.000000 117.000000 3.000000
-1.83109605 -2.23664308 0.24395600 508.000000 4.000000 132.000000 3.000000
-1.85625005 -2.23918200 0.24524599 411.000000 3.000000 106.000000 3.000000
-1.77661896 -2.22269106 0.17358400 380.000000 4.000000 248.000000 3.000000
-1.78959596 -2.21097112 0.17353600 413.000000 5.000000 229.000000 3.000000
-1.80692196 -2.20458889 0.17382400 834.000000 10.000000 245.000000 3.000000
-1.77449799 -2.25080991 0.10510200 226.000000 1.000000 125.000000 3.000000
-1.78577900 -2.23675489 0.10500800 763.000000 6.000000 109.000000 3.000000
-1.79884100 -2.22497892 0.10498400 1119.000000 10.000000 145.000000 3.000000
-1.81372702 -2.21544600 0.10503100 1135.000000 10.000000 136.000000 3.000000
-1.83239305 -2.21043110 0.10522000 659.000000 5.000000 142.000000 3.000000
-1.77970302 -2.19871402 0.03819500 877.000000 12.000000 267.000000 3.000000
-1.81341195 -2.21252990 0.03819500 557.000000 7.000000 204.000000 3.000000
-1.81866503 -2.19134593 0.03819500 434.000000 5.000000 245.000000 3.000000
-1.77537203 -2.22452092 -0.03070100 1217.000000 11.000000 132.000000 3.000000
-1.78898799 -2.21358490 -0.03070100 1791.000000 17.000000 146.000000 3.000000
-1.80000305 -2.19947290 -0.03060300 1863.000000 18.000000 151.000000 3.000000
-1.81410301 -2.18915701 -0.03062800 1647.000000 16.000000 123.000000 3.000000
-1.83135903 -2.18257689 -0.03077400 653.000000 5.000000 111.000000 3.000000
-1.79172301 -2.21438909 -0.09733800 1107.000000 15.000000 176.000000 3.000000
-1.79895604 -2.19561911 -0.09685800 1355.000000 19.000000 142.000000 3.000000
-1.80921102 -2.18069100 -0.09661800 938.000000 12.000000 140.000000 3.000000
-1.82255697 -2.16954899 -0.09661800 484.000000 6.000000 150.000000 3.000000
-1.85263395 -2.17812991 -0.09786500 358.000000 4.000000 151.000000 3.000000
-1.78672695 -2.21078992 -0.16658200 965.000000 8.000000 196.000000 3.000000
-1.79836202 -2.19747090 -0.16636500 959.000000 8.000000 114.000000 3.000000
-1.81117499 -2.18562698 -0.16629200 1019.000000 9.000000 133.000000 3.000000
-1.82583499 -2.17600012 -0.16643700 371.000000 2.000000 95.000000 3.000000
-1.85142803 -2.17919207 -0.16781600 193.000000 1.000000 104.000000 3.000000
-1.78279197 -2.20644498 -0.23285700 555.000000 7.000000 236.000000 3.000000
-1.79315102 -2.19160795 -0.23237699 1008.000000 14.000000 171.000000 3.000000
-1.79451895 -2.16598392 -0.23055200 1819.000000 29.000000 154.000000 3.000000
-1.81543899 -2.16409397 -0.23170500 1123.000000 16.000000 157.000000 3.000000
-1.84219396 -2.16886401 -0.23372100 456.000000 5.000000 140.000000 3.000000
-1.86907494 -2.17338705 -0.23573700 165.000000 2.000000 124.000000 3.000000
-1.78068805 -2.20254588 -0.30276701 1420.000000 13.000000 275.000000 3.000000
-1.79039395 -2.18697095 -0.30204299 2155.000000 23.000000 162.000000 3.000000
-1.80441296 -2.17670798 -0.30216300 1892.000000 19.000000 148.000000 3.000000
-1.81326497 -2.16027498 -0.30131900 2052.000000 21.000000 165.000000 3.000000
-1.83484805 -2.15893793 -0.30288699 1817.000000 18.000000 138.000000 3.000000
-1.86490405 -2.16719508 -0.30602399 311.000000 2.000000 188.000000 3.000000
-1.78764403 -2.18794990 -0.36807400 838.000000 11.000000 155.000000 3.000000
-1.79977596 -2.17541289 -0.36778700 1627.000000 25.000000 140.000000 3.000000
-1.80737996 -2.15749311 -0.36649400 1493.000000 22.000000 133.000000 3.000000
-1.82186198 -2.14787412 -0.36678100 1415.000000 21.000000 151.000000 3.000000
-1.82406402 -2.12387705 -0.36433899 705.000000 9.000000 159.000000 3.000000
-1.77338898 -2.10468006 -1.15747905 807.000000 7.000000 180.000000 3.000000
-1.78686404 -2.09445500 -1.15788102 734.000000 7.000000 290.000000 3.000000
-1.77987695 -2.09235096 -1.23140597 645.000000 9.000000 196.000000 3.000000
-1.79150105 -2.08001590 -1.23055995 733.000000 10.000000 160.000000 3.000000
-1.80304098 -2.06761599 -1.22971404 696.000000 10.000000 161.000000 3.000000
-1.81329894 -2.05379295 -1.22802198 541.000000 7.000000 194.000000 3.000000
-1.82225001 -2.03856897 -1.22548401 352.000000 5.000000 166.000000 3.000000
-1.79153502 -2.07041311 -1.31515205 651.000000 6.000000 143.000000 3.000000
-1.80061996 -2.10459805 -1.41230094 362.000000 5.000000 154.000000 3.000000
-1.79154396 -2.06808591 -1.39453697 426.000000 6.000000 156.000000 3.000000
-1.79489100 -2.04640603 -1.38705802 488.000000 7.000000 146.000000 3.000000
-1.81327200 -2.04197311 -1.39173198 213.000000 3.000000 137.000000 3.000000
-1.82989800 -2.03541708 -1.39500499 165.000000 2.000000 184.000000 3.000000
-1.73618197 -2.30477905 0.88987100 79.000000 1.000000 88.000000 3.000000
-1.72226298 -2.34958100 0.82287598 18.000000 1.000000 110.000000 3.000000
-1.80258298 -2.17191505 0.17248000 1087.000000 14.000000 227.000000 3.000000
-1.81266797 -2.15698600 0.17224000 1122.000000 15.000000 276.000000 3.000000
-1.87821496 -2.20751405 0.17612700 1330.000000 20.000000 276.000000 3.000000
-1.74685597 -2.18535209 0.03819500 927.000000 13.000000 230.000000 3.000000
-1.87575305 -2.23226404 0.03819500 538.000000 7.000000 244.000000 3.000000
-1.76543701 -2.12973499 -0.42953900 1331.000000 12.000000 300.000000 3.000000
-1.76740897 -2.13136292 -0.56762803 1269.000000 11.000000 213.000000 3.000000
-1.83304906 -2.02672410 -0.55964500 901.000000 7.000000 131.000000 3.000000
-1.71720505 -2.00892901 -0.60484302 1096.000000 15.000000 171.000000 3.000000
-1.73076797 -1.99982500 -0.60531998 1115.000000 16.000000 172.000000 3.000000
-1.74045098 -1.98624206 -0.60436600 1101.000000 15.000000 160.000000 3.000000
-1.73394704 -1.98894703 -0.67379999 1806.000000 18.000000 160.000000 3.000000
-1.81830394 -2.05996990 -0.70352298 1417.000000 13.000000 158.000000 3.000000
-1.80157900 -2.03728008 -0.76455599 935.000000 13.000000 195.000000 3.000000
-1.81468296 -2.02690291 -0.76484197 857.000000 11.000000 169.000000 3.000000
-1.75139594 -2.00544310 -0.82066399 1302.000000 12.000000 147.000000 3.000000
-1.77816200 -2.01103401 -0.82779098 383.000000 3.000000 186.000000 3.000000
-1.77968097 -1.98804796 -0.82252401 815.000000 7.000000 172.000000 3.000000
-1.85892498 -2.05102897 -0.85505700 1573.000000 16.000000 197.000000 3.000000
-1.76295900 -2.00114298 -0.89102501 706.000000 9.000000 154.000000 3.000000
-1.76600206 -2.06640911 -1.30532598 500.000000 4.000000 158.000000 3.000000
1.95667398 -1.95665205 -0.85474801 266.000000 2.000000 208.000000 3.000000
1.87137103 -1.96550298 -0.83739603 296.000000 2.000000 184.000000 3.000000
1.88271296 -2.00189400 -0.84855098 116.000000 1.000000 111.000000 3.000000
1.60931802 -2.00347304 -0.85682899 262.000000 3.000000 196.000000 3.000000
1.60521698 -2.02364302 -0.86147702 104.000000 1.000000 192.000000 3.000000
1.59102201 -2.03122902 -0.86048102 95.000000 1.000000 173.000000 3.000000
1.39821005 -2.01185703 -0.88509399 223.000000 1.000000 186.000000 3.000000
1.38583899 -2.02039790 -0.88509399 197.000000 1.000000 147.000000 3.000000
1.27207994 -2.00922298 -0.85767502 192.000000 1.000000 132.000000 3.000000
0.98933798 -2.03818488 -0.87498897 321.000000 3.000000 282.000000 3.000000
0.97521001 -2.04087806 -0.87347901 300.000000 2.000000 289.000000 3.000000
0.95910901 -2.03928900 -0.87007999 258.000000 2.000000 248.000000 3.000000
0.93876898 -2.02834392 -0.86252600 152.000000 1.000000 254.000000 3.000000
0.31123799 -2.32303309 0.92008197 97.000000 1.000000 156.000000 3.000000
0.21739000 -2.24825811 0.88770700 39.000000 1.000000 128.000000 3.000000
0.18923800 -2.24423695 0.88521701 21.000000 1.000000 137.000000 3.000000
0.17690900 -2.26399207 0.89233202 14.000000 1.000000 135.000000 3.000000
0.16447701 -2.28554296 0.90015900 10.000000 1.000000 123.000000 3.000000
0.13542600 -2.27059603 0.89375502 10.000000 1.000000 146.000000 3.000000
0.06476100 -2.24005103 0.88094801 19.000000 1.000000 117.000000 3.000000
0.05043600 -2.21424389 0.87098700 10.000000 1.000000 138.000000 3.000000
0.03671400 -2.20610094 0.86778498 12.000000 1.000000 133.000000 3.000000
-0.03177000 -2.26038909 0.88841897 30.000000 1.000000 134.000000 3.000000
-0.04563900 -2.26015210 0.88841897 154.000000 1.000000 117.000000 3.000000
-0.06094200 -2.31308103 0.90869701 51.000000 1.000000 166.000000 3.000000
-0.08877200 -2.29815102 0.90336102 26.000000 1.000000 134.000000 3.000000
-0.11701600 -2.29782200 0.90371698 43.000000 1.000000 139.000000 3.000000
-0.13089700 -2.29332805 0.90229398 80.000000 1.000000 114.000000 3.000000
-0.14508601 -2.29434705 0.90300500 84.000000 1.000000 133.000000 3.000000
-0.15942200 -2.29714298 0.90442801 346.000000 2.000000 132.000000 3.000000
-0.17330100 -2.29332590 0.90336102 957.000000 6.000000 158.000000 3.000000
-0.18736900 -2.29221892 0.90336102 576.000000 3.000000 160.000000 3.000000
-0.20175999 -2.29474998 0.90478402 655.000000 4.000000 142.000000 3.000000
-0.21627700 -2.29812098 0.90656298 722.000000 4.000000 141.000000 3.000000
-0.22981100 -2.29117203 0.90442801 849.000000 5.000000 161.000000 3.000000
-0.24436300 -2.29436493 0.90620703 901.000000 6.000000 160.000000 3.000000
-0.25885701 -2.29653692 0.90763003 866.000000 5.000000 156.000000 3.000000
-0.49234101 -2.23793602 0.90015900 679.000000 4.000000 133.000000 3.000000
-0.50647700 -2.23669600 0.90087098 1126.000000 7.000000 173.000000 3.000000
-0.53953302 -2.31636405 0.93324500 37.000000 1.000000 122.000000 3.000000
-0.78019601 -2.31632304 0.88948500 83.000000 1.000000 130.000000 3.000000
-0.80171603 -2.33291197 0.89745700 141.000000 1.000000 111.000000 3.000000
-0.80390298 -2.29321504 0.88450301 253.000000 2.000000 131.000000 3.000000
-0.81890702 -2.29090500 0.88550001 259.000000 2.000000 124.000000 3.000000
-0.83873498 -2.30179906 0.89147800 122.000000 1.000000 101.000000 3.000000
-0.85022700 -2.28953099 0.88882101 164.000000 1.000000 127.000000 3.000000
-0.86392701 -2.28338790 0.88848901 253.000000 2.000000 111.000000 3.000000
-0.87724602 -2.27628303 0.88782501 201.000000 2.000000 134.000000 3.000000
-0.89325500 -2.27612901 0.88981801 117.000000 1.000000 117.000000 3.000000
-0.92776698 -2.32231688 0.90941501 31.000000 1.000000 109.000000 3.000000
-1.22505903 -2.32048893 0.88299102 42.000000 1.000000 65.000000 3.000000
-1.22398901 -2.28443694 0.87247300 255.000000 2.000000 119.000000 3.000000
-1.24798703 -2.29525900 0.87927902 174.000000 1.000000 121.000000 3.000000
-1.26848400 -2.29921103 0.88361001 383.000000 3.000000 75.000000 3.000000
-1.27327001 -2.27479410 0.87742299 531.000000 4.000000 111.000000 3.000000
-1.30506301 -2.29835200 0.88917798 424.000000 3.000000 83.000000 3.000000
-1.30964005 -2.27382493 0.88299102 166.000000 1.000000 93.000000 3.000000
-1.27891803 -2.18940711 0.85422200 33.000000 1.000000 99.000000 3.000000
-1.38886702 -2.34428000 0.91578197 7.000000 1.000000 92.000000 3.000000
-1.61842704 -2.26165390 0.85874897 36.000000 1.000000 99.000000 3.000000
-1.66595697 -2.29828501 0.87588102 163.000000 2.000000 100.000000 3.000000
-1.66927099 -2.27332807 0.87045598 286.000000 3.000000 103.000000 3.000000
-1.69460595 -2.27843809 0.87616599 194.000000 2.000000 97.000000 3.000000
-1.89857697 -2.25389600 0.83205903 19.000000 1.000000 106.000000 3.000000
