2.46605897 1.58583295 -0.75376099 1919.000000 21.000000 246.000000 0.000000
2.36878300 1.58287299 -0.80312401 83.000000 1.000000 372.000000 0.000000
2.50953794 1.65500998 -0.84997702 417.000000 6.000000 422.000000 0.000000
2.51643491 1.63748503 -0.84883398 939.000000 15.000000 352.000000 0.000000
2.52079511 1.61838198 -0.84683400 1083.000000 17.000000 419.000000 0.000000
2.52097106 1.59671795 -0.84340602 540.000000 8.000000 433.000000 0.000000
2.61354899 1.63312697 -0.87254602 244.000000 3.000000 433.000000 0.000000
2.49447894 1.45398796 -0.81455201 216.000000 3.000000 456.000000 0.000000
2.48504496 1.68248403 -0.93097001 976.000000 10.000000 122.000000 0.000000
2.50006604 1.67037106 -0.93282902 2181.000000 27.000000 150.000000 0.000000
2.49518204 1.64506304 -0.92694199 2483.000000 33.000000 161.000000 0.000000
2.50443101 1.62920403 -0.92663199 1590.000000 18.000000 124.000000 0.000000
2.57280898 1.65127003 -0.94925100 375.000000 3.000000 102.000000 0.000000
2.52396989 1.53385103 -0.91547799 1585.000000 18.000000 139.000000 0.000000
2.49988794 1.49831104 -0.90277398 1269.000000 12.000000 195.000000 0.000000
2.46521807 1.72101700 -1.01054299 279.000000 4.000000 325.000000 0.000000
2.45710707 1.69298804 -1.00257599 568.000000 8.000000 341.000000 0.000000
2.48771000 1.69169796 -1.01120698 791.000000 12.000000 354.000000 0.000000
2.49804306 1.67640197 -1.01120698 756.000000 11.000000 364.000000 0.000000
2.50514007 1.65895498 -1.00987899 417.000000 6.000000 462.000000 0.000000
2.59938502 1.63114202 -1.03245497 282.000000 4.000000 500.000000 0.000000
2.53000498 1.56590605 -0.99958801 557.000000 8.000000 496.000000 0.000000
2.53554392 1.54788995 -0.99792802 624.000000 9.000000 543.000000 0.000000
2.55695105 1.82351303 -1.14824104 995.000000 11.000000 228.000000 0.000000
2.45879006 1.73091698 -1.09732103 1811.000000 21.000000 124.000000 0.000000
2.46168804 1.71046901 -1.09376001 2548.000000 35.000000 177.000000 0.000000
2.48524189 1.70431101 -1.09981406 2239.000000 29.000000 178.000000 0.000000
2.58157897 1.74712801 -1.13933897 1305.000000 15.000000 136.000000 0.000000
2.51706600 1.59320295 -1.08663797 1421.000000 15.000000 398.000000 0.000000
2.52600193 1.57723403 -1.08628201 1335.000000 14.000000 371.000000 0.000000
2.43518496 1.73120201 -1.16957903 636.000000 9.000000 295.000000 0.000000
2.44273305 1.71409500 -1.16806901 637.000000 9.000000 303.000000 0.000000
2.45092297 1.69748998 -1.16693497 619.000000 9.000000 295.000000 0.000000
2.46282005 1.68346703 -1.16769099 606.000000 9.000000 375.000000 0.000000
2.47693706 1.67091799 -1.16957903 542.000000 8.000000 347.000000 0.000000
2.49484396 1.66083002 -1.17335606 380.000000 5.000000 387.000000 0.000000
2.50628591 1.60262895 -1.16429198 516.000000 7.000000 451.000000 0.000000
1.51190603 1.66177404 -0.50745201 895.000000 9.000000 185.000000 0.000000
1.50150895 1.55169594 -0.48596901 308.000000 2.000000 106.000000 0.000000
1.40859699 1.65671098 -0.54728198 845.000000 5.000000 792.000000 0.000000
1.44430304 1.55793095 -0.53360403 515.000000 2.000000 370.000000 0.000000
1.49276805 1.51426697 -0.53412998 1226.000000 7.000000 329.000000 0.000000
1.47338998 1.47641504 -0.52308297 1868.000000 12.000000 292.000000 0.000000
1.49820197 1.48294699 -0.52913302 2339.000000 17.000000 269.000000 0.000000
1.50520205 1.47170401 -0.52834398 2452.000000 19.000000 276.000000 0.000000
1.49753904 1.44636500 -0.52203101 1878.000000 13.000000 291.000000 0.000000
1.53362596 1.46310496 -0.53228903 259.000000 1.000000 222.000000 0.000000
1.53691399 1.39585900 -0.52045298 1945.000000 13.000000 249.000000 0.000000
1.53898203 1.38060796 -0.51808602 2106.000000 15.000000 210.000000 0.000000
1.52176201 1.69875205 -0.63371098 358.000000 3.000000 217.000000 0.000000
1.50774002 1.66236496 -0.62285501 1434.000000 15.000000 165.000000 0.000000
1.51791203 1.65308201 -0.62285501 1423.000000 15.000000 167.000000 0.000000
1.52281702 1.63811302 -0.62056899 1408.000000 15.000000 156.000000 0.000000
1.52366197 1.61895096 -0.61657000 1292.000000 14.000000 150.000000 0.000000
1.47814405 1.55119097 -0.59257197 1679.000000 17.000000 172.000000 0.000000
1.48962605 1.54416502 -0.59342903 1817.000000 19.000000 138.000000 0.000000
1.49706805 1.53293502 -0.59257197 1624.000000 16.000000 138.000000 0.000000
1.48963296 1.50665200 -0.58543003 2178.000000 24.000000 177.000000 0.000000
1.49546695 1.49408996 -0.58400100 2336.000000 27.000000 203.000000 0.000000
1.50596797 1.48623502 -0.58457297 2225.000000 25.000000 153.000000 0.000000
1.51437402 1.47629595 -0.58428699 1510.000000 15.000000 168.000000 0.000000
1.54131699 1.41292500 -0.57714498 1038.000000 9.000000 185.000000 0.000000
1.54073799 1.39506102 -0.57343102 2133.000000 23.000000 165.000000 0.000000
1.55711305 1.39262402 -0.57657301 554.000000 4.000000 151.000000 0.000000
1.48970103 1.58446896 -0.66171300 1310.000000 8.000000 334.000000 0.000000
1.49939501 1.57529902 -0.66171300 1315.000000 8.000000 332.000000 0.000000
1.49847102 1.55512094 -0.65675598 634.000000 3.000000 306.000000 0.000000
1.48340404 1.52073002 -0.64529097 1821.000000 12.000000 343.000000 0.000000
1.49136996 1.51024699 -0.64467102 2156.000000 15.000000 303.000000 0.000000
1.50397205 1.50442803 -0.64622098 2087.000000 15.000000 329.000000 0.000000
1.51114500 1.49316800 -0.64529097 1826.000000 12.000000 292.000000 0.000000
1.52232003 1.48585904 -0.64622098 577.000000 3.000000 178.000000 0.000000
1.53494298 1.40890801 -0.63196802 2084.000000 15.000000 225.000000 0.000000
1.53933001 1.39563501 -0.63010901 1149.000000 7.000000 216.000000 0.000000
1.49500406 1.55566394 -0.71174699 1285.000000 12.000000 172.000000 0.000000
1.49336100 1.53494704 -0.70610303 2123.000000 23.000000 158.000000 0.000000
1.51199996 1.53518105 -0.71075100 2475.000000 29.000000 189.000000 0.000000
1.50610101 1.51048195 -0.70311499 1978.000000 21.000000 169.000000 0.000000
1.52604306 1.51185501 -0.70842701 816.000000 7.000000 116.000000 0.000000
1.53312004 1.42825103 -0.68983501 881.000000 7.000000 148.000000 0.000000
1.55086195 1.42713797 -0.69415098 1724.000000 17.000000 175.000000 0.000000
1.55053198 1.40932906 -0.68983501 678.000000 5.000000 126.000000 0.000000
1.47291803 1.58546805 -0.77613199 1214.000000 8.000000 396.000000 0.000000
1.48453999 1.57844198 -0.77719998 1801.000000 14.000000 347.000000 0.000000
1.49290800 1.56795001 -0.77648801 1716.000000 13.000000 344.000000 0.000000
1.49665999 1.55270898 -0.77328300 2313.000000 19.000000 345.000000 0.000000
1.50615895 1.54349601 -0.77328300 2242.000000 19.000000 366.000000 0.000000
1.52348697 1.54219794 -0.77755600 1864.000000 14.000000 319.000000 0.000000
1.51771402 1.51763403 -0.76936603 444.000000 2.000000 249.000000 0.000000
1.45390606 1.41867900 -0.72556800 131.000000 1.000000 218.000000 0.000000
1.46864295 1.41556299 -0.72877198 172.000000 1.000000 214.000000 0.000000
1.48339498 1.41232002 -0.73197699 186.000000 1.000000 189.000000 0.000000
1.50497496 1.41534698 -0.73874301 255.000000 1.000000 217.000000 0.000000
1.54651296 1.43659198 -0.75583500 1161.000000 7.000000 197.000000 0.000000
1.54909801 1.42139399 -0.75263000 457.000000 2.000000 194.000000 0.000000
1.46927297 1.57451797 -0.82928997 1362.000000 15.000000 161.000000 0.000000
1.47763801 1.56412494 -0.82853502 2057.000000 25.000000 128.000000 0.000000
1.49934196 1.56776595 -0.83571100 1728.000000 20.000000 170.000000 0.000000
1.51921797 1.56920004 -0.84175402 413.000000 3.000000 114.000000 0.000000
1.53354299 1.45337498 -0.81267202 904.000000 8.000000 152.000000 0.000000
1.53770900 1.43949902 -0.81002897 1957.000000 21.000000 129.000000 0.000000
1.55194104 1.43507695 -0.81304997 601.000000 5.000000 113.000000 0.000000
1.49828696 1.57196605 -0.90274602 299.000000 1.000000 302.000000 0.000000
1.54639304 1.47069800 -0.88627201 1781.000000 13.000000 254.000000 0.000000
1.54269898 1.44927704 -0.87863898 1016.000000 7.000000 190.000000 0.000000
1.44726801 1.61777306 -0.96241897 1846.000000 22.000000 191.000000 0.000000
1.45534599 1.60684395 -0.96114999 1906.000000 23.000000 268.000000 0.000000
1.55259204 1.49746704 -0.95607501 984.000000 10.000000 393.000000 0.000000
1.54407001 1.47100103 -0.94465601 1627.000000 19.000000 166.000000 0.000000
1.42058396 1.60202503 -1.01722598 744.000000 5.000000 617.000000 0.000000
1.44773304 1.61257398 -1.03017902 1385.000000 10.000000 539.000000 0.000000
1.46904194 1.61623299 -1.03866601 1123.000000 7.000000 451.000000 0.000000
1.47711301 1.60521495 -1.03732598 544.000000 3.000000 477.000000 0.000000
1.54485404 1.50315595 -1.02437198 1682.000000 13.000000 345.000000 0.000000
1.55856597 1.49798596 -1.02749896 1161.000000 8.000000 367.000000 0.000000
1.60295105 1.48484099 -1.03911197 839.000000 5.000000 422.000000 0.000000
1.45507598 1.72075796 -1.13929999 790.000000 9.000000 155.000000 0.000000
1.40021002 1.63512099 -1.08600903 1383.000000 15.000000 180.000000 0.000000
1.40097201 1.61579299 -1.07852900 1348.000000 15.000000 143.000000 0.000000
1.39805901 1.59252501 -1.06824505 1461.000000 16.000000 164.000000 0.000000
1.37381995 1.54552495 -1.04113197 1399.000000 16.000000 165.000000 0.000000
1.46410596 1.62725699 -1.10517502 927.000000 9.000000 168.000000 0.000000
1.48178506 1.62675297 -1.11125195 675.000000 6.000000 158.000000 0.000000
1.49831700 1.62479198 -1.11639404 658.000000 7.000000 140.000000 0.000000
1.50705397 1.61427295 -1.11545897 630.000000 7.000000 185.000000 0.000000
1.51329505 1.60113394 -1.11265397 693.000000 7.000000 150.000000 0.000000
1.51882195 1.58733904 -1.10938203 806.000000 8.000000 154.000000 0.000000
1.53405702 1.58371496 -1.11359000 820.000000 8.000000 149.000000 0.000000
1.57216001 1.60336196 -1.13509297 649.000000 7.000000 157.000000 0.000000
1.54540396 1.51889205 -1.09348798 1114.000000 12.000000 175.000000 0.000000
1.55596101 1.51061499 -1.09442306 1098.000000 12.000000 183.000000 0.000000
1.39540303 1.67143202 -1.17292297 765.000000 5.000000 669.000000 0.000000
1.39549994 1.65086806 -1.16409004 775.000000 5.000000 659.000000 0.000000
1.39879894 1.63433504 -1.15820098 730.000000 4.000000 613.000000 0.000000
1.40651703 1.62308896 -1.15623796 571.000000 3.000000 612.000000 0.000000
1.41875005 1.61704695 -1.15820098 689.000000 4.000000 624.000000 0.000000
1.44601703 1.62784195 -1.17292297 954.000000 7.000000 629.000000 0.000000
1.45364594 1.61634898 -1.17095995 1109.000000 7.000000 550.000000 0.000000
1.46412301 1.60804296 -1.17145097 1129.000000 8.000000 431.000000 0.000000
1.47514403 1.60030997 -1.17243302 1172.000000 9.000000 399.000000 0.000000
1.49266899 1.59950399 -1.17881203 1360.000000 11.000000 380.000000 0.000000
1.50365305 1.59158099 -1.17979395 1232.000000 10.000000 390.000000 0.000000
0.57112902 1.46765304 -0.59324098 1238.000000 7.000000 158.000000 0.000000
0.58080101 1.46584404 -0.59399599 2179.000000 15.000000 203.000000 0.000000
0.57808501 1.43302596 -0.58115500 2585.000000 20.000000 264.000000 0.000000
0.56052601 1.45179999 -0.63274401 1810.000000 10.000000 140.000000 0.000000
0.56640100 1.44066596 -0.62912798 2178.000000 13.000000 197.000000 0.000000
0.57864100 1.44566202 -0.63314599 2570.000000 17.000000 182.000000 0.000000
0.58853900 1.44462800 -0.63435102 2659.000000 18.000000 161.000000 0.000000
0.58298302 1.40631902 -0.61787802 2364.000000 15.000000 158.000000 0.000000
0.57590997 1.36560404 -0.60019898 2265.000000 14.000000 151.000000 0.000000
0.56390798 1.48741400 -0.69174099 874.000000 5.000000 162.000000 0.000000
0.57010603 1.47631097 -0.68793499 1856.000000 14.000000 198.000000 0.000000
0.57289600 1.45674503 -0.67989898 2298.000000 17.000000 225.000000 0.000000
0.57680500 1.44057000 -0.67355502 2504.000000 19.000000 233.000000 0.000000
0.58699203 1.44036496 -0.67524701 2321.000000 17.000000 273.000000 0.000000
0.57547200 1.38729501 -0.65029299 1800.000000 12.000000 257.000000 0.000000
0.58397400 1.38373804 -0.65029299 1774.000000 12.000000 285.000000 0.000000
0.55700302 1.49308503 -0.74386603 1219.000000 6.000000 155.000000 0.000000
0.55946398 1.47208202 -0.73448598 2201.000000 14.000000 187.000000 0.000000
0.56751502 1.46611905 -0.73314601 2695.000000 20.000000 165.000000 0.000000
0.57912999 1.46926606 -0.73671901 2797.000000 21.000000 239.000000 0.000000
0.58245802 1.45157397 -0.72912598 2602.000000 18.000000 206.000000 0.000000
0.57915002 1.41816497 -0.71304601 2225.000000 14.000000 147.000000 0.000000
0.58405501 1.40550005 -0.70813298 2292.000000 14.000000 226.000000 0.000000
0.59197003 1.40024197 -0.70723897 547.000000 2.000000 110.000000 0.000000
0.53753000 1.54659605 -0.81347603 414.000000 2.000000 139.000000 0.000000
0.54876798 1.54827201 -0.81628001 874.000000 5.000000 125.000000 0.000000
0.54543298 1.50909197 -0.79617900 1070.000000 7.000000 192.000000 0.000000
0.55255800 1.49990499 -0.79290700 1623.000000 12.000000 149.000000 0.000000
0.55681598 1.48323095 -0.78542799 1771.000000 13.000000 197.000000 0.000000
0.56935501 1.48887801 -0.79057002 1684.000000 12.000000 192.000000 0.000000
0.57465702 1.47546196 -0.78495997 1511.000000 11.000000 216.000000 0.000000
0.56784099 1.43159902 -0.76205403 1339.000000 9.000000 199.000000 0.000000
0.57924402 1.43465304 -0.76579398 1429.000000 10.000000 199.000000 0.000000
0.57535499 1.39996505 -0.74803001 1123.000000 6.000000 221.000000 0.000000
0.58393401 1.39640796 -0.74803001 378.000000 2.000000 241.000000 0.000000
0.60467601 1.32949305 -0.71998203 125.000000 1.000000 491.000000 0.000000
0.61872000 1.33861399 -0.72746199 106.000000 1.000000 539.000000 0.000000
0.63214999 1.34600997 -0.73400599 107.000000 1.000000 524.000000 0.000000
0.64304602 1.34769797 -0.73727900 88.000000 1.000000 559.000000 0.000000
0.65436900 1.35010004 -0.74101800 88.000000 1.000000 628.000000 0.000000
0.42588100 1.45770502 -0.80191499 310.000000 1.000000 192.000000 0.000000
0.50438601 1.68708003 -0.93834400 437.000000 2.000000 214.000000 0.000000
0.45029700 1.44213605 -0.79749799 175.000000 1.000000 158.000000 0.000000
0.45984000 1.41165495 -0.78277600 177.000000 1.000000 142.000000 0.000000
0.48231599 1.39307499 -0.77688700 163.000000 1.000000 165.000000 0.000000
0.48852801 1.38351905 -0.77296102 118.000000 1.000000 155.000000 0.000000
0.49907899 1.38623202 -0.77639598 146.000000 1.000000 141.000000 0.000000
0.50727499 1.38232601 -0.77590501 159.000000 1.000000 141.000000 0.000000
0.54297799 1.45179498 -0.81958199 352.000000 1.000000 134.000000 0.000000
0.56182599 1.47448099 -0.83528602 651.000000 3.000000 132.000000 0.000000
0.55222201 1.42309797 -0.80633199 1365.000000 7.000000 128.000000 0.000000
0.55291998 1.39943194 -0.79406297 2161.000000 13.000000 163.000000 0.000000
0.56573302 1.40651798 -0.80044299 1493.000000 8.000000 145.000000 0.000000
0.50994998 1.76334798 -1.03624403 747.000000 6.000000 195.000000 0.000000
0.52680898 1.78081203 -1.04901099 662.000000 6.000000 206.000000 0.000000
0.55920899 1.80873597 -1.07045996 675.000000 6.000000 235.000000 0.000000
0.50294000 1.59031904 -0.93665898 910.000000 7.000000 165.000000 0.000000
0.51399899 1.59129798 -0.93921202 1337.000000 11.000000 162.000000 0.000000
0.51467103 1.56032896 -0.92184901 1791.000000 14.000000 204.000000 0.000000
0.52341801 1.55469501 -0.92031699 1823.000000 14.000000 174.000000 0.000000
0.53405702 1.55470896 -0.92235899 1680.000000 13.000000 194.000000 0.000000
0.54443198 1.55384004 -0.92389101 1566.000000 11.000000 183.000000 0.000000
0.55424303 1.55128002 -0.92440200 1404.000000 10.000000 190.000000 0.000000
0.54827100 1.50499296 -0.89733499 873.000000 6.000000 193.000000 0.000000
0.56670398 1.52661204 -0.91316700 494.000000 3.000000 327.000000 0.000000
0.55733699 1.47319698 -0.88150400 829.000000 5.000000 259.000000 0.000000
0.55470401 1.43923104 -0.86209798 1490.000000 11.000000 192.000000 0.000000
0.55354500 1.41016102 -0.84575498 1232.000000 8.000000 213.000000 0.000000
0.58942801 1.47547698 -0.88967502 306.000000 1.000000 342.000000 0.000000
0.48324901 1.72610104 -1.07654703 659.000000 4.000000 246.000000 0.000000
0.48292300 1.64703405 -1.02849495 853.000000 4.000000 203.000000 0.000000
0.48157200 1.60598397 -1.00340104 1211.000000 7.000000 228.000000 0.000000
0.49141800 1.60299802 -1.00340104 1224.000000 7.000000 182.000000 0.000000
0.49896300 1.59269297 -0.99859601 1446.000000 9.000000 210.000000 0.000000
0.50588298 1.58074605 -0.99272299 1493.000000 9.000000 178.000000 0.000000
0.51425600 1.57359397 -0.99005300 1591.000000 10.000000 217.000000 0.000000
0.52631700 1.57762599 -0.99485803 1280.000000 7.000000 220.000000 0.000000
0.54063100 1.58797002 -1.00393498 1055.000000 6.000000 193.000000 0.000000
0.56566000 1.62854099 -1.03330004 705.000000 4.000000 232.000000 0.000000
0.54401702 1.47824097 -0.93933201 858.000000 4.000000 343.000000 0.000000
0.53194600 1.41868401 -0.90142399 1630.000000 10.000000 210.000000 0.000000
0.54729497 1.43276405 -0.91316998 1147.000000 6.000000 167.000000 0.000000
0.61323398 1.57589495 -1.01247704 389.000000 2.000000 140.000000 0.000000
0.74336100 1.44411504 -0.97029901 717.000000 3.000000 579.000000 0.000000
0.42199701 1.81653202 -1.18307602 908.000000 8.000000 234.000000 0.000000
0.40958199 1.71420395 -1.11500895 743.000000 6.000000 197.000000 0.000000
0.38413900 1.56353498 -1.01373804 920.000000 7.000000 215.000000 0.000000
0.40017101 1.58701098 -1.03144705 1136.000000 9.000000 211.000000 0.000000
0.41113999 1.58936703 -1.03476703 821.000000 6.000000 178.000000 0.000000
0.43356401 1.63515401 -1.06797099 1043.000000 8.000000 194.000000 0.000000
0.44791400 1.64855099 -1.07903802 1059.000000 8.000000 211.000000 0.000000
0.45802099 1.64577103 -1.07903802 850.000000 6.000000 203.000000 0.000000
0.46833700 1.64373100 -1.07959199 845.000000 6.000000 182.000000 0.000000
0.47610301 1.63282394 -1.07405806 1052.000000 8.000000 194.000000 0.000000
0.48493400 1.62587798 -1.07129097 917.000000 7.000000 172.000000 0.000000
0.48912001 1.60373604 -1.05800998 1130.000000 9.000000 170.000000 0.000000
0.49108800 1.57523799 -1.04030097 1344.000000 11.000000 188.000000 0.000000
0.50174701 1.57537198 -1.04251397 1274.000000 11.000000 184.000000 0.000000
0.51344800 1.57860601 -1.04694200 1009.000000 8.000000 204.000000 0.000000
0.52338398 1.57621706 -1.04749501 1046.000000 8.000000 211.000000 0.000000
0.56354201 1.66377699 -1.11113501 782.000000 6.000000 205.000000 0.000000
0.61775500 1.78872204 -1.20133805 537.000000 4.000000 198.000000 0.000000
0.56190902 1.56289804 -1.04749501 644.000000 5.000000 308.000000 0.000000
0.52910000 1.44277799 -0.96504003 1375.000000 10.000000 215.000000 0.000000
0.53881103 1.44184804 -0.96670002 1193.000000 8.000000 209.000000 0.000000
0.59175801 1.55540705 -1.04970896 646.000000 5.000000 226.000000 0.000000
0.61952001 1.59917200 -1.08346498 711.000000 5.000000 272.000000 0.000000
0.64419800 1.63334596 -1.11058199 811.000000 6.000000 270.000000 0.000000
0.65883303 1.64096904 -1.11888301 799.000000 7.000000 323.000000 0.000000
0.67076802 1.64152598 -1.12220299 792.000000 7.000000 317.000000 0.000000
0.69163400 1.66355598 -1.14101803 723.000000 6.000000 349.000000 0.000000
0.74408299 1.75987995 -1.21351194 649.000000 6.000000 365.000000 0.000000
0.34152001 1.79396403 -1.22952402 806.000000 5.000000 202.000000 0.000000
0.35521400 1.80546701 -1.23931599 595.000000 3.000000 209.000000 0.000000
0.36661300 1.80485594 -1.24046803 720.000000 4.000000 219.000000 0.000000
0.37397799 1.78497398 -1.22779596 836.000000 5.000000 257.000000 0.000000
0.38115501 1.66624904 -1.14715505 935.000000 5.000000 225.000000 0.000000
0.38554901 1.63921595 -1.12929904 1048.000000 6.000000 211.000000 0.000000
0.37227899 1.54069698 -1.05960202 895.000000 5.000000 202.000000 0.000000
0.38073799 1.53441703 -1.05672300 879.000000 5.000000 231.000000 0.000000
0.39095601 1.53522003 -1.05902600 893.000000 5.000000 227.000000 0.000000
0.40679500 1.55730498 -1.07688296 952.000000 5.000000 263.000000 0.000000
0.42079800 1.57135701 -1.08897901 732.000000 4.000000 238.000000 0.000000
0.43759301 1.59475398 -1.10798705 807.000000 4.000000 204.000000 0.000000
0.46045899 1.63845801 -1.14197099 1036.000000 6.000000 224.000000 0.000000
0.47209001 1.64110005 -1.14600301 1089.000000 6.000000 212.000000 0.000000
0.48168799 1.63660395 -1.14485097 1076.000000 6.000000 241.000000 0.000000
0.49313799 1.63831306 -1.14830697 1225.000000 7.000000 198.000000 0.000000
0.50245798 1.63291299 -1.14657903 1216.000000 7.000000 218.000000 0.000000
0.51123899 1.62590098 -1.14369905 1046.000000 6.000000 246.000000 0.000000
0.52421302 1.63207102 -1.15061104 1031.000000 6.000000 215.000000 0.000000
0.53242999 1.62338805 -1.14657903 973.000000 5.000000 221.000000 0.000000
0.56345499 1.68286002 -1.19323599 792.000000 5.000000 210.000000 0.000000
0.55575502 1.62678504 -1.15406704 977.000000 5.000000 191.000000 0.000000
0.52311999 1.50141799 -1.06305897 1081.000000 6.000000 245.000000 0.000000
0.51338899 1.44504905 -1.02331400 1535.000000 9.000000 242.000000 0.000000
0.53229398 1.46953106 -1.04404998 1162.000000 6.000000 220.000000 0.000000
0.58529299 1.58505905 -1.13333094 948.000000 5.000000 212.000000 0.000000
0.60770297 1.61509097 -1.15867496 831.000000 4.000000 171.000000 0.000000
0.62669098 1.63498604 -1.17653096 792.000000 5.000000 181.000000 0.000000
0.71309698 1.67320597 -1.22433996 1226.000000 8.000000 209.000000 0.000000
0.72432703 1.67104805 -1.22606802 1324.000000 9.000000 196.000000 0.000000
0.73192400 1.66059101 -1.22145998 1305.000000 8.000000 206.000000 0.000000
0.71999800 1.60685205 -1.18344402 1338.000000 9.000000 206.000000 0.000000
0.38715100 1.70239103 -1.23436201 760.000000 7.000000 278.000000 0.000000
0.39976099 1.70938003 -1.24150205 578.000000 5.000000 227.000000 0.000000
0.40671301 1.69203699 -1.23019695 679.000000 6.000000 255.000000 0.000000
0.41441900 1.67857802 -1.22186804 729.000000 6.000000 244.000000 0.000000
0.41885099 1.65261400 -1.20401895 881.000000 8.000000 268.000000 0.000000
0.43178499 1.66091096 -1.21234798 839.000000 8.000000 232.000000 0.000000
0.43807501 1.64346397 -1.20104396 901.000000 8.000000 241.000000 0.000000
0.45150501 1.65315998 -1.21056402 1292.000000 13.000000 262.000000 0.000000
0.45735201 1.63486600 -1.19866395 937.000000 7.000000 222.000000 0.000000
0.46737501 1.63202906 -1.19866395 1141.000000 9.000000 231.000000 0.000000
0.47648400 1.62604296 -1.19628406 969.000000 8.000000 225.000000 0.000000
0.48622400 1.62231803 -1.19568896 957.000000 8.000000 271.000000 0.000000
0.49663600 1.62084198 -1.19687903 889.000000 7.000000 263.000000 0.000000
0.50609499 1.61622906 -1.19568896 857.000000 7.000000 213.000000 0.000000
0.51527399 1.61079395 -1.19390500 817.000000 6.000000 206.000000 0.000000
0.52465302 1.60607302 -1.19271505 821.000000 6.000000 274.000000 0.000000
0.52844602 1.58450794 -1.17843604 803.000000 6.000000 258.000000 0.000000
0.51683998 1.51802194 -1.12905395 897.000000 7.000000 265.000000 0.000000
0.50836098 1.46314096 -1.08859599 1063.000000 9.000000 274.000000 0.000000
0.53223503 1.50246406 -1.12191403 841.000000 6.000000 243.000000 0.000000
0.57556802 1.59452105 -1.19687903 627.000000 5.000000 259.000000 0.000000
0.58754498 1.59700000 -1.20163906 641.000000 6.000000 282.000000 0.000000
0.60433501 1.61219895 -1.21651304 667.000000 6.000000 285.000000 0.000000
0.44651401 1.57965899 -1.22817302 821.000000 4.000000 237.000000 0.000000
0.45422399 1.57008898 -1.22261798 812.000000 4.000000 255.000000 0.000000
0.46653801 1.57632303 -1.23002398 775.000000 4.000000 247.000000 0.000000
0.47825900 1.58020699 -1.23557901 831.000000 5.000000 230.000000 0.000000
0.48911199 1.58099997 -1.23866498 767.000000 4.000000 227.000000 0.000000
0.49975500 1.58096898 -1.24113297 715.000000 4.000000 223.000000 0.000000
0.50896102 1.57637596 -1.23989904 808.000000 4.000000 224.000000 0.000000
0.49095699 1.48955405 -1.17077601 1106.000000 6.000000 227.000000 0.000000
0.50084299 1.48874998 -1.17262697 1056.000000 6.000000 247.000000 0.000000
0.53071803 1.54591000 -1.22261798 927.000000 5.000000 207.000000 0.000000
0.54254001 1.54930604 -1.22817302 897.000000 5.000000 226.000000 0.000000
0.55362803 1.55039203 -1.23187602 778.000000 4.000000 188.000000 0.000000
0.55881298 1.53514004 -1.22200096 1047.000000 6.000000 255.000000 0.000000
0.57014298 1.53684402 -1.22632098 798.000000 4.000000 203.000000 0.000000
0.57816702 1.52963805 -1.22323501 791.000000 4.000000 215.000000 0.000000
0.58980900 1.53193402 -1.22817302 806.000000 4.000000 208.000000 0.000000
0.79750597 1.43030798 -1.22508705 1633.000000 11.000000 224.000000 0.000000
-0.41137901 1.28769505 -0.66248399 1530.000000 9.000000 119.000000 0.000000
-0.40160501 1.28429401 -0.65921199 1242.000000 7.000000 130.000000 0.000000
-0.39502299 1.29095697 -0.66154897 257.000000 1.000000 103.000000 0.000000
-0.36177999 1.29515898 -0.65874398 1753.000000 11.000000 163.000000 0.000000
-0.36229700 1.32802999 -0.67557299 1974.000000 14.000000 179.000000 0.000000
-0.36104500 1.35583401 -0.68959701 1598.000000 10.000000 117.000000 0.000000
-0.34529901 1.32981098 -0.67417002 955.000000 5.000000 134.000000 0.000000
-0.35338300 1.39527094 -0.70876300 162.000000 1.000000 149.000000 0.000000
-0.43204600 1.31623995 -0.72683001 946.000000 4.000000 141.000000 0.000000
-0.39368701 1.27815700 -0.69983900 617.000000 3.000000 126.000000 0.000000
-0.41890201 1.39070499 -0.76461798 290.000000 1.000000 135.000000 0.000000
-0.40132400 1.39406502 -0.76363599 1431.000000 7.000000 127.000000 0.000000
-0.39487800 1.40405202 -0.76805300 1509.000000 8.000000 153.000000 0.000000
-0.37659800 1.37115204 -0.74744201 1930.000000 11.000000 168.000000 0.000000
-0.36817801 1.37343705 -0.74744201 1985.000000 12.000000 186.000000 0.000000
-0.36018300 1.37735605 -0.74842298 1839.000000 10.000000 151.000000 0.000000
-0.36073101 1.41500902 -0.76903498 1489.000000 8.000000 147.000000 0.000000
-0.35057700 1.41127598 -0.76559901 756.000000 3.000000 124.000000 0.000000
-0.42870799 1.29807401 -0.75791597 496.000000 2.000000 146.000000 0.000000
-0.42714900 1.32029295 -0.77017301 1353.000000 8.000000 172.000000 0.000000
-0.42061299 1.32780099 -0.77323699 1289.000000 8.000000 142.000000 0.000000
-0.41168600 1.32789600 -0.77170497 1008.000000 6.000000 132.000000 0.000000
-0.42899799 1.41341496 -0.82328498 386.000000 2.000000 136.000000 0.000000
-0.39864299 1.40619600 -0.81409198 937.000000 5.000000 131.000000 0.000000
-0.39278999 1.41855001 -0.82022101 1496.000000 9.000000 173.000000 0.000000
-0.38748100 1.43337297 -0.82788098 1727.000000 11.000000 164.000000 0.000000
-0.37557501 1.42409396 -0.82073098 1607.000000 10.000000 163.000000 0.000000
-0.36618000 1.42387605 -0.81919903 1585.000000 10.000000 151.000000 0.000000
-0.35976300 1.43526196 -0.82481700 1027.000000 6.000000 131.000000 0.000000
-0.30780900 1.49735999 -0.85392600 331.000000 2.000000 133.000000 0.000000
-0.26617000 1.47824597 -0.83809501 315.000000 2.000000 148.000000 0.000000
-0.44127899 1.34836996 -0.84055799 515.000000 2.000000 117.000000 0.000000
-0.43299699 1.35105205 -0.84055799 493.000000 2.000000 106.000000 0.000000
-0.41763499 1.33108699 -0.82560903 288.000000 1.000000 103.000000 0.000000
-0.41069600 1.33766699 -0.82827902 194.000000 1.000000 117.000000 0.000000
-0.40296501 1.34178197 -0.82934600 206.000000 1.000000 138.000000 0.000000
-0.39472499 1.34423006 -0.82934600 194.000000 1.000000 107.000000 0.000000
-0.38554001 1.34337401 -0.82721102 187.000000 1.000000 132.000000 0.000000
-0.37660700 1.34327102 -0.82560903 215.000000 1.000000 121.000000 0.000000
-0.36657900 1.33903098 -0.82133800 180.000000 1.000000 105.000000 0.000000
-0.35770401 1.33880401 -0.81973600 233.000000 1.000000 114.000000 0.000000
-0.34969401 1.34179199 -0.82027000 245.000000 1.000000 136.000000 0.000000
-0.34000301 1.33817399 -0.81653202 224.000000 1.000000 106.000000 0.000000
-0.33158401 1.33941400 -0.81599897 207.000000 1.000000 125.000000 0.000000
-0.32355601 1.34224606 -0.81653202 227.000000 1.000000 145.000000 0.000000
-0.31512201 1.34338200 -0.81599897 210.000000 1.000000 108.000000 0.000000
-0.30500099 1.33704495 -0.81066000 255.000000 1.000000 115.000000 0.000000
-0.29824901 1.34549701 -0.81493098 241.000000 1.000000 159.000000 0.000000
-0.54292399 1.61799002 -1.07793200 515.000000 3.000000 219.000000 0.000000
-0.46612301 1.41969502 -0.93681699 600.000000 4.000000 438.000000 0.000000
-0.44299200 1.37816596 -0.90582699 1160.000000 8.000000 233.000000 0.000000
-0.43452701 1.38085902 -0.90582699 1187.000000 8.000000 196.000000 0.000000
-0.43743601 1.42008102 -0.93128300 471.000000 3.000000 232.000000 0.000000
-0.44304699 1.50277197 -0.98496199 638.000000 4.000000 216.000000 0.000000
-0.42356899 1.47027600 -0.96061200 1104.000000 7.000000 207.000000 0.000000
-0.41499501 1.47444904 -0.96171898 1578.000000 12.000000 187.000000 0.000000
-0.40504801 1.47375798 -0.95950598 1379.000000 10.000000 224.000000 0.000000
-0.39817899 1.48425400 -0.96504003 1196.000000 8.000000 223.000000 0.000000
-0.39076999 1.49310994 -0.96946698 839.000000 5.000000 210.000000 0.000000
-0.39680699 1.55435097 -1.00986397 1010.000000 8.000000 261.000000 0.000000
-0.38177201 1.53494799 -0.99492300 1237.000000 9.000000 210.000000 0.000000
-0.37075901 1.53079104 -0.99049598 561.000000 3.000000 194.000000 0.000000
-0.42557201 1.80200803 -1.17422199 403.000000 3.000000 245.000000 0.000000
-0.31844601 1.47271502 -0.94511801 415.000000 2.000000 285.000000 0.000000
-0.32449600 1.54551601 -0.99326301 637.000000 4.000000 199.000000 0.000000
-0.30759400 1.51158702 -0.96891302 527.000000 3.000000 305.000000 0.000000
-0.58630300 1.72691596 -1.22779596 743.000000 4.000000 194.000000 0.000000
-0.48250899 1.44962096 -1.01928198 811.000000 4.000000 214.000000 0.000000
-0.47385800 1.45333195 -1.01985800 762.000000 4.000000 237.000000 0.000000
-0.44658899 1.39856899 -0.97723401 1301.000000 7.000000 191.000000 0.000000
-0.43581101 1.39425898 -0.97205001 1217.000000 7.000000 165.000000 0.000000
-0.44964799 1.47040904 -1.02619398 837.000000 4.000000 154.000000 0.000000
-0.44318601 1.48175800 -1.03252995 1404.000000 8.000000 175.000000 0.000000
-0.43019801 1.47110796 -1.02273798 1574.000000 9.000000 190.000000 0.000000
-0.42452100 1.48551202 -1.03137803 1428.000000 8.000000 197.000000 0.000000
-0.41364601 1.48178899 -1.02677000 1529.000000 9.000000 205.000000 0.000000
-0.41033000 1.50559902 -1.04232204 1037.000000 5.000000 204.000000 0.000000
-0.42537001 1.59974897 -1.10913897 494.000000 2.000000 144.000000 0.000000
-0.40136400 1.67410803 -1.15579498 632.000000 3.000000 204.000000 0.000000
-0.38405401 1.64628303 -1.13390696 535.000000 3.000000 205.000000 0.000000
-0.37052199 1.63345802 -1.12296295 515.000000 2.000000 182.000000 0.000000
-0.32609099 1.52355301 -1.04059398 723.000000 3.000000 224.000000 0.000000
-0.53179002 1.62487996 -1.20758903 560.000000 5.000000 230.000000 0.000000
-0.45674700 1.42698705 -1.05111301 890.000000 6.000000 227.000000 0.000000
-0.44846800 1.43129599 -1.05230296 900.000000 6.000000 229.000000 0.000000
-0.44205701 1.44169700 -1.05825305 1001.000000 7.000000 220.000000 0.000000
-0.43740201 1.45822799 -1.06896198 1277.000000 9.000000 263.000000 0.000000
-0.41656199 1.42081404 -1.03802395 1837.000000 15.000000 265.000000 0.000000
-0.40649301 1.41871202 -1.03445399 2071.000000 17.000000 302.000000 0.000000
-0.39778000 1.42117906 -1.03445399 2054.000000 17.000000 263.000000 0.000000
-0.38926700 1.42436802 -1.03504896 1958.000000 16.000000 301.000000 0.000000
-0.37989101 1.42440200 -1.03326499 1838.000000 15.000000 264.000000 0.000000
-0.37483099 1.44069600 -1.04397404 1660.000000 13.000000 230.000000 0.000000
-0.36758399 1.44919598 -1.04873395 1296.000000 9.000000 277.000000 0.000000
-0.36981401 1.49586594 -1.08264601 744.000000 5.000000 260.000000 0.000000
-0.37757900 1.56760395 -1.13559794 439.000000 3.000000 219.000000 0.000000
-0.38206401 1.62932396 -1.18081498 409.000000 3.000000 232.000000 0.000000
-0.37151700 1.62928796 -1.17903101 618.000000 4.000000 238.000000 0.000000
-0.35218200 1.58997297 -1.14749706 712.000000 5.000000 248.000000 0.000000
-0.35132301 1.63294005 -1.17843604 621.000000 4.000000 239.000000 0.000000
-0.35094899 1.68067205 -1.21294296 667.000000 6.000000 230.000000 0.000000
-0.55798203 1.55635500 -1.23742998 1105.000000 6.000000 200.000000 0.000000
-0.54451698 1.54861200 -1.22817302 1248.000000 7.000000 191.000000 0.000000
-0.53193599 1.54299402 -1.22076702 1316.000000 8.000000 213.000000 0.000000
-0.51316398 1.51864004 -1.19793105 1308.000000 8.000000 221.000000 0.000000
-0.49076599 1.48215902 -1.16522098 1165.000000 7.000000 202.000000 0.000000
-0.47972599 1.47915304 -1.16028404 1257.000000 8.000000 223.000000 0.000000
-0.46803001 1.47381699 -1.15349495 1252.000000 8.000000 196.000000 0.000000
-0.45525301 1.46463597 -1.14362001 1317.000000 8.000000 231.000000 0.000000
-0.45378801 1.49225104 -1.16398704 1702.000000 11.000000 199.000000 0.000000
-0.44484699 1.49576199 -1.16460395 1711.000000 11.000000 241.000000 0.000000
-0.43478501 1.49544001 -1.16213500 1557.000000 10.000000 228.000000 0.000000
-0.42410100 1.49277997 -1.15781498 1402.000000 9.000000 196.000000 0.000000
-0.41954499 1.51203895 -1.17139304 1033.000000 6.000000 222.000000 0.000000
-0.40841499 1.50774801 -1.16583800 1103.000000 6.000000 216.000000 0.000000
-0.39795399 1.50566006 -1.16213500 1270.000000 8.000000 197.000000 0.000000
-0.39183801 1.52026701 -1.17200994 1126.000000 7.000000 238.000000 0.000000
-0.38116601 1.51730001 -1.16769004 1247.000000 7.000000 216.000000 0.000000
-0.37725100 1.54177904 -1.18558800 1063.000000 6.000000 211.000000 0.000000
-0.37177899 1.56090796 -1.19916606 960.000000 5.000000 211.000000 0.000000
-0.36307901 1.56699300 -1.20225203 811.000000 4.000000 213.000000 0.000000
-0.35293999 1.56688797 -1.20039999 1072.000000 6.000000 189.000000 0.000000
-0.50913203 1.49596703 -1.24016500 823.000000 6.000000 246.000000 0.000000
-0.48855701 1.49550295 -1.23444700 722.000000 5.000000 275.000000 0.000000
-0.47604701 1.48818600 -1.22555101 779.000000 6.000000 261.000000 0.000000
-0.46946901 1.49917698 -1.23254097 700.000000 5.000000 300.000000 0.000000
-0.46071899 1.50350499 -1.23381102 776.000000 6.000000 258.000000 0.000000
-1.42511296 1.37304294 -0.59788501 2022.000000 13.000000 136.000000 0.000000
-1.44590998 1.41032696 -0.61120802 2620.000000 21.000000 152.000000 0.000000
-1.43249595 1.41449296 -0.60903901 3070.000000 28.000000 174.000000 0.000000
-1.45438504 1.43272305 -0.67091101 1012.000000 9.000000 96.000000 0.000000
-1.45091999 1.44693804 -0.67356700 2393.000000 28.000000 228.000000 0.000000
-1.44201505 1.45581400 -0.67356700 2296.000000 26.000000 120.000000 0.000000
-1.44957995 1.48145700 -0.68186700 1634.000000 16.000000 130.000000 0.000000
-1.40360498 1.31990004 -0.68568599 2238.000000 15.000000 168.000000 0.000000
-1.45519996 1.49138403 -0.74550802 2241.000000 16.000000 144.000000 0.000000
-1.45250201 1.50701702 -0.74906898 1112.000000 6.000000 111.000000 0.000000
-1.42870903 1.33373296 -0.74808902 1056.000000 8.000000 159.000000 0.000000
-1.42049801 1.34247398 -0.74808902 1922.000000 20.000000 166.000000 0.000000
-1.43033504 1.36840999 -0.75828701 551.000000 4.000000 127.000000 0.000000
-1.47290099 1.47973001 -0.80247498 1395.000000 13.000000 133.000000 0.000000
-1.47159898 1.49664700 -0.80700701 1643.000000 16.000000 132.000000 0.000000
-1.45398402 1.49703002 -0.80209702 598.000000 5.000000 109.000000 0.000000
-1.48219395 1.34472501 -0.82801300 92.000000 1.000000 88.000000 0.000000
-1.53120506 1.40648699 -0.86216497 220.000000 1.000000 73.000000 0.000000
-1.45753801 1.35532403 -0.82319200 817.000000 4.000000 108.000000 0.000000
-1.41787696 1.33472002 -0.80430800 2034.000000 14.000000 142.000000 0.000000
-1.42224705 1.35540700 -0.81194198 1163.000000 7.000000 124.000000 0.000000
-1.44880903 1.39783001 -0.83323598 514.000000 2.000000 144.000000 0.000000
-1.50305200 1.46816194 -0.87180799 1703.000000 11.000000 140.000000 0.000000
-1.49792004 1.48122299 -0.87421900 1966.000000 14.000000 158.000000 0.000000
-1.48233497 1.48390305 -0.87020099 2317.000000 17.000000 171.000000 0.000000
-1.48284400 1.50275397 -0.87622797 1884.000000 15.000000 140.000000 0.000000
-1.48509300 1.52363598 -0.88345999 551.000000 3.000000 78.000000 0.000000
-1.42854905 1.29448998 -0.84907299 80.000000 1.000000 102.000000 0.000000
-1.41121304 1.29467595 -0.84315199 60.000000 1.000000 87.000000 0.000000
-1.40191102 1.30208004 -0.84230602 58.000000 1.000000 104.000000 0.000000
-1.40183401 1.31808901 -0.84738100 92.000000 1.000000 84.000000 0.000000
-1.39108896 1.32417202 -0.84568900 90.000000 1.000000 105.000000 0.000000
-1.39209199 1.34146595 -0.85161000 107.000000 1.000000 110.000000 0.000000
-1.46703601 1.43079603 -0.90574598 336.000000 2.000000 136.000000 0.000000
-1.43496895 1.41689801 -0.89051998 213.000000 1.000000 99.000000 0.000000
-1.38386202 1.38348401 -0.86260700 76.000000 1.000000 89.000000 0.000000
-1.37343204 1.39001906 -0.86133802 84.000000 1.000000 96.000000 0.000000
-1.36868298 1.40230298 -0.86387497 110.000000 1.000000 100.000000 0.000000
-1.40431094 1.26051795 -0.89037299 1144.000000 6.000000 89.000000 0.000000
-1.35155499 1.22816098 -0.85999900 2297.000000 16.000000 132.000000 0.000000
-1.34925699 1.24128103 -0.86357301 2619.000000 20.000000 208.000000 0.000000
-1.33638096 1.24465501 -0.85999900 2385.000000 17.000000 183.000000 0.000000
-1.41653597 1.33575904 -0.92029899 1808.000000 12.000000 166.000000 0.000000
-1.55059195 1.48044300 -1.01856601 872.000000 5.000000 254.000000 0.000000
-1.51888704 1.48620999 -1.00918603 1992.000000 16.000000 174.000000 0.000000
-1.51863205 1.50432301 -1.01543903 2774.000000 26.000000 177.000000 0.000000
-1.51126695 1.51551402 -1.01677895 2912.000000 29.000000 157.000000 0.000000
-1.44296002 1.46480501 -0.97479200 2231.000000 17.000000 145.000000 0.000000
-1.35662794 1.39406705 -0.91940600 1624.000000 11.000000 151.000000 0.000000
-1.38212502 1.43786502 -0.94397300 1340.000000 8.000000 232.000000 0.000000
-1.46130800 1.53916097 -1.00784600 1240.000000 8.000000 150.000000 0.000000
-1.43165302 1.52654898 -0.99310601 731.000000 4.000000 273.000000 0.000000
-1.44885099 1.30421901 -0.97849101 508.000000 4.000000 459.000000 0.000000
-1.37404299 1.25249505 -0.93080997 1539.000000 13.000000 173.000000 0.000000
-1.37804997 1.27166700 -0.93922400 1366.000000 13.000000 133.000000 0.000000
-1.38575804 1.29454601 -0.95044303 933.000000 8.000000 126.000000 0.000000
-1.40804005 1.33150494 -0.97241402 525.000000 4.000000 213.000000 0.000000
-1.37040699 1.31206405 -0.95091099 450.000000 3.000000 292.000000 0.000000
-1.52900505 1.48126900 -1.07338703 746.000000 7.000000 138.000000 0.000000
-1.49332702 1.46467900 -1.05375397 1155.000000 12.000000 117.000000 0.000000
-1.46922600 1.45889604 -1.04253495 1123.000000 12.000000 135.000000 0.000000
-1.46774399 1.47538900 -1.04814398 1167.000000 12.000000 109.000000 0.000000
-1.47480702 1.50072801 -1.06029797 1300.000000 14.000000 160.000000 0.000000
-1.38526201 1.26101601 -1.00165105 823.000000 5.000000 463.000000 0.000000
-1.46713495 1.35222602 -1.07035601 1339.000000 8.000000 158.000000 0.000000
-1.42061305 1.32551003 -1.04091096 1528.000000 10.000000 169.000000 0.000000
-1.43840396 1.35875201 -1.06103206 1404.000000 9.000000 162.000000 0.000000
-1.40801501 1.34645998 -1.04385602 1621.000000 11.000000 184.000000 0.000000
-1.39347100 1.34900904 -1.03894806 1077.000000 6.000000 175.000000 0.000000
-1.42745304 1.39903498 -1.07231903 1478.000000 10.000000 174.000000 0.000000
-1.44549501 1.64225996 -1.17881203 1311.000000 11.000000 167.000000 0.000000
-1.43247795 1.68920004 -1.19402599 948.000000 7.000000 168.000000 0.000000
-1.47781897 1.37020600 -1.14297903 1311.000000 14.000000 145.000000 0.000000
-1.47646105 1.43778205 -1.17004502 881.000000 9.000000 128.000000 0.000000
-1.38232803 1.36309695 -1.09905899 1048.000000 10.000000 159.000000 0.000000
-1.38247502 1.38003695 -1.10620904 959.000000 9.000000 177.000000 0.000000
-1.40307498 1.41776299 -1.13072205 1025.000000 11.000000 164.000000 0.000000
-1.42266095 1.45517898 -1.15472496 1183.000000 13.000000 145.000000 0.000000
-1.41729701 1.46758401 -1.15778899 1193.000000 13.000000 150.000000 0.000000
-1.40767002 1.47563195 -1.15727794 1089.000000 12.000000 157.000000 0.000000
-1.39208901 1.47737205 -1.15165997 976.000000 10.000000 156.000000 0.000000
-1.36068702 1.46201897 -1.13225400 966.000000 10.000000 140.000000 0.000000
-1.40260100 1.56347001 -1.19353700 926.000000 9.000000 148.000000 0.000000
-1.41679704 1.61866605 -1.22366798 879.000000 10.000000 118.000000 0.000000
-1.46360195 1.35129905 -1.20254898 1460.000000 11.000000 161.000000 0.000000
-1.40397799 1.37836695 -1.18706596 1166.000000 8.000000 164.000000 0.000000
-1.39249694 1.38397396 -1.18439603 1235.000000 9.000000 159.000000 0.000000
-1.35598505 1.36428499 -1.15930295 1523.000000 10.000000 159.000000 0.000000
-1.34877205 1.37378705 -1.16036999 1994.000000 15.000000 194.000000 0.000000
2.68951797 -1.74664605 -0.82872498 935.000000 10.000000 242.000000 0.000000
2.68439007 -1.76683104 -0.83056700 2254.000000 31.000000 174.000000 0.000000
2.66707897 -1.77898300 -0.82846200 2426.000000 34.000000 177.000000 0.000000
2.65930891 -1.79747701 -0.82951498 1146.000000 13.000000 176.000000 0.000000
2.66298389 -1.94654906 -0.85371298 952.000000 10.000000 324.000000 0.000000
2.67036891 -1.97721303 -0.86028898 1764.000000 22.000000 235.000000 0.000000
2.67852402 -1.71860099 -0.90254402 665.000000 10.000000 197.000000 0.000000
2.67034101 -1.73656797 -0.90340102 1634.000000 31.000000 194.000000 0.000000
2.65482998 -1.74976206 -0.90168703 1876.000000 37.000000 235.000000 0.000000
2.66238809 -1.77823806 -0.90825701 1146.000000 20.000000 212.000000 0.000000
2.63311601 -1.92707801 -0.92654198 965.000000 16.000000 230.000000 0.000000
2.66626310 -1.71161306 -0.98550302 2082.000000 28.000000 177.000000 0.000000
2.66288090 -1.73260999 -0.98829198 2592.000000 38.000000 204.000000 0.000000
2.65219998 -1.74891698 -0.98829198 2137.000000 29.000000 157.000000 0.000000
2.74623299 -1.85974801 -1.03383899 750.000000 8.000000 139.000000 0.000000
2.66288304 -1.95001400 -1.02857196 2004.000000 27.000000 161.000000 0.000000
2.70842695 -1.73046899 -1.08358300 1008.000000 17.000000 288.000000 0.000000
2.65021300 -1.71635199 -1.06366301 1637.000000 31.000000 216.000000 0.000000
2.64121103 -1.73361397 -1.06432700 1443.000000 26.000000 206.000000 0.000000
2.66275311 -1.77116597 -1.07793903 1045.000000 18.000000 253.000000 0.000000
2.70741701 -1.82483304 -1.10151005 654.000000 11.000000 169.000000 0.000000
2.70474505 -1.84725201 -1.10516202 348.000000 5.000000 141.000000 0.000000
2.64833403 -1.93045998 -1.10582602 1249.000000 23.000000 242.000000 0.000000
2.62580490 -1.93884301 -1.10117805 368.000000 6.000000 155.000000 0.000000
2.63393593 -1.69148505 -1.14432395 1825.000000 23.000000 284.000000 0.000000
2.62194204 -1.70659399 -1.14361203 2137.000000 29.000000 169.000000 0.000000
2.61298108 -1.72368002 -1.14432395 2052.000000 27.000000 156.000000 0.000000
2.66992211 -1.78489101 -1.17530406 1195.000000 13.000000 205.000000 0.000000
2.64783406 -1.91482794 -1.19666898 1993.000000 27.000000 187.000000 0.000000
2.58160591 -1.68567502 -1.20848000 1203.000000 21.000000 165.000000 0.000000
2.59362698 -1.71627200 -1.21943295 1396.000000 25.000000 178.000000 0.000000
2.58997512 -1.73678601 -1.22283196 1352.000000 24.000000 198.000000 0.000000
1.75166702 -1.90941799 -0.72627401 1097.000000 15.000000 309.000000 0.000000
1.73605001 -1.91587496 -0.72456002 2112.000000 36.000000 257.000000 0.000000
1.71273804 -1.91365600 -0.71941698 1876.000000 26.000000 202.000000 0.000000
1.70477903 -1.92843103 -0.72113198 2030.000000 34.000000 193.000000 0.000000
1.68975699 -1.93525004 -0.71970302 2068.000000 29.000000 193.000000 0.000000
1.69227099 -1.96225095 -0.72627401 734.000000 10.000000 196.000000 0.000000
1.70883596 -2.00611305 -0.73941600 1133.000000 16.000000 197.000000 0.000000
1.70391095 -2.02534890 -0.74284399 1363.000000 20.000000 230.000000 0.000000
1.76820397 -1.90329599 -0.79959500 681.000000 5.000000 143.000000 0.000000
1.73785996 -1.89378500 -0.79060900 2047.000000 21.000000 171.000000 0.000000
1.72110200 -1.89877403 -0.78813100 2646.000000 32.000000 197.000000 0.000000
1.71385598 -1.91426003 -0.79029900 2937.000000 38.000000 187.000000 0.000000
1.70018899 -1.92260206 -0.78937000 2210.000000 24.000000 177.000000 0.000000
1.70711303 -1.95449102 -0.79866499 526.000000 4.000000 130.000000 0.000000
1.74396598 -1.87070000 -0.85251302 1240.000000 18.000000 234.000000 0.000000
1.72669399 -1.87512898 -0.84952497 1778.000000 28.000000 245.000000 0.000000
1.71134102 -1.88150799 -0.84753299 2018.000000 34.000000 205.000000 0.000000
1.69913197 -1.89127302 -0.84720099 1953.000000 32.000000 267.000000 0.000000
1.70003998 -1.91575301 -0.85384101 769.000000 10.000000 185.000000 0.000000
1.72497797 -1.83464396 -0.91108799 2023.000000 21.000000 188.000000 0.000000
1.71495903 -1.84656405 -0.91180003 2754.000000 34.000000 203.000000 0.000000
1.70548999 -1.85911906 -0.91286898 2641.000000 32.000000 190.000000 0.000000
1.69467795 -1.87024105 -0.91322500 2557.000000 30.000000 192.000000 0.000000
1.69189000 -1.89035702 -0.91821003 1084.000000 9.000000 166.000000 0.000000
1.68253195 -1.97543502 -0.94028699 1903.000000 20.000000 230.000000 0.000000
1.67098105 -1.98643696 -0.94064301 1911.000000 20.000000 217.000000 0.000000
1.71787798 -1.83391201 -0.97583002 1726.000000 27.000000 243.000000 0.000000
1.69966304 -1.83695400 -0.97167498 2075.000000 35.000000 271.000000 0.000000
1.68710804 -1.84598303 -0.97092003 2029.000000 34.000000 239.000000 0.000000
1.67761397 -1.85835898 -0.97205299 1897.000000 31.000000 231.000000 0.000000
1.67667496 -1.88034904 -0.97847402 624.000000 8.000000 213.000000 0.000000
1.66784000 -1.96534705 -1.00226700 1546.000000 24.000000 232.000000 0.000000
1.65277004 -1.97200000 -1.00037897 1218.000000 18.000000 205.000000 0.000000
1.70429003 -1.81450105 -1.04216599 1978.000000 21.000000 312.000000 0.000000
1.68752205 -1.81887901 -1.03855002 2359.000000 27.000000 238.000000 0.000000
1.67632997 -1.82920003 -1.03855002 2332.000000 26.000000 187.000000 0.000000
1.66753197 -1.84216797 -1.04015696 2074.000000 22.000000 236.000000 0.000000
1.66839695 -1.86602497 -1.04819298 709.000000 6.000000 468.000000 0.000000
1.65768194 -1.94827294 -1.07229996 1386.000000 13.000000 506.000000 0.000000
1.65393901 -1.96822703 -1.07792497 1538.000000 15.000000 273.000000 0.000000
1.70855296 -1.81456494 -1.11256099 900.000000 12.000000 499.000000 0.000000
1.68378603 -1.81043994 -1.10325599 1910.000000 32.000000 286.000000 0.000000
1.66158998 -1.80874395 -1.09564400 1401.000000 21.000000 253.000000 0.000000
1.64837599 -1.88507700 -1.11805904 227.000000 3.000000 370.000000 0.000000
1.60473204 -1.85817695 -1.09522104 557.000000 7.000000 333.000000 0.000000
1.64147794 -1.94831705 -1.13836002 1729.000000 28.000000 255.000000 0.000000
1.70615005 -2.05017209 -1.19418705 674.000000 10.000000 368.000000 0.000000
1.68118799 -1.79297900 -1.17534602 1637.000000 16.000000 196.000000 0.000000
1.66590202 -1.79866302 -1.17221904 2197.000000 24.000000 210.000000 0.000000
1.65483499 -1.80885100 -1.17221904 2266.000000 26.000000 199.000000 0.000000
1.64190602 -1.81697905 -1.17087901 1858.000000 19.000000 186.000000 0.000000
1.62638497 -1.86782002 -1.18472600 1081.000000 10.000000 238.000000 0.000000
1.67800999 -1.97564602 -1.24234605 1539.000000 16.000000 317.000000 0.000000
1.65896106 -1.97767603 -1.23698604 1510.000000 16.000000 258.000000 0.000000
1.71316195 -1.80754805 -1.26458097 1191.000000 17.000000 217.000000 0.000000
1.67661798 -1.79096496 -1.24494803 1221.000000 18.000000 269.000000 0.000000
1.64936101 -1.78372300 -1.23232603 1525.000000 24.000000 211.000000 0.000000
1.63898301 -1.79446101 -1.23279405 1533.000000 24.000000 228.000000 0.000000
1.63446796 -1.81169295 -1.23793602 1268.000000 19.000000 189.000000 0.000000
1.63152003 -1.94777095 -1.29122698 1297.000000 19.000000 210.000000 0.000000
1.64391899 -1.73475003 -1.29266703 1580.000000 16.000000 182.000000 0.000000
1.62907803 -1.74034905 -1.28923094 1627.000000 16.000000 205.000000 0.000000
1.61659598 -1.74839199 -1.28775895 1632.000000 16.000000 203.000000 0.000000
1.60642397 -1.75892198 -1.28824997 1556.000000 15.000000 229.000000 0.000000
0.69787800 -1.95364904 -0.86015600 2407.000000 19.000000 258.000000 0.000000
0.68648201 -1.95962298 -0.86096001 2993.000000 27.000000 275.000000 0.000000
0.67414802 -1.96293199 -0.86055797 2955.000000 26.000000 301.000000 0.000000
0.66063303 -1.96269095 -0.85854900 2752.000000 23.000000 277.000000 0.000000
0.64771903 -1.96409798 -0.85734397 2475.000000 19.000000 240.000000 0.000000
0.64661002 -2.00202703 -0.87301302 418.000000 2.000000 203.000000 0.000000
0.69020301 -1.92758095 -0.90490001 1657.000000 17.000000 303.000000 0.000000
0.68379903 -1.94715798 -0.91251302 2139.000000 24.000000 314.000000 0.000000
0.66916800 -1.94361103 -0.90870601 2523.000000 31.000000 285.000000 0.000000
0.65985298 -1.95540202 -0.91251302 2135.000000 24.000000 290.000000 0.000000
0.64669698 -1.95597506 -0.91082102 1859.000000 20.000000 264.000000 0.000000
0.71902001 -1.94256902 -0.98238599 755.000000 5.000000 220.000000 0.000000
0.69763702 -1.92086899 -0.96853900 2564.000000 21.000000 256.000000 0.000000
0.68523800 -1.92342699 -0.96764600 3030.000000 28.000000 278.000000 0.000000
0.67312902 -1.92675102 -0.96719903 3137.000000 29.000000 312.000000 0.000000
0.66187203 -1.93253803 -0.96809202 2878.000000 25.000000 266.000000 0.000000
0.65000200 -1.93656301 -0.96809202 1960.000000 14.000000 216.000000 0.000000
0.63428098 -1.86014402 -0.98690599 1347.000000 13.000000 210.000000 0.000000
0.64400500 -1.92683804 -1.02196598 1058.000000 10.000000 263.000000 0.000000
0.71965200 -1.91316199 -1.09783804 968.000000 6.000000 387.000000 0.000000
0.69223702 -1.87502694 -1.07231903 2011.000000 14.000000 283.000000 0.000000
0.68012702 -1.87760103 -1.07133806 2551.000000 21.000000 263.000000 0.000000
0.66888499 -1.88256001 -1.07182801 2455.000000 20.000000 291.000000 0.000000
0.65674901 -1.88498199 -1.07084703 2027.000000 15.000000 232.000000 0.000000
0.64741802 -1.89557505 -1.07477295 1719.000000 12.000000 256.000000 0.000000
0.72351998 -1.90487099 -1.15625703 784.000000 8.000000 296.000000 0.000000
0.69641203 -1.86822200 -1.13021100 1406.000000 16.000000 282.000000 0.000000
0.68285602 -1.86681199 -1.12663698 1633.000000 19.000000 336.000000 0.000000
0.67167997 -1.87177598 -1.12714696 1777.000000 21.000000 285.000000 0.000000
0.65960801 -1.87424099 -1.12612605 1538.000000 18.000000 275.000000 0.000000
0.65289402 -1.89205897 -1.13480794 1398.000000 16.000000 265.000000 0.000000
0.68258202 -2.01729107 -1.21090102 491.000000 4.000000 278.000000 0.000000
0.70306098 -1.83940494 -1.18813396 1447.000000 11.000000 250.000000 0.000000
0.69116902 -1.84210098 -1.18706596 1419.000000 10.000000 291.000000 0.000000
0.67897803 -1.84392595 -1.18546402 1754.000000 14.000000 268.000000 0.000000
0.66650403 -1.84487605 -1.18332899 2101.000000 18.000000 275.000000 0.000000
0.65686297 -1.85371399 -1.18653202 1648.000000 13.000000 291.000000 0.000000
0.65018398 -1.87129104 -1.19560802 1093.000000 7.000000 299.000000 0.000000
0.72736001 -1.89145899 -1.29043400 859.000000 9.000000 352.000000 0.000000
0.69650602 -1.84527802 -1.25446296 1170.000000 13.000000 351.000000 0.000000
0.67672801 -1.82688606 -1.23841500 1465.000000 17.000000 375.000000 0.000000
0.66579199 -1.83178604 -1.23896801 1739.000000 21.000000 353.000000 0.000000
0.65397698 -1.83426905 -1.23786199 1471.000000 17.000000 347.000000 0.000000
0.64990401 -1.85867298 -1.25224996 1007.000000 11.000000 292.000000 0.000000
0.68839502 -1.80655396 -1.30498004 1887.000000 15.000000 328.000000 0.000000
0.67529702 -1.80538201 -1.30094802 1784.000000 14.000000 294.000000 0.000000
0.66308200 -1.80642200 -1.29864395 1678.000000 13.000000 339.000000 0.000000
0.65281498 -1.81276405 -1.30037200 1811.000000 15.000000 369.000000 0.000000
0.64086503 -1.81442297 -1.29864395 1192.000000 8.000000 307.000000 0.000000
0.62945300 -1.81754804 -1.29806805 1209.000000 9.000000 320.000000 0.000000
-0.32931599 -2.01280594 -1.02617300 895.000000 9.000000 248.000000 0.000000
-0.33069101 -1.94535995 -0.99111301 1516.000000 15.000000 340.000000 0.000000
-0.34428900 -1.95287502 -0.99625498 2147.000000 24.000000 405.000000 0.000000
-0.35171399 -1.92549598 -0.98269898 2014.000000 22.000000 323.000000 0.000000
-0.32112300 -1.89504004 -1.02913296 1430.000000 9.000000 235.000000 0.000000
-0.32138500 -1.82868099 -0.99232697 1679.000000 11.000000 183.000000 0.000000
-0.32460600 -1.78296399 -0.96729797 2093.000000 14.000000 208.000000 0.000000
-0.35157600 -1.86569297 -1.01588297 1810.000000 12.000000 230.000000 0.000000
-0.37740001 -1.93703902 -1.05808699 1273.000000 8.000000 247.000000 0.000000
-0.40273201 -2.00130296 -1.09636605 435.000000 2.000000 463.000000 0.000000
-0.26098800 -1.69439697 -0.96423602 357.000000 2.000000 316.000000 0.000000
-0.33950001 -2.04316497 -1.17617404 864.000000 9.000000 365.000000 0.000000
-0.33803001 -1.95883000 -1.12663698 1289.000000 14.000000 373.000000 0.000000
-0.34361300 -1.92031300 -1.10467696 1653.000000 17.000000 352.000000 0.000000
-0.35802001 -1.93254602 -1.11335802 1781.000000 19.000000 362.000000 0.000000
-0.36571300 -1.90834904 -1.10008001 1639.000000 17.000000 422.000000 0.000000
-0.33445901 -2.03832293 -1.24899900 1058.000000 7.000000 276.000000 0.000000
-0.33098799 -1.94288898 -1.18920100 1432.000000 10.000000 240.000000 0.000000
-0.33832401 -1.91501296 -1.17264998 1907.000000 14.000000 235.000000 0.000000
-0.34991500 -1.91206896 -1.17211604 2106.000000 16.000000 284.000000 0.000000
-0.36211401 -1.91237795 -1.17371798 1809.000000 13.000000 242.000000 0.000000
-0.37677601 -1.92505395 -1.18332899 1507.000000 11.000000 256.000000 0.000000
-0.40118900 -1.98485601 -1.22337198 587.000000 3.000000 341.000000 0.000000
-0.42712000 -1.98722196 -1.22817695 596.000000 4.000000 344.000000 0.000000
-0.34813699 -2.06988311 -1.33857906 791.000000 9.000000 379.000000 0.000000
-0.33975801 -1.94540501 -1.25612402 1303.000000 15.000000 356.000000 0.000000
-0.34612301 -1.91212595 -1.23509502 1585.000000 19.000000 389.000000 0.000000
-0.35754600 -1.90832806 -1.23398805 1577.000000 19.000000 403.000000 0.000000
-0.36924899 -1.90609801 -1.23398805 1677.000000 20.000000 380.000000 0.000000
-0.38206801 -1.90951598 -1.23786199 1286.000000 14.000000 349.000000 0.000000
-0.39444399 -1.91040003 -1.24007499 1223.000000 14.000000 393.000000 0.000000
-0.41267699 -1.93891704 -1.26110399 820.000000 8.000000 343.000000 0.000000
-0.33243701 -2.01308894 -1.38043702 1018.000000 7.000000 254.000000 0.000000
-0.32536399 -1.89822805 -1.29979599 1581.000000 12.000000 315.000000 0.000000
-0.33671799 -1.89458704 -1.29864395 1527.000000 12.000000 291.000000 0.000000
-0.34670201 -1.88364303 -1.29230797 1746.000000 14.000000 282.000000 0.000000
-0.36009499 -1.89111495 -1.29921997 1975.000000 16.000000 326.000000 0.000000
-0.37121701 -1.88646400 -1.29749203 1872.000000 15.000000 286.000000 0.000000
-0.38343799 -1.88735402 -1.29979599 1435.000000 11.000000 273.000000 0.000000
-0.39131001 -1.86736798 -1.28712404 1209.000000 9.000000 555.000000 0.000000
-0.33408201 -1.89751601 -1.36822903 739.000000 8.000000 368.000000 0.000000
-0.34514901 -1.89226699 -1.36584902 897.000000 9.000000 377.000000 0.000000
-0.35336801 -1.87193894 -1.35216498 1064.000000 12.000000 397.000000 0.000000
-0.36606401 -1.87605000 -1.35692501 1251.000000 14.000000 370.000000 0.000000
-0.37568599 -1.86430895 -1.34978497 1075.000000 12.000000 346.000000 0.000000
-0.38873500 -1.86984205 -1.35573494 933.000000 10.000000 367.000000 0.000000
