-1.87031901 1.52885902 -0.30859599 1484.000000 16.000000 3028.000000 0.000000
-1.86701000 1.54534495 -0.30974600 1786.000000 20.000000 3171.000000 0.000000
-1.87723994 1.57326698 -0.31348100 1245.000000 13.000000 3111.000000 0.000000
-1.86301804 1.58092201 -0.31261900 1777.000000 20.000000 3042.000000 0.000000
-1.85253096 1.59167898 -0.31247500 1937.000000 22.000000 3477.000000 0.000000
-1.86964595 1.62635601 -0.31764701 1250.000000 15.000000 3763.000000 0.000000
-1.88937998 1.66391301 -0.32339400 462.000000 5.000000 4502.000000 0.000000
-1.88586998 1.54366004 -0.37332100 1750.000000 13.000000 2224.000000 0.000000
-1.86801898 1.54827905 -0.37147000 1834.000000 14.000000 2307.000000 0.000000
-1.84791696 1.55083394 -0.36911300 1919.000000 15.000000 2797.000000 0.000000
-1.86839998 1.58769202 -0.37584600 1762.000000 14.000000 2102.000000 0.000000
-1.87057304 1.60941899 -0.37853900 1718.000000 16.000000 2427.000000 0.000000
-1.95914495 1.77125299 -0.40816301 1224.000000 10.000000 4404.000000 0.000000
-1.88936901 1.72930205 -0.39452901 1585.000000 14.000000 4175.000000 0.000000
-1.86932802 1.73214805 -0.39234099 1106.000000 9.000000 4327.000000 0.000000
-1.83710694 1.72334194 -0.38729200 1731.000000 16.000000 4279.000000 0.000000
-1.83721495 1.74477005 -0.38981599 1435.000000 13.000000 4244.000000 0.000000
-1.86367500 1.81395996 -0.40126199 1242.000000 11.000000 4478.000000 0.000000
-1.89474499 1.54549301 -0.43362501 1077.000000 11.000000 2984.000000 0.000000
-1.87234402 1.54648495 -0.43036899 1009.000000 10.000000 2577.000000 0.000000
-1.86282003 1.55794406 -0.43036899 1338.000000 14.000000 3336.000000 0.000000
-1.86147594 1.57630801 -0.43247601 1327.000000 14.000000 2987.000000 0.000000
-1.86146903 1.59598994 -0.43496501 1322.000000 16.000000 2460.000000 0.000000
-1.87761796 1.62985897 -0.44166699 1024.000000 12.000000 2472.000000 0.000000
-1.87939405 1.65169799 -0.44473100 786.000000 9.000000 4398.000000 0.000000
-1.87509894 1.66840899 -0.44626299 530.000000 6.000000 4912.000000 0.000000
-1.82612205 1.64512706 -0.43611401 1032.000000 12.000000 4905.000000 0.000000
-1.81671906 1.65696096 -0.43630600 1258.000000 15.000000 4768.000000 0.000000
-1.81662905 1.67738295 -0.43898600 867.000000 10.000000 4732.000000 0.000000
-1.88802099 1.52670300 -0.49232900 1531.000000 11.000000 3401.000000 0.000000
-1.84765697 1.51287901 -0.48348299 2089.000000 17.000000 3209.000000 0.000000
-1.83458197 1.52106905 -0.48240399 2366.000000 21.000000 4014.000000 0.000000
-1.83119500 1.53732300 -0.48413000 2144.000000 18.000000 4158.000000 0.000000
-1.84552395 1.56878102 -0.49103400 1854.000000 15.000000 3064.000000 0.000000
-1.88912404 1.62596500 -0.50656903 1060.000000 9.000000 3477.000000 0.000000
-1.82623601 1.44878101 -0.52821898 1398.000000 15.000000 4958.000000 0.000000
-1.83474803 1.47391796 -0.53371000 1025.000000 10.000000 4268.000000 0.000000
-1.90638494 1.55058300 -0.55925101 1352.000000 17.000000 3463.000000 0.000000
-1.87506795 1.54438198 -0.55232799 1691.000000 22.000000 3401.000000 0.000000
-1.86555696 1.55585802 -0.55232799 1681.000000 22.000000 3437.000000 0.000000
-1.83814394 1.55226898 -0.54659998 1391.000000 15.000000 3155.000000 0.000000
-1.87367105 1.60194004 -0.56116003 828.000000 9.000000 4178.000000 0.000000
-1.98837495 1.97022498 -0.64327401 1231.000000 20.000000 5223.000000 0.000000
-1.92819905 1.54029298 -0.62724298 1396.000000 12.000000 2629.000000 0.000000
-1.91796100 1.55148804 -0.62698001 1932.000000 19.000000 2137.000000 0.000000
-1.90169096 1.55772102 -0.62461299 1952.000000 19.000000 2578.000000 0.000000
-1.86611795 1.54778898 -0.61540699 2373.000000 25.000000 2820.000000 0.000000
-1.86101699 1.56293595 -0.61698502 1805.000000 17.000000 2455.000000 0.000000
-1.84845304 1.57182395 -0.61593300 1175.000000 10.000000 2774.000000 0.000000
-1.96742105 1.57511401 -0.70513302 1933.000000 27.000000 3646.000000 0.000000
-1.96591902 1.59378195 -0.70827597 2149.000000 31.000000 3577.000000 0.000000
-1.90937698 1.56758106 -0.69027698 1677.000000 22.000000 3305.000000 0.000000
-1.87906098 1.56214702 -0.68227798 1646.000000 22.000000 3527.000000 0.000000
-1.85402298 1.56071305 -0.67627901 1521.000000 19.000000 3455.000000 0.000000
-1.85317600 1.57950401 -0.67970699 902.000000 10.000000 3066.000000 0.000000
-1.99426496 1.57596600 -0.78131402 2130.000000 22.000000 2977.000000 0.000000
-1.98900998 1.59174001 -0.78317302 2280.000000 24.000000 2599.000000 0.000000
-1.97994399 1.60451400 -0.78348303 2315.000000 24.000000 2955.000000 0.000000
-1.94214404 1.59369802 -0.77170902 1848.000000 18.000000 2932.000000 0.000000
-1.88408506 1.56545496 -0.75125903 2068.000000 21.000000 2801.000000 0.000000
-1.85408199 1.55983698 -0.74258298 1561.000000 14.000000 2465.000000 0.000000
-1.84592295 1.57241702 -0.74320298 1756.000000 16.000000 2652.000000 0.000000
-1.99588597 1.59162402 -0.85085303 1963.000000 33.000000 3300.000000 0.000000
-1.99416602 1.61034703 -0.85450500 1655.000000 26.000000 3435.000000 0.000000
-1.96377397 1.60586596 -0.84520900 845.000000 12.000000 3745.000000 0.000000
-1.91896403 1.58906400 -0.82927299 882.000000 10.000000 3359.000000 0.000000
-1.87298703 1.57056499 -0.81267399 1198.000000 15.000000 2952.000000 0.000000
-1.86331499 1.58202803 -0.81267399 1375.000000 17.000000 3025.000000 0.000000
-1.86933196 1.60693300 -0.81997699 876.000000 10.000000 3736.000000 0.000000
-1.87553000 1.55888605 -0.88082099 1552.000000 14.000000 3061.000000 0.000000
-1.86235595 1.56735504 -0.87904000 1661.000000 15.000000 2486.000000 0.000000
-1.85554695 1.58117795 -0.88046497 964.000000 8.000000 2032.000000 0.000000
-1.81540203 1.56626904 -0.86515301 285.000000 2.000000 1839.000000 0.000000
1.47135401 1.74104404 -0.88065499 1181.000000 12.000000 3849.000000 0.000000
1.46639001 1.71366298 -0.87083501 1829.000000 21.000000 3515.000000 0.000000
1.46538198 1.69131505 -0.86365902 2139.000000 27.000000 3593.000000 0.000000
1.46781099 1.67322803 -0.85874897 2382.000000 31.000000 3744.000000 0.000000
1.48602700 1.67320502 -0.86365902 2234.000000 28.000000 3765.000000 0.000000
1.49008703 1.65715897 -0.85988200 1174.000000 12.000000 4162.000000 0.000000
1.30303705 1.43056500 -0.74015802 1179.000000 9.000000 4826.000000 0.000000
1.41512096 1.53507900 -0.80247498 2013.000000 21.000000 5051.000000 0.000000
1.42262197 1.52433300 -0.80134201 2088.000000 22.000000 5333.000000 0.000000
1.45365298 1.50122094 -0.80322999 1032.000000 9.000000 4845.000000 0.000000
1.39487600 1.69772899 -0.91399598 1203.000000 9.000000 4834.000000 0.000000
1.39647603 1.67858398 -0.90796900 1913.000000 16.000000 3867.000000 0.000000
1.41324306 1.67768395 -0.91238898 1851.000000 15.000000 3075.000000 0.000000
1.44313502 1.69195998 -0.92564797 2145.000000 18.000000 2974.000000 0.000000
1.45648503 1.68653703 -0.92765701 2290.000000 20.000000 2936.000000 0.000000
1.44328105 1.65069699 -0.91198701 1434.000000 11.000000 4321.000000 0.000000
1.42169595 1.56691694 -0.87823701 829.000000 5.000000 4020.000000 0.000000
1.47281802 1.60332203 -0.90515602 1711.000000 13.000000 3546.000000 0.000000
1.48450005 1.59626603 -0.90636200 1695.000000 13.000000 3859.000000 0.000000
1.49426699 1.58712697 -0.90636200 1770.000000 14.000000 3679.000000 0.000000
1.50208104 1.57594097 -0.90515602 1846.000000 15.000000 4022.000000 0.000000
1.30938900 1.35726595 -0.77738798 2002.000000 13.000000 5363.000000 0.000000
1.40720999 1.63245106 -0.95522898 1474.000000 16.000000 3271.000000 0.000000
1.42552304 1.63336003 -0.96114999 1471.000000 16.000000 3330.000000 0.000000
1.42653799 1.61437905 -0.95480603 1610.000000 18.000000 4220.000000 0.000000
1.44907701 1.61980200 -0.96368802 1648.000000 19.000000 3820.000000 0.000000
1.46870005 1.62164605 -0.97045499 1419.000000 15.000000 3307.000000 0.000000
1.57640195 1.71965504 -1.03812397 677.000000 8.000000 3093.000000 0.000000
1.56600702 1.68732905 -1.02374494 847.000000 10.000000 3257.000000 0.000000
1.52926505 1.62741303 -0.99160200 1072.000000 11.000000 3899.000000 0.000000
1.55044198 1.62983799 -0.99921501 981.000000 10.000000 3306.000000 0.000000
1.39599597 1.67507303 -1.03687894 2285.000000 20.000000 3056.000000 0.000000
1.40682602 1.66715896 -1.03732598 2264.000000 20.000000 3547.000000 0.000000
1.41586494 1.65713596 -1.03643203 2032.000000 17.000000 3105.000000 0.000000
1.42952096 1.65247405 -1.03911197 2359.000000 21.000000 3961.000000 0.000000
1.44671297 1.65174401 -1.04447198 2098.000000 18.000000 3531.000000 0.000000
1.45979095 1.64618099 -1.04670596 1312.000000 10.000000 3073.000000 0.000000
1.37253594 1.72783899 -1.11452401 759.000000 9.000000 2555.000000 0.000000
1.37426805 1.70834696 -1.10704505 851.000000 8.000000 2938.000000 0.000000
1.36706996 1.65720201 -1.08367205 1220.000000 13.000000 2890.000000 0.000000
1.36873198 1.63858795 -1.07666004 1383.000000 15.000000 4011.000000 0.000000
1.34309006 1.67036605 -1.15378404 1605.000000 13.000000 2918.000000 0.000000
1.34615600 1.65331495 -1.14740396 1746.000000 14.000000 3524.000000 0.000000
1.35793996 1.64704001 -1.14887595 1598.000000 13.000000 3420.000000 0.000000
1.35963798 1.62864900 -1.14151502 1764.000000 14.000000 3082.000000 0.000000
1.36003602 1.60897005 -1.13317204 1775.000000 14.000000 3548.000000 0.000000
-0.02342900 -1.92495096 -0.84780401 1199.000000 11.000000 3199.000000 0.000000
-0.03502100 -1.91118002 -0.84145999 1598.000000 13.000000 3051.000000 0.000000
-0.01432600 -1.91921604 -0.90645301 621.000000 3.000000 3253.000000 0.000000
-0.02612800 -1.92088103 -0.90734601 1084.000000 6.000000 2482.000000 0.000000
-0.03769400 -1.90995002 -0.90198600 2243.000000 17.000000 3530.000000 0.000000
-0.04941200 -1.90968299 -0.90198600 2232.000000 17.000000 3305.000000 0.000000
-0.06115800 -1.91023803 -0.90243298 1694.000000 11.000000 2753.000000 0.000000
-0.07277400 -1.90714502 -0.90109301 450.000000 2.000000 5115.000000 0.000000
-0.13136500 -1.90579998 -0.90198600 1827.000000 13.000000 3606.000000 0.000000
-0.15840600 -1.81215203 -0.85642600 2012.000000 13.000000 4829.000000 0.000000
-0.17044701 -1.82094395 -0.86133897 1982.000000 13.000000 4079.000000 0.000000
-0.18904699 -1.89375198 -0.89841300 2364.000000 18.000000 3735.000000 0.000000
-0.25593400 -1.86601102 -0.88858598 1812.000000 11.000000 4344.000000 0.000000
-0.02881500 -1.91470599 -0.96025997 773.000000 6.000000 2723.000000 0.000000
-0.04046300 -1.90919006 -0.95745498 1244.000000 11.000000 3088.000000 0.000000
-0.05211000 -1.90625501 -0.95605302 1346.000000 13.000000 3196.000000 0.000000
-0.06380600 -1.90589905 -0.95605302 1335.000000 13.000000 2822.000000 0.000000
-0.07553200 -1.90635502 -0.95652097 857.000000 7.000000 3651.000000 0.000000
-0.13529500 -1.92254400 -0.96680498 741.000000 6.000000 3083.000000 0.000000
-0.14401101 -1.88024294 -0.94483399 1453.000000 14.000000 3447.000000 0.000000
-0.15682100 -1.89518499 -0.95324802 1801.000000 18.000000 3294.000000 0.000000
-0.16844700 -1.89418697 -0.95324802 1870.000000 19.000000 3362.000000 0.000000
-0.17957599 -1.88783705 -0.95044303 1949.000000 21.000000 3395.000000 0.000000
-0.19072101 -1.88230097 -0.94810599 1997.000000 21.000000 3956.000000 0.000000
-0.20356201 -1.89340305 -0.95465100 1867.000000 19.000000 4019.000000 0.000000
-0.21302199 -1.87278998 -0.94436598 1593.000000 16.000000 4167.000000 0.000000
-0.22120400 -1.84335303 -0.92940700 917.000000 7.000000 4612.000000 0.000000
-0.22859700 -1.81037796 -0.91257900 1126.000000 9.000000 4394.000000 0.000000
-0.23684999 -1.78702605 -0.90089202 1001.000000 8.000000 4826.000000 0.000000
-0.00432400 -1.96125901 -1.05121696 470.000000 2.000000 2010.000000 0.000000
-0.01593200 -1.91414702 -1.02471602 686.000000 4.000000 2581.000000 0.000000
-0.02747800 -1.90094495 -1.01735497 1121.000000 7.000000 2786.000000 0.000000
-0.03927100 -1.90683901 -1.02078998 1038.000000 6.000000 2545.000000 0.000000
-0.05054000 -1.89088404 -1.01195705 1484.000000 10.000000 3046.000000 0.000000
-0.06220000 -1.89227998 -1.01293802 1553.000000 10.000000 2945.000000 0.000000
-0.07446700 -1.90840495 -1.02226198 818.000000 5.000000 2161.000000 0.000000
-0.08661500 -1.91748595 -1.02766097 400.000000 2.000000 1955.000000 0.000000
-0.09824300 -1.91430795 -1.02618802 446.000000 2.000000 2129.000000 0.000000
-0.11008800 -1.91540897 -1.02716994 514.000000 3.000000 2305.000000 0.000000
-0.12211900 -1.91904497 -1.02962399 456.000000 2.000000 2436.000000 0.000000
-0.13260400 -1.90000701 -1.01931798 952.000000 6.000000 2814.000000 0.000000
-0.14199400 -1.86962104 -1.00263202 1647.000000 11.000000 2571.000000 0.000000
-0.15425500 -1.87826598 -1.00803101 1813.000000 13.000000 2743.000000 0.000000
-0.16585401 -1.87815201 -1.00852096 1910.000000 14.000000 2977.000000 0.000000
-0.17712700 -1.87449706 -1.00704896 2148.000000 16.000000 3447.000000 0.000000
-0.18915300 -1.87857604 -1.00999403 2309.000000 18.000000 3664.000000 0.000000
-0.20030400 -1.87391400 -1.00803101 2240.000000 17.000000 3493.000000 0.000000
-0.21307901 -1.88390398 -1.01441002 1782.000000 12.000000 3510.000000 0.000000
-0.22390801 -1.87650597 -1.01097500 766.000000 4.000000 3967.000000 0.000000
-0.23650900 -1.88374102 -1.01588297 1212.000000 8.000000 4195.000000 0.000000
-0.24989501 -1.89607406 -1.02373505 1259.000000 8.000000 4247.000000 0.000000
-0.25828999 -1.87120402 -1.01048398 837.000000 5.000000 4431.000000 0.000000
-0.27289400 -1.89113998 -1.02275300 1099.000000 7.000000 4501.000000 0.000000
-0.28449199 -1.88943005 -1.02275300 1363.000000 9.000000 4227.000000 0.000000
-0.29146799 -1.85838604 -1.00606799 1764.000000 12.000000 4635.000000 0.000000
-0.30187899 -1.85054398 -1.00263202 2065.000000 15.000000 4917.000000 0.000000
-0.31586000 -1.86411798 -1.01146603 1439.000000 9.000000 4860.000000 0.000000
-0.03336500 -1.89635503 -1.07250297 886.000000 8.000000 3045.000000 0.000000
-0.04496300 -1.89439499 -1.07148194 941.000000 8.000000 2893.000000 0.000000
-0.05665700 -1.89666200 -1.07301402 866.000000 7.000000 2607.000000 0.000000
-0.06832300 -1.89713800 -1.07352400 837.000000 7.000000 2647.000000 0.000000
-0.08027000 -1.90441501 -1.07812095 535.000000 4.000000 3158.000000 0.000000
-0.14161800 -1.94307995 -1.10314500 747.000000 6.000000 3783.000000 0.000000
-0.15353701 -1.94217396 -1.10314500 696.000000 6.000000 3961.000000 0.000000
-0.16267900 -1.90778005 -1.08322799 869.000000 8.000000 3286.000000 0.000000
-0.17186300 -1.87848604 -1.06637502 1246.000000 12.000000 3470.000000 0.000000
-0.18273300 -1.87054896 -1.06228900 1618.000000 16.000000 3261.000000 0.000000
-0.19385999 -1.86597097 -1.06024599 1856.000000 20.000000 3543.000000 0.000000
-0.20521300 -1.86389101 -1.05973601 1932.000000 21.000000 3731.000000 0.000000
-0.21703599 -1.86601400 -1.06177795 1605.000000 16.000000 3512.000000 0.000000
-0.22991700 -1.87659800 -1.06892800 1096.000000 10.000000 3338.000000 0.000000
-0.24423000 -1.89732897 -1.08220601 496.000000 4.000000 3697.000000 0.000000
-0.25699800 -1.90431798 -1.08731306 350.000000 3.000000 4095.000000 0.000000
-0.02867100 -1.87342405 -1.12780201 1010.000000 6.000000 2882.000000 0.000000
-0.04027800 -1.87828505 -1.13100505 1412.000000 9.000000 3310.000000 0.000000
-0.05137100 -1.86278796 -1.12139499 1273.000000 8.000000 2601.000000 0.000000
-0.06352900 -1.88356400 -1.13474298 869.000000 5.000000 2239.000000 0.000000
-0.07518800 -1.88567305 -1.13634396 643.000000 4.000000 2823.000000 0.000000
-0.12788300 -1.98197901 -1.19881201 736.000000 5.000000 3959.000000 0.000000
-0.14184900 -2.00645900 -1.21482897 607.000000 4.000000 3538.000000 0.000000
-0.16053200 -1.93378901 -1.16998100 777.000000 4.000000 3727.000000 0.000000
-0.16671400 -1.86960697 -1.12993801 1023.000000 6.000000 3328.000000 0.000000
-0.17640300 -1.85003197 -1.11819100 1619.000000 11.000000 3658.000000 0.000000
-0.18714800 -1.84302700 -1.11445403 1749.000000 12.000000 3624.000000 0.000000
-0.19936600 -1.85025001 -1.11979306 1941.000000 14.000000 3540.000000 0.000000
-0.20994399 -1.84227204 -1.11552203 1734.000000 12.000000 3219.000000 0.000000
-0.22276700 -1.85353994 -1.12353098 1395.000000 9.000000 3348.000000 0.000000
-0.23883000 -1.88904500 -1.14702296 785.000000 4.000000 3359.000000 0.000000
-0.02463600 -1.81559598 -1.15042603 1086.000000 10.000000 4461.000000 0.000000
-0.03563300 -1.80708301 -1.14489198 1174.000000 11.000000 4251.000000 0.000000
-0.04738200 -1.83514202 -1.16370702 909.000000 8.000000 3913.000000 0.000000
-0.05854300 -1.83148599 -1.16149402 993.000000 9.000000 3868.000000 0.000000
-0.07007600 -1.83941698 -1.16702795 888.000000 8.000000 3155.000000 0.000000
-0.08376100 -1.89637303 -1.20521200 678.000000 6.000000 3071.000000 0.000000
-0.09539500 -1.89582396 -1.20521200 640.000000 5.000000 3771.000000 0.000000
-0.14599200 -1.94940197 -1.24284196 631.000000 6.000000 3645.000000 0.000000
-0.15409300 -1.89947796 -1.21019197 931.000000 8.000000 4131.000000 0.000000
-0.16849400 -1.93086398 -1.23177397 788.000000 8.000000 3921.000000 0.000000
-0.17829800 -1.90739799 -1.21683300 682.000000 6.000000 3460.000000 0.000000
-0.18701400 -1.87559497 -1.19635701 925.000000 8.000000 3327.000000 0.000000
-0.19551700 -1.84541500 -1.17698896 1095.000000 10.000000 3204.000000 0.000000
-0.20683700 -1.84417999 -1.17698896 1491.000000 15.000000 3259.000000 0.000000
-0.21786100 -1.84039497 -1.17532802 1637.000000 17.000000 3138.000000 0.000000
-0.22925000 -1.83984995 -1.17588198 1335.000000 13.000000 3081.000000 0.000000
-0.24286801 -1.85658395 -1.18805599 1006.000000 9.000000 3038.000000 0.000000
-0.24947700 -1.81956303 -1.16426098 532.000000 4.000000 3667.000000 0.000000
-0.26586601 -1.85511303 -1.18916297 474.000000 4.000000 3577.000000 0.000000
-0.01815700 -1.78685296 -1.20187604 1383.000000 9.000000 4487.000000 0.000000
-0.02910700 -1.78588998 -1.20130002 1507.000000 10.000000 4278.000000 0.000000
-0.04111000 -1.83062601 -1.23298001 1098.000000 7.000000 3293.000000 0.000000
-0.05248500 -1.83524096 -1.23643601 904.000000 5.000000 3366.000000 0.000000
-0.06360000 -1.83080006 -1.23355603 1038.000000 6.000000 2799.000000 0.000000
-0.07503700 -1.83527601 -1.23701203 893.000000 5.000000 2880.000000 0.000000
-0.10341300 -1.94277894 -1.31361997 534.000000 3.000000 2808.000000 0.000000
-0.11268200 -1.89804602 -1.28251600 613.000000 4.000000 3416.000000 0.000000
-0.12086500 -1.84511602 -1.24565196 894.000000 5.000000 3501.000000 0.000000
-0.13342500 -1.86146200 -1.25774801 1109.000000 7.000000 3544.000000 0.000000
-0.14317800 -1.83941996 -1.24277198 965.000000 6.000000 3866.000000 0.000000
-0.15439300 -1.83769202 -1.24219596 954.000000 6.000000 3848.000000 0.000000
-0.16781400 -1.86031902 -1.25890005 1184.000000 8.000000 3426.000000 0.000000
-0.17772301 -1.84379494 -1.24795604 1099.000000 7.000000 2921.000000 0.000000
-0.18718401 -1.82478094 -1.23528397 1391.000000 9.000000 3066.000000 0.000000
-0.19819900 -1.82197297 -1.23413205 1321.000000 9.000000 3091.000000 0.000000
-0.20965700 -1.82315898 -1.23585999 1609.000000 11.000000 3292.000000 0.000000
-0.22044300 -1.81859303 -1.23355603 1409.000000 9.000000 2940.000000 0.000000
-0.23035000 -1.80747604 -1.22664404 942.000000 6.000000 2622.000000 0.000000
-0.23914801 -1.78901505 -1.21454799 814.000000 5.000000 3806.000000 0.000000
-0.25080401 -1.79237103 -1.21800399 753.000000 4.000000 3743.000000 0.000000
-0.03824900 -1.81940103 -1.28909898 900.000000 8.000000 3952.000000 0.000000
-0.04929300 -1.81431103 -1.28552902 980.000000 9.000000 3697.000000 0.000000
-0.06044900 -1.81477702 -1.28612399 894.000000 8.000000 3562.000000 0.000000
-0.07113900 -1.80232406 -1.27719903 1162.000000 11.000000 3833.000000 0.000000
-0.08160900 -1.78820300 -1.26708496 927.000000 8.000000 3497.000000 0.000000
-0.10665600 -1.84324300 -1.30873299 691.000000 6.000000 3489.000000 0.000000
-0.11209200 -1.74708796 -1.23793197 958.000000 9.000000 3966.000000 0.000000
-0.12232200 -1.73915005 -1.23257697 991.000000 9.000000 4077.000000 0.000000
-0.13435200 -1.75680304 -1.24626100 879.000000 8.000000 4018.000000 0.000000
-0.14923100 -1.80722201 -1.28433895 607.000000 5.000000 3321.000000 0.000000
-0.16204201 -1.82629204 -1.29921305 777.000000 7.000000 3319.000000 0.000000
-0.17331900 -1.82606399 -1.29980803 737.000000 6.000000 2852.000000 0.000000
-0.18396901 -1.81936598 -1.29564297 747.000000 7.000000 2632.000000 0.000000
-0.19521201 -1.81900299 -1.29623795 844.000000 8.000000 2644.000000 0.000000
-0.20450801 -1.80099499 -1.28374398 720.000000 6.000000 3307.000000 0.000000
-0.11627500 -1.73522902 -1.30470204 1293.000000 9.000000 3894.000000 0.000000
-0.12535100 -1.71329606 -1.28803897 1607.000000 11.000000 4358.000000 0.000000
-0.13592400 -1.71327901 -1.28865600 1623.000000 12.000000 4587.000000 0.000000
-0.14772099 -1.72730696 -1.30038202 1198.000000 8.000000 3941.000000 0.000000
-1.86898899 -1.91287196 -1.12332702 1630.000000 21.000000 3753.000000 0.000000
-1.88584495 -1.90657401 -1.12654197 1722.000000 23.000000 3260.000000 0.000000
-1.87741101 -1.87491703 -1.11408603 1426.000000 18.000000 3492.000000 0.000000
-1.90815198 -1.85940194 -1.11890805 808.000000 9.000000 4666.000000 0.000000
-1.83904505 -1.93435800 -1.19503295 1017.000000 16.000000 4883.000000 0.000000
-1.83895898 -1.91061294 -1.18699706 1393.000000 24.000000 4947.000000 0.000000
-1.86580098 -1.91489398 -1.19714797 1107.000000 18.000000 4163.000000 0.000000
-1.88196301 -1.90793300 -1.20010805 1092.000000 18.000000 3516.000000 0.000000
-1.88786697 -1.86746097 -1.18868899 897.000000 14.000000 3817.000000 0.000000
-1.82964003 -1.93953800 -1.27941895 1425.000000 18.000000 4769.000000 0.000000
-1.83059204 -1.87038195 -1.25485206 1290.000000 16.000000 4058.000000 0.000000
-1.87473202 -1.88974702 -1.35527003 1052.000000 17.000000 3262.000000 0.000000
-1.87941301 -1.87133598 -1.35012805 1129.000000 18.000000 3172.000000 0.000000
-1.88456702 -1.85355997 -1.34545302 901.000000 14.000000 3463.000000 0.000000
1.61085498 -1.85195100 -0.95203602 1715.000000 23.000000 3569.000000 0.000000
1.60006499 -1.86250103 -0.95241398 1791.000000 24.000000 3191.000000 0.000000
1.58680701 -1.87016904 -0.95128101 1536.000000 20.000000 3154.000000 0.000000
1.57649302 -1.88128698 -0.95203602 1569.000000 21.000000 3580.000000 0.000000
1.57261002 -1.90018499 -0.95694602 771.000000 9.000000 4130.000000 0.000000
1.61228597 -1.84838402 -1.02609503 1278.000000 11.000000 3632.000000 0.000000
1.60031700 -1.85754800 -1.02569306 2063.000000 21.000000 3935.000000 0.000000
1.58236599 -1.85965800 -1.02127302 2517.000000 28.000000 3731.000000 0.000000
1.57092500 -1.86933196 -1.02127302 2412.000000 26.000000 3929.000000 0.000000
1.56643903 -1.88739502 -1.02609503 1840.000000 18.000000 3776.000000 0.000000
1.52814400 -1.86437798 -1.00761199 730.000000 6.000000 3785.000000 0.000000
1.63024998 -1.88762295 -1.11340702 507.000000 7.000000 3546.000000 0.000000
1.58799696 -1.86179304 -1.09141397 1197.000000 18.000000 3490.000000 0.000000
1.57712805 -1.87219405 -1.09183705 1870.000000 32.000000 3572.000000 0.000000
1.56561100 -1.88183498 -1.09183705 1905.000000 32.000000 3595.000000 0.000000
1.54481196 -1.88022006 -1.08507001 1609.000000 21.000000 3548.000000 0.000000
1.48232305 -1.82712495 -1.04742897 739.000000 8.000000 3586.000000 0.000000
1.61372805 -1.87640703 -1.18383205 798.000000 8.000000 3277.000000 0.000000
1.56803298 -1.84602201 -1.15747905 1403.000000 16.000000 3468.000000 0.000000
1.56012404 -1.85972297 -1.16015899 2002.000000 25.000000 3491.000000 0.000000
1.54526198 -1.86512494 -1.15747905 2372.000000 33.000000 3378.000000 0.000000
1.48849404 -1.81914902 -1.12174594 1686.000000 16.000000 3761.000000 0.000000
1.48123801 -1.83312201 -1.12487197 1789.000000 17.000000 4238.000000 0.000000
1.54733801 -1.84761703 -1.22204196 880.000000 13.000000 3161.000000 0.000000
1.52524400 -1.84415305 -1.21316004 1133.000000 17.000000 3163.000000 0.000000
1.51446104 -1.85415995 -1.21362698 1305.000000 20.000000 3322.000000 0.000000
1.49359906 -1.85173798 -1.20568001 1345.000000 21.000000 3727.000000 0.000000
1.48276103 -1.86155796 -1.20614803 993.000000 15.000000 3638.000000 0.000000
1.42529798 -1.81233799 -1.16688097 532.000000 6.000000 3634.000000 0.000000
