-1.84927106 -1.97369504 -0.90430498 51.000000 1.000000 155.000000 3.000000
-1.86653101 -1.96779394 -0.90696102 58.000000 1.000000 142.000000 3.000000
-1.13721704 -1.91442502 -0.85912699 201.000000 1.000000 227.000000 3.000000
-1.13560605 -1.88517797 -0.84855199 98.000000 1.000000 195.000000 3.000000
-1.14763296 -1.87896502 -0.84893000 97.000000 1.000000 210.000000 3.000000
-0.86084700 -1.90762806 -0.86819202 155.000000 1.000000 203.000000 3.000000
-0.57739103 -1.86304498 -0.85964602 118.000000 1.000000 263.000000 3.000000
-0.59207100 -1.86984098 -0.86472100 84.000000 1.000000 287.000000 3.000000
-0.60602599 -1.87393796 -0.86852801 71.000000 1.000000 197.000000 3.000000
-0.62033600 -1.87879503 -0.87275702 70.000000 1.000000 232.000000 3.000000
-0.18278100 -1.83143699 -0.86714602 150.000000 1.000000 105.000000 3.000000
-0.19430000 -1.83295000 -0.86848599 149.000000 1.000000 139.000000 3.000000
-0.20504101 -1.82727802 -0.86625302 190.000000 1.000000 140.000000 3.000000
-0.21677800 -1.83042800 -0.86848599 199.000000 1.000000 101.000000 3.000000
-0.22978701 -1.84326696 -0.87563300 154.000000 1.000000 114.000000 3.000000
-0.24039200 -1.83650005 -0.87295300 139.000000 1.000000 130.000000 3.000000
-0.25141200 -1.83321798 -0.87205899 126.000000 1.000000 122.000000 3.000000
