2.51339793 -1.58855498 -0.10333500 901.000000 13.000000 312.000000 0.000000
2.59787989 -1.66417205 -0.10870800 579.000000 8.000000 273.000000 0.000000
2.56917405 -1.66813803 -0.10765300 1335.000000 21.000000 330.000000 0.000000
2.54803395 -1.67674601 -0.10702900 1865.000000 32.000000 309.000000 0.000000
2.54601502 -1.69788098 -0.10750900 1187.000000 18.000000 266.000000 0.000000
2.57888198 -1.67282903 -0.18341200 2071.000000 25.000000 178.000000 0.000000
2.57106805 -1.69026601 -0.18363000 2454.000000 32.000000 216.000000 0.000000
2.55981898 -1.70545602 -0.18355700 1025.000000 10.000000 172.000000 0.000000
2.58153200 -1.67360306 -0.25599799 752.000000 11.000000 227.000000 0.000000
2.56788397 -1.68722904 -0.25561300 1141.000000 18.000000 250.000000 0.000000
2.55416608 -1.70075095 -0.25522900 723.000000 11.000000 251.000000 0.000000
2.59467101 -1.55104399 -0.32593301 1602.000000 16.000000 207.000000 0.000000
2.57152510 -1.55869603 -0.32400200 2095.000000 24.000000 150.000000 0.000000
2.55007601 -1.56716299 -0.32231301 2543.000000 32.000000 185.000000 0.000000
2.53956890 -1.58225501 -0.32219201 2524.000000 31.000000 196.000000 0.000000
2.52561808 -1.59515595 -0.32158899 2392.000000 29.000000 180.000000 0.000000
2.55996490 -1.66117597 -0.32943201 1625.000000 18.000000 176.000000 0.000000
2.63223195 -1.59615195 -0.63602400 1308.000000 14.000000 156.000000 0.000000
2.58829308 -1.59129095 -0.62717801 1986.000000 24.000000 181.000000 0.000000
2.56025505 -1.59577096 -0.62243098 1455.000000 16.000000 130.000000 0.000000
2.56514096 -1.64287901 -0.62890399 1242.000000 13.000000 176.000000 0.000000
2.59725308 -1.58359301 -0.70295000 934.000000 14.000000 185.000000 0.000000
2.55442095 -1.57911897 -0.69340199 1227.000000 20.000000 211.000000 0.000000
2.55498695 -1.52849805 -0.76612401 1509.000000 16.000000 170.000000 0.000000
2.57772207 -1.56367600 -0.77638203 1624.000000 18.000000 168.000000 0.000000
2.58944011 -1.59261405 -0.78322101 2161.000000 27.000000 166.000000 0.000000
2.57961893 -1.60847199 -0.78322101 2266.000000 29.000000 220.000000 0.000000
2.58648705 -1.65719402 -0.79190099 1334.000000 14.000000 246.000000 0.000000
2.67568398 -1.60318995 -0.88368797 1140.000000 18.000000 250.000000 0.000000
2.63218999 -1.59922004 -0.87197500 1332.000000 22.000000 208.000000 0.000000
2.65766501 -1.63778698 -0.97032100 945.000000 10.000000 157.000000 0.000000
2.67107606 -1.68369997 -1.06366301 633.000000 10.000000 192.000000 0.000000
2.60421205 -1.66407001 -1.04009104 833.000000 14.000000 295.000000 0.000000
0.81522697 -1.68114901 -0.71296501 2030.000000 19.000000 323.000000 0.000000
0.80810201 -1.69279802 -0.71598601 1572.000000 13.000000 340.000000 0.000000
0.79730397 -1.69688702 -0.71560901 1662.000000 14.000000 305.000000 0.000000
0.78375399 -1.69503105 -0.71258700 1509.000000 12.000000 323.000000 0.000000
0.76987100 -1.69222999 -0.70918798 1328.000000 11.000000 307.000000 0.000000
0.75491101 -1.68678999 -0.70465600 1558.000000 13.000000 298.000000 0.000000
0.75204599 -1.70832300 -0.71221000 1400.000000 11.000000 308.000000 0.000000
0.72586298 -1.73467696 -0.71787500 1192.000000 9.000000 352.000000 0.000000
0.73007601 -1.77503300 -0.73373699 575.000000 4.000000 327.000000 0.000000
0.73556501 -1.81979203 -0.75148797 1066.000000 10.000000 322.000000 0.000000
0.72129297 -1.81653202 -0.74808902 1847.000000 19.000000 335.000000 0.000000
0.71081001 -1.82264805 -0.74884498 1807.000000 19.000000 359.000000 0.000000
0.70727098 -1.84684706 -0.75753099 1532.000000 15.000000 325.000000 0.000000
0.69658101 -1.85288405 -0.75828701 914.000000 8.000000 330.000000 0.000000
0.88289601 -1.75613403 -0.81234300 705.000000 4.000000 175.000000 0.000000
0.85912102 -1.73524797 -0.79948598 1540.000000 10.000000 205.000000 0.000000
0.85086203 -1.74542701 -0.80189699 1767.000000 12.000000 218.000000 0.000000
0.82747602 -1.72418797 -0.78904003 2388.000000 17.000000 215.000000 0.000000
0.81727099 -1.73006105 -0.78944200 2766.000000 22.000000 192.000000 0.000000
0.80702603 -1.73587406 -0.78984302 2888.000000 23.000000 245.000000 0.000000
0.79636002 -1.74079299 -0.78984302 2878.000000 23.000000 244.000000 0.000000
0.78378701 -1.74146998 -0.78783399 2545.000000 19.000000 230.000000 0.000000
0.77419698 -1.74875903 -0.78904003 2339.000000 16.000000 248.000000 0.000000
0.76199299 -1.75011694 -0.78743303 1887.000000 12.000000 209.000000 0.000000
0.75663698 -1.76739097 -0.79345900 1272.000000 7.000000 178.000000 0.000000
0.72875601 -1.73147500 -0.77417397 805.000000 4.000000 197.000000 0.000000
0.72336000 -1.74861097 -0.78020000 1383.000000 8.000000 186.000000 0.000000
0.71674800 -1.76319897 -0.78502202 1959.000000 13.000000 258.000000 0.000000
0.72135103 -2.10066891 -0.92444199 918.000000 6.000000 233.000000 0.000000
0.87144798 -1.73077095 -0.85372502 257.000000 2.000000 239.000000 0.000000
0.84585202 -1.70607996 -0.83807600 186.000000 1.000000 275.000000 0.000000
0.83337098 -1.70717001 -0.83596200 177.000000 1.000000 255.000000 0.000000
0.82209200 -1.71062005 -0.83511603 159.000000 1.000000 237.000000 0.000000
0.81235898 -1.71726894 -0.83596200 215.000000 1.000000 235.000000 0.000000
0.80180699 -1.72222102 -0.83596200 490.000000 3.000000 261.000000 0.000000
0.79577500 -1.73698401 -0.84103698 942.000000 7.000000 302.000000 0.000000
0.78884399 -1.75008702 -0.84526598 1141.000000 10.000000 320.000000 0.000000
0.77809101 -1.75489402 -0.84526598 1225.000000 11.000000 320.000000 0.000000
0.76585197 -1.75631595 -0.84357500 1299.000000 12.000000 356.000000 0.000000
0.79777300 -1.85999596 -0.89390397 790.000000 7.000000 401.000000 0.000000
0.81818801 -1.93993700 -0.93196797 542.000000 5.000000 453.000000 0.000000
0.75240803 -1.84753299 -0.88037002 1220.000000 11.000000 301.000000 0.000000
0.69469702 -1.73695195 -0.82242799 1668.000000 14.000000 365.000000 0.000000
0.64137298 -1.63332105 -0.76829201 1311.000000 10.000000 376.000000 0.000000
0.64511698 -1.67270303 -0.78605503 1352.000000 11.000000 317.000000 0.000000
0.66615999 -1.75875902 -0.82708001 714.000000 5.000000 357.000000 0.000000
0.89271498 -1.72625697 -0.91851300 1466.000000 9.000000 259.000000 0.000000
0.87845600 -1.72452497 -0.91449302 1775.000000 12.000000 170.000000 0.000000
0.86264998 -1.71948302 -0.90868598 2086.000000 15.000000 211.000000 0.000000
0.85129201 -1.72313905 -0.90779299 2096.000000 15.000000 199.000000 0.000000
0.84070301 -1.72833002 -0.90779299 1989.000000 14.000000 223.000000 0.000000
0.82506597 -1.72296095 -0.90198600 1796.000000 12.000000 228.000000 0.000000
0.81828701 -1.73608696 -0.90645301 1968.000000 14.000000 191.000000 0.000000
0.80235702 -1.72970903 -0.90019900 1641.000000 11.000000 200.000000 0.000000
0.80211401 -1.75739706 -0.91270602 1217.000000 7.000000 204.000000 0.000000
0.78948599 -1.75820303 -0.91047299 1051.000000 6.000000 413.000000 0.000000
0.78157002 -1.76956403 -0.91404599 908.000000 5.000000 161.000000 0.000000
0.75698602 -1.83454001 -0.93905902 1464.000000 9.000000 192.000000 0.000000
0.73531199 -1.81343997 -0.92521298 2326.000000 18.000000 298.000000 0.000000
0.72317898 -1.81542301 -0.92387301 2423.000000 19.000000 221.000000 0.000000
0.70909798 -1.81232595 -0.91985202 2356.000000 18.000000 276.000000 0.000000
0.68034899 -1.77069497 -0.89528602 1261.000000 8.000000 316.000000 0.000000
0.88896799 -1.72496498 -0.97381699 902.000000 8.000000 306.000000 0.000000
0.86992699 -1.71385300 -0.96399999 1527.000000 15.000000 308.000000 0.000000
0.85780698 -1.71599901 -0.96213001 1718.000000 18.000000 317.000000 0.000000
0.84098601 -1.70855403 -0.95465100 2009.000000 22.000000 309.000000 0.000000
0.83590901 -1.72480702 -0.96119499 1744.000000 18.000000 349.000000 0.000000
0.82798803 -1.73548198 -0.96446699 1362.000000 13.000000 316.000000 0.000000
0.81656802 -1.73893201 -0.96353298 1146.000000 11.000000 311.000000 0.000000
0.81743401 -1.76875997 -0.97802401 696.000000 6.000000 299.000000 0.000000
0.87789899 -1.92970097 -1.06871295 831.000000 8.000000 405.000000 0.000000
0.79893202 -1.78591299 -0.98223102 644.000000 5.000000 544.000000 0.000000
0.78903198 -1.79320705 -0.98363400 594.000000 5.000000 477.000000 0.000000
0.75627398 -1.83980501 -0.99952799 1061.000000 10.000000 503.000000 0.000000
0.73798198 -1.82721305 -0.98971099 1370.000000 13.000000 294.000000 0.000000
0.72872299 -1.83663297 -0.99251598 1152.000000 11.000000 293.000000 0.000000
0.71550298 -1.83613205 -0.98971099 1097.000000 10.000000 305.000000 0.000000
0.70041102 -1.83058798 -0.98410100 662.000000 5.000000 313.000000 0.000000
0.62726200 -1.67112899 -0.89154297 643.000000 4.000000 239.000000 0.000000
0.89271301 -1.70413005 -1.03011501 1434.000000 9.000000 182.000000 0.000000
0.88024497 -1.70570302 -1.02766097 1997.000000 14.000000 241.000000 0.000000
0.86739701 -1.70641005 -1.02471602 1684.000000 11.000000 212.000000 0.000000
0.85496300 -1.70780301 -1.02226198 1929.000000 14.000000 196.000000 0.000000
0.84562200 -1.71536195 -1.02373505 1787.000000 12.000000 234.000000 0.000000
0.83394200 -1.71816599 -1.02226198 1634.000000 11.000000 221.000000 0.000000
0.83200997 -1.74133897 -1.03355002 1201.000000 7.000000 227.000000 0.000000
0.82056898 -1.74483395 -1.03256798 941.000000 5.000000 232.000000 0.000000
0.81094301 -1.75220895 -1.03404105 948.000000 5.000000 304.000000 0.000000
0.80846900 -1.77539599 -1.04532802 1169.000000 7.000000 230.000000 0.000000
0.81000698 -1.80816305 -1.06250405 814.000000 4.000000 239.000000 0.000000
0.77950197 -1.86126006 -1.08311605 1366.000000 10.000000 354.000000 0.000000
0.74456000 -1.80878603 -1.04827201 1918.000000 14.000000 253.000000 0.000000
0.73312098 -1.81251204 -1.04778194 1837.000000 13.000000 243.000000 0.000000
0.72712499 -1.82993603 -1.05563402 1644.000000 11.000000 254.000000 0.000000
0.71430200 -1.83030295 -1.05317998 1386.000000 9.000000 218.000000 0.000000
0.82255799 -2.14716196 -1.24162900 1106.000000 9.000000 258.000000 0.000000
0.90208799 -1.70932496 -1.09395194 1127.000000 11.000000 306.000000 0.000000
0.88759899 -1.70720899 -1.08884501 1476.000000 15.000000 335.000000 0.000000
0.87395799 -1.70650804 -1.08475995 1607.000000 17.000000 303.000000 0.000000
0.86580402 -1.71643901 -1.08782399 1411.000000 14.000000 314.000000 0.000000
0.85179800 -1.71479702 -1.08322799 1129.000000 11.000000 332.000000 0.000000
0.84353697 -1.72461998 -1.08629203 931.000000 8.000000 333.000000 0.000000
0.85167801 -1.76845205 -1.11182594 740.000000 6.000000 349.000000 0.000000
0.85635298 -1.80623901 -1.13327599 650.000000 6.000000 315.000000 0.000000
0.83027798 -1.77954900 -1.11233699 799.000000 7.000000 326.000000 0.000000
0.83520401 -1.81895399 -1.13480794 765.000000 8.000000 331.000000 0.000000
0.89800900 -1.98685396 -1.24103200 758.000000 9.000000 402.000000 0.000000
0.90404600 -2.03314209 -1.26758802 700.000000 8.000000 390.000000 0.000000
0.75641698 -1.82149100 -1.11744404 1177.000000 11.000000 423.000000 0.000000
0.74522603 -1.82609797 -1.11744404 1353.000000 13.000000 373.000000 0.000000
0.73175502 -1.82505500 -1.11386895 1130.000000 11.000000 263.000000 0.000000
0.71990901 -1.82791197 -1.11284804 1117.000000 10.000000 294.000000 0.000000
0.71211100 -1.84110796 -1.11846495 708.000000 6.000000 295.000000 0.000000
0.91237497 -1.69434202 -1.15983605 1401.000000 9.000000 222.000000 0.000000
0.89404702 -1.68496394 -1.14915800 1573.000000 10.000000 224.000000 0.000000
0.88525599 -1.69341600 -1.15129399 1508.000000 10.000000 251.000000 0.000000
0.87330198 -1.69580805 -1.14915800 1602.000000 11.000000 260.000000 0.000000
0.87090099 -1.71697605 -1.16036999 1268.000000 8.000000 216.000000 0.000000
0.86789501 -1.73742199 -1.17104900 781.000000 4.000000 205.000000 0.000000
0.85870898 -1.74574995 -1.17318404 810.000000 5.000000 193.000000 0.000000
0.83915001 -1.73271596 -1.16036999 1022.000000 6.000000 191.000000 0.000000
0.83540499 -1.75233901 -1.17051494 987.000000 6.000000 185.000000 0.000000
0.84364301 -1.79801500 -1.19881201 831.000000 5.000000 210.000000 0.000000
0.84038103 -1.82005203 -1.21055806 748.000000 5.000000 227.000000 0.000000
0.84910101 -1.86906898 -1.24099100 970.000000 6.000000 218.000000 0.000000
0.77623099 -1.82629204 -1.19774401 1303.000000 9.000000 249.000000 0.000000
0.75590003 -1.80916905 -1.18279505 1664.000000 13.000000 231.000000 0.000000
0.74702901 -1.81924999 -1.18653202 1733.000000 13.000000 272.000000 0.000000
0.73048300 -1.81046605 -1.17745495 1491.000000 11.000000 243.000000 0.000000
0.72247100 -1.82277596 -1.18279505 1078.000000 7.000000 260.000000 0.000000
0.74770498 -1.92096698 -1.24633002 721.000000 4.000000 238.000000 0.000000
0.93464601 -1.70271099 -1.23454106 994.000000 10.000000 365.000000 0.000000
0.91263801 -1.68719602 -1.21849298 1132.000000 11.000000 416.000000 0.000000
0.90384299 -1.69570005 -1.22070706 1297.000000 15.000000 366.000000 0.000000
0.89342099 -1.70121396 -1.22070706 1446.000000 17.000000 366.000000 0.000000
0.87566102 -1.69262505 -1.21019197 1031.000000 10.000000 400.000000 0.000000
0.86905801 -1.70537901 -1.21572602 732.000000 6.000000 416.000000 0.000000
0.86045498 -1.71439695 -1.21849298 628.000000 5.000000 374.000000 0.000000
0.85288501 -1.72561097 -1.22291994 720.000000 7.000000 385.000000 0.000000
0.84631002 -1.73904002 -1.22900701 766.000000 8.000000 395.000000 0.000000
0.83670801 -1.74645197 -1.23066795 794.000000 8.000000 402.000000 0.000000
0.83026099 -1.76058304 -1.23730803 731.000000 7.000000 415.000000 0.000000
0.83776599 -1.80488896 -1.26608503 580.000000 6.000000 385.000000 0.000000
0.82702398 -1.81075203 -1.26663804 645.000000 6.000000 428.000000 0.000000
0.82378900 -1.83324897 -1.27936602 613.000000 6.000000 362.000000 0.000000
0.83080000 -1.87936699 -1.30924904 633.000000 6.000000 443.000000 0.000000
0.81294000 -1.90166295 -1.31810296 699.000000 7.000000 441.000000 0.000000
0.76687300 -1.82529604 -1.25944400 1076.000000 12.000000 430.000000 0.000000
0.75278199 -1.82304502 -1.25446296 1125.000000 12.000000 419.000000 0.000000
0.74095201 -1.82608700 -1.25335705 1089.000000 12.000000 403.000000 0.000000
0.72384000 -1.81591201 -1.24284196 889.000000 9.000000 388.000000 0.000000
0.73559201 -1.87843597 -1.28434706 649.000000 6.000000 366.000000 0.000000
0.93817598 -1.64817297 -1.27906001 1319.000000 10.000000 242.000000 0.000000
0.91566199 -1.63178897 -1.26120400 1519.000000 10.000000 289.000000 0.000000
0.90563202 -1.63737702 -1.26120400 1500.000000 10.000000 249.000000 0.000000
0.89908397 -1.64936495 -1.26638806 1162.000000 7.000000 242.000000 0.000000
0.88817400 -1.65340996 -1.26523602 1244.000000 8.000000 231.000000 0.000000
0.87877601 -1.66027403 -1.26638806 1106.000000 7.000000 250.000000 0.000000
0.87725300 -1.68231297 -1.27963603 958.000000 6.000000 231.000000 0.000000
0.86691397 -1.68766403 -1.27963603 1245.000000 9.000000 268.000000 0.000000
0.86427999 -1.70827401 -1.29173195 954.000000 6.000000 254.000000 0.000000
0.86033398 -1.72671998 -1.30209994 975.000000 7.000000 274.000000 0.000000
0.85403699 -1.74077702 -1.30901206 859.000000 6.000000 257.000000 0.000000
0.84653401 -1.75261104 -1.31419599 899.000000 6.000000 278.000000 0.000000
0.76174700 -1.79730797 -1.31822801 1326.000000 10.000000 310.000000 0.000000
0.75227398 -1.80572200 -1.32110906 1387.000000 10.000000 325.000000 0.000000
0.74025202 -1.80803394 -1.31938100 1528.000000 12.000000 316.000000 0.000000
0.72853500 -1.81102395 -1.31822801 1181.000000 8.000000 334.000000 0.000000
-1.03175199 -2.00258589 -0.39609200 1843.000000 19.000000 181.000000 0.000000
-1.05444705 -2.01623988 -0.40049601 2876.000000 42.000000 224.000000 0.000000
-1.06450498 -2.00539303 -0.39953899 2697.000000 38.000000 201.000000 0.000000
-1.06704605 -1.98066103 -0.39551699 2228.000000 25.000000 194.000000 0.000000
-1.08152604 -1.97838700 -0.39647499 2160.000000 23.000000 223.000000 0.000000
-1.09554303 -1.97514999 -0.39724100 1804.000000 18.000000 176.000000 0.000000
-1.11099994 -1.97438395 -0.39858100 1832.000000 21.000000 155.000000 0.000000
-1.12940001 -1.97862196 -0.40107101 1734.000000 20.000000 192.000000 0.000000
-1.03859103 -1.92007005 -0.43817401 1777.000000 12.000000 124.000000 0.000000
-1.06446302 -1.93933201 -0.44464600 2035.000000 14.000000 148.000000 0.000000
-1.08680606 -1.95152605 -0.44939300 2599.000000 20.000000 141.000000 0.000000
-1.08385396 -1.91847503 -0.44270399 2380.000000 18.000000 129.000000 0.000000
-1.06109905 -1.85165799 -0.42738599 1637.000000 10.000000 109.000000 0.000000
-1.02399504 -1.99424100 -0.50625902 2148.000000 27.000000 168.000000 0.000000
-1.02279198 -1.96206200 -0.49909800 1624.000000 16.000000 181.000000 0.000000
-1.02666402 -1.94028497 -0.49480101 1529.000000 15.000000 208.000000 0.000000
-1.05314302 -1.85042799 -0.47856900 1780.000000 18.000000 225.000000 0.000000
-1.14825201 -1.88114500 -0.49694899 926.000000 8.000000 245.000000 0.000000
-1.01065195 -1.95266497 -0.55385798 2402.000000 18.000000 263.000000 0.000000
-1.05221200 -1.88872898 -0.54386300 1999.000000 14.000000 190.000000 0.000000
-1.03479302 -1.83101904 -0.52781802 1987.000000 14.000000 180.000000 0.000000
-1.05842495 -1.74563706 -0.51098400 1890.000000 13.000000 154.000000 0.000000
-1.07467997 -1.74814701 -0.51387697 1893.000000 13.000000 143.000000 0.000000
-1.08691800 -1.74397504 -0.51466602 1780.000000 12.000000 167.000000 0.000000
-1.10017800 -1.74135005 -0.51598102 1072.000000 6.000000 143.000000 0.000000
-0.98724800 -1.98981702 -0.61599803 2106.000000 26.000000 202.000000 0.000000
-1.01232803 -2.00942111 -0.62456900 2610.000000 36.000000 206.000000 0.000000
-1.02463806 -2.00317097 -0.62456900 2901.000000 43.000000 226.000000 0.000000
-1.03867102 -2.00025201 -0.62571198 2788.000000 40.000000 265.000000 0.000000
-1.04068196 -1.97432399 -0.61914098 2377.000000 31.000000 199.000000 0.000000
-1.03340399 -1.93153095 -0.60685599 1708.000000 17.000000 200.000000 0.000000
-1.07315898 -1.94811201 -0.61685503 1516.000000 17.000000 219.000000 0.000000
-1.08742297 -1.94567704 -0.61828399 1652.000000 19.000000 183.000000 0.000000
-1.05693698 -1.86386299 -0.59257197 1421.000000 13.000000 232.000000 0.000000
-1.12927794 -1.75747895 -0.57657301 569.000000 4.000000 219.000000 0.000000
-0.98285401 -2.01436496 -0.68340200 2030.000000 16.000000 210.000000 0.000000
-0.99096900 -1.99978006 -0.68030399 2552.000000 22.000000 214.000000 0.000000
-1.00321996 -1.99366200 -0.68030399 3176.000000 33.000000 216.000000 0.000000
-1.00504005 -1.96715498 -0.67286801 2637.000000 24.000000 290.000000 0.000000
-1.02804804 -1.98204505 -0.68061399 3025.000000 30.000000 217.000000 0.000000
-1.04152095 -1.97822297 -0.68154299 2850.000000 27.000000 192.000000 0.000000
-1.05857396 -1.98101604 -0.68495202 2353.000000 20.000000 215.000000 0.000000
-1.07297802 -1.97866094 -0.68650103 1885.000000 14.000000 179.000000 0.000000
-1.08096898 -1.96454501 -0.68371201 2116.000000 17.000000 191.000000 0.000000
-1.09161103 -1.95538604 -0.68278301 1883.000000 14.000000 174.000000 0.000000
-1.03792298 -1.83286500 -0.63940400 1731.000000 11.000000 166.000000 0.000000
-0.94102299 -1.93525505 -0.70975500 850.000000 7.000000 197.000000 0.000000
-0.98824698 -2.00140190 -0.73797399 1716.000000 20.000000 246.000000 0.000000
-1.00008798 -1.99445605 -0.73764199 2416.000000 32.000000 218.000000 0.000000
-1.01401305 -1.99164796 -0.73896998 2663.000000 37.000000 270.000000 0.000000
-1.02664602 -1.98622704 -0.73930198 2577.000000 35.000000 247.000000 0.000000
-1.03750300 -1.97738194 -0.73830599 2165.000000 27.000000 228.000000 0.000000
-1.05359399 -1.97847903 -0.74129403 1559.000000 17.000000 228.000000 0.000000
-1.07062995 -1.98111498 -0.74494600 1167.000000 12.000000 220.000000 0.000000
-1.08186197 -1.97285199 -0.74428201 1284.000000 14.000000 204.000000 0.000000
-1.08388996 -1.94802403 -0.73697799 1458.000000 16.000000 250.000000 0.000000
-1.09258699 -1.93558097 -0.73465401 1442.000000 16.000000 248.000000 0.000000
-0.94332403 -1.99426794 -0.79215598 787.000000 5.000000 203.000000 0.000000
-0.94460100 -1.96570802 -0.78254098 1966.000000 15.000000 224.000000 0.000000
-0.97388202 -1.99513400 -0.79749697 2764.000000 26.000000 196.000000 0.000000
-0.98444301 -1.98577297 -0.79607302 3172.000000 33.000000 277.000000 0.000000
-0.95454103 -1.89625502 -0.76046401 2024.000000 14.000000 238.000000 0.000000
-0.99664599 -1.83734405 -0.74800098 1297.000000 8.000000 235.000000 0.000000
-0.93980598 -2.04010391 -0.86705798 450.000000 4.000000 224.000000 0.000000
-0.93471003 -1.99652898 -0.85006303 803.000000 8.000000 258.000000 0.000000
-0.91485298 -1.92296696 -0.81947100 1215.000000 11.000000 314.000000 0.000000
-0.92904299 -1.92232394 -0.82173699 1147.000000 12.000000 286.000000 0.000000
-0.96032798 -1.95652294 -0.83986503 868.000000 9.000000 244.000000 0.000000
-0.97231501 -1.95059299 -0.83986503 950.000000 9.000000 215.000000 0.000000
-0.98968101 -1.95534098 -0.84477502 1564.000000 18.000000 220.000000 0.000000
-1.00334597 -1.95252895 -0.84628600 1634.000000 19.000000 255.000000 0.000000
-1.02000201 -1.95537496 -0.85044003 1002.000000 10.000000 198.000000 0.000000
-1.03241205 -1.94989896 -0.85081798 486.000000 4.000000 212.000000 0.000000
-0.98583198 -1.83412194 -0.80020899 295.000000 2.000000 200.000000 0.000000
-1.06863201 -1.95986795 -0.86139297 690.000000 6.000000 260.000000 0.000000
-1.06812894 -1.93056500 -0.85081798 1197.000000 13.000000 262.000000 0.000000
-0.90885597 -1.98135996 -0.90636200 642.000000 4.000000 224.000000 0.000000
-0.90123802 -1.93342900 -0.88587099 1605.000000 12.000000 274.000000 0.000000
-0.92211199 -1.94689202 -0.89511198 2034.000000 16.000000 290.000000 0.000000
-0.94397902 -1.96182001 -0.90515602 2654.000000 24.000000 270.000000 0.000000
-0.95599902 -1.95599103 -0.90515602 2542.000000 23.000000 246.000000 0.000000
-0.96309102 -1.94024897 -0.90033501 1984.000000 16.000000 249.000000 0.000000
-0.97126400 -1.92694497 -0.89671898 1493.000000 11.000000 245.000000 0.000000
-0.99685299 -1.94784200 -0.90997797 1263.000000 9.000000 369.000000 0.000000
-1.05004299 -1.93324900 -0.91520101 949.000000 6.000000 364.000000 0.000000
-0.90211397 -1.97133696 -0.96114999 807.000000 8.000000 208.000000 0.000000
-0.89821100 -1.93122399 -0.94338697 1552.000000 18.000000 232.000000 0.000000
-0.89963400 -1.90353501 -0.93196797 1712.000000 20.000000 250.000000 0.000000
-0.92262399 -1.92169201 -0.94423300 1985.000000 24.000000 218.000000 0.000000
-0.93004602 -1.90702701 -0.93958098 2042.000000 25.000000 295.000000 0.000000
-0.88352501 -1.95331204 -1.01856601 1211.000000 8.000000 226.000000 0.000000
-0.89549398 -1.94785404 -1.01856601 2076.000000 17.000000 275.000000 0.000000
-0.90742898 -1.94232297 -1.01856601 2575.000000 23.000000 275.000000 0.000000
-0.92240298 -1.94318295 -1.02213895 2928.000000 29.000000 320.000000 0.000000
-0.92380202 -1.91573405 -1.01007903 2392.000000 21.000000 320.000000 0.000000
-0.94066298 -1.92047203 -1.01588595 1731.000000 13.000000 240.000000 0.000000
-0.95322698 -1.91626501 -1.01677895 864.000000 5.000000 673.000000 0.000000
-1.02877402 -1.81018901 -0.98774600 723.000000 4.000000 242.000000 0.000000
-0.93724298 -2.10075903 -1.16407597 615.000000 7.000000 297.000000 0.000000
-0.88284600 -1.94590199 -1.07759500 1088.000000 11.000000 272.000000 0.000000
-0.89329499 -1.93723404 -1.07572496 1299.000000 14.000000 254.000000 0.000000
-0.90441799 -1.93011403 -1.07479000 1579.000000 18.000000 239.000000 0.000000
-0.91737902 -1.92692494 -1.07619202 1899.000000 23.000000 293.000000 0.000000
-0.93148500 -1.92604005 -1.07899702 1349.000000 15.000000 228.000000 0.000000
-0.94445002 -1.92267096 -1.08039904 954.000000 10.000000 248.000000 0.000000
-0.87426400 -2.11792803 -1.30691099 802.000000 9.000000 261.000000 0.000000
-0.81599098 -1.94195902 -1.19711196 734.000000 7.000000 264.000000 0.000000
-0.81713098 -1.91159499 -1.18077004 818.000000 8.000000 247.000000 0.000000
-0.83941901 -1.93101001 -1.19660103 712.000000 7.000000 297.000000 0.000000
-0.83533800 -1.88961697 -1.17311001 838.000000 8.000000 292.000000 0.000000
-0.84761900 -1.88602602 -1.17413104 1009.000000 11.000000 281.000000 0.000000
-0.86237502 -1.88783503 -1.17872703 1250.000000 14.000000 271.000000 0.000000
-0.84799498 -1.82630503 -1.14195704 1146.000000 12.000000 294.000000 0.000000
-0.92268300 -1.89550805 -1.19813299 616.000000 6.000000 282.000000 0.000000
-0.97994298 -1.89369595 -1.21243298 637.000000 6.000000 374.000000 0.000000
-0.98636699 -1.87774205 -1.20579398 670.000000 6.000000 299.000000 0.000000
-0.79331100 -2.03750110 -1.32534802 810.000000 6.000000 310.000000 0.000000
-0.80954301 -2.04202509 -1.33175504 858.000000 6.000000 329.000000 0.000000
-0.79828697 -1.97822702 -1.29171205 741.000000 5.000000 286.000000 0.000000
-0.79625303 -1.93888700 -1.26821995 800.000000 5.000000 349.000000 0.000000
-0.80357599 -1.85872805 -1.22337198 940.000000 6.000000 328.000000 0.000000
-0.82485002 -1.87620294 -1.23885500 1234.000000 9.000000 341.000000 0.000000
-0.83012599 -1.85721600 -1.22924495 1280.000000 9.000000 305.000000 0.000000
-0.85657001 -1.88517797 -1.25220299 1422.000000 10.000000 328.000000 0.000000
-0.86670101 -1.87681794 -1.25006700 1235.000000 9.000000 328.000000 0.000000
-0.89007097 -1.89671600 -1.26768601 960.000000 6.000000 300.000000 0.000000
-0.90970999 -1.90800500 -1.27943206 828.000000 6.000000 280.000000 0.000000
-0.93468702 -1.92977297 -1.29865301 1014.000000 8.000000 296.000000 0.000000
-0.98641598 -1.91527104 -1.30506003 794.000000 6.000000 375.000000 0.000000
-0.86125398 -1.64776301 -1.11872494 840.000000 5.000000 368.000000 0.000000
-0.97655499 -1.73622596 -1.20254898 891.000000 6.000000 416.000000 0.000000
-0.77414203 -1.96530902 -1.34743297 739.000000 9.000000 263.000000 0.000000
-0.77878600 -1.94195294 -1.33415198 694.000000 8.000000 312.000000 0.000000
-0.78223300 -1.91629803 -1.31921005 766.000000 8.000000 268.000000 0.000000
-0.78889102 -1.89914405 -1.31035602 773.000000 8.000000 309.000000 0.000000
-0.79020798 -1.86969399 -1.29264700 921.000000 10.000000 318.000000 0.000000
-0.80101001 -1.86327803 -1.29154098 1059.000000 11.000000 310.000000 0.000000
-0.81209600 -1.85756397 -1.29098701 892.000000 9.000000 285.000000 0.000000
-0.82482499 -1.85559404 -1.29320097 803.000000 8.000000 262.000000 0.000000
-0.84029102 -1.85961497 -1.29984200 882.000000 9.000000 282.000000 0.000000
-0.85652900 -1.86503196 -1.30758905 861.000000 9.000000 258.000000 0.000000
-0.87146300 -1.86729598 -1.31312299 943.000000 10.000000 289.000000 0.000000
-0.88503498 -1.86643398 -1.31644297 735.000000 7.000000 290.000000 0.000000
-0.89934897 -1.86697805 -1.32087004 801.000000 8.000000 295.000000 0.000000
-0.87470800 -1.78727806 -1.26608503 685.000000 7.000000 294.000000 0.000000
-0.94538498 -1.79057705 -1.28932703 680.000000 7.000000 327.000000 0.000000
-1.03342795 -1.79431403 -1.31976402 630.000000 6.000000 320.000000 0.000000
-0.78181100 -1.83407903 -1.34760499 1157.000000 8.000000 376.000000 0.000000
-0.79239899 -1.82774794 -1.34645295 1067.000000 7.000000 333.000000 0.000000
-0.80723202 -1.83107603 -1.35278904 1184.000000 8.000000 328.000000 0.000000
-0.97128302 -1.67440200 -1.30670798 798.000000 5.000000 282.000000 0.000000
-0.95995700 -1.63179004 -1.27675605 644.000000 4.000000 256.000000 0.000000
-0.95787299 -1.61123300 -1.32955599 518.000000 5.000000 292.000000 0.000000
-1.91673696 1.29333699 -0.76619399 991.000000 10.000000 116.000000 0.000000
-1.90174901 1.30029404 -0.76320601 1202.000000 12.000000 186.000000 0.000000
-1.88441896 1.30550897 -0.75922197 442.000000 4.000000 144.000000 0.000000
-1.93138099 1.25669205 -0.82954502 1994.000000 16.000000 156.000000 0.000000
-1.92441404 1.26903403 -0.82990098 2074.000000 17.000000 190.000000 0.000000
-1.88348699 1.30947304 -0.82562798 1480.000000 10.000000 176.000000 0.000000
-1.89374495 1.33393097 -0.83417398 2116.000000 17.000000 137.000000 0.000000
-1.91504502 1.31982100 -0.89953899 492.000000 5.000000 98.000000 0.000000
-1.89474905 1.32308602 -0.89349598 800.000000 9.000000 112.000000 0.000000
-1.92137599 1.28545904 -0.96421897 1047.000000 8.000000 85.000000 0.000000
-1.90284503 1.29002404 -0.95859402 1741.000000 15.000000 135.000000 0.000000
-1.91224694 1.31361103 -0.96783501 955.000000 7.000000 106.000000 0.000000
-1.91091299 1.33003199 -0.97145200 1211.000000 9.000000 128.000000 0.000000
-1.91094398 1.34754205 -0.97587103 666.000000 4.000000 101.000000 0.000000
-1.89146805 1.35125101 -0.96984398 1107.000000 8.000000 117.000000 0.000000
-1.90464604 1.37841296 -0.98149598 935.000000 7.000000 109.000000 0.000000
-1.89246094 1.38736498 -0.97948700 1859.000000 16.000000 130.000000 0.000000
-1.88979197 1.40332103 -0.98270202 1499.000000 12.000000 139.000000 0.000000
-1.89402199 1.28119099 -1.01655495 1360.000000 17.000000 185.000000 0.000000
-1.89735103 1.30045295 -1.02289903 1818.000000 25.000000 161.000000 0.000000
-1.90051401 1.31980300 -1.02924299 1536.000000 20.000000 132.000000 0.000000
-1.88792801 1.32831895 -1.02670503 1230.000000 15.000000 128.000000 0.000000
-1.88713002 1.34512401 -1.03093505 1299.000000 16.000000 135.000000 0.000000
-1.89576006 1.36884904 -1.04066205 1790.000000 24.000000 164.000000 0.000000
-1.91149294 1.39806497 -1.05461895 872.000000 10.000000 206.000000 0.000000
-1.85064805 1.38886094 -1.02924299 1696.000000 23.000000 216.000000 0.000000
-1.83486700 1.39471996 -1.02501297 713.000000 8.000000 94.000000 0.000000
-1.93392003 1.34854400 -1.12531900 1415.000000 11.000000 434.000000 0.000000
-1.87667000 1.32576799 -1.09539199 2175.000000 21.000000 189.000000 0.000000
-1.86995399 1.33829999 -1.09628606 1651.000000 14.000000 199.000000 0.000000
-1.85736299 1.34659600 -1.09360600 1789.000000 16.000000 228.000000 0.000000
-1.90889204 1.40195894 -1.13067901 956.000000 7.000000 496.000000 0.000000
-1.08306098 1.39391005 -0.94079798 473.000000 2.000000 612.000000 0.000000
-1.05748904 1.48888195 -0.97514999 1634.000000 10.000000 179.000000 0.000000
-1.06581998 1.52032602 -0.99232697 2548.000000 21.000000 203.000000 0.000000
-1.05300498 1.52181900 -0.98889101 2250.000000 17.000000 358.000000 0.000000
-1.01565695 1.52715194 -0.97956699 834.000000 4.000000 336.000000 0.000000
-1.02584505 1.56323695 -0.99968803 1183.000000 7.000000 147.000000 0.000000
-1.00488198 1.55193996 -0.98790997 862.000000 5.000000 252.000000 0.000000
-1.01126897 1.58305395 -1.00459504 1115.000000 7.000000 521.000000 0.000000
-1.01267302 1.60692894 -1.01637399 731.000000 4.000000 461.000000 0.000000
-1.05846500 1.40715599 -0.99181402 326.000000 2.000000 329.000000 0.000000
-1.10947204 1.49354398 -1.05105400 574.000000 5.000000 248.000000 0.000000
-1.04837298 1.52558696 -1.04543602 931.000000 8.000000 195.000000 0.000000
-1.04383504 1.53909504 -1.05054295 1748.000000 19.000000 182.000000 0.000000
-1.03485096 1.54618394 -1.05105400 1729.000000 18.000000 194.000000 0.000000
-1.02201605 1.54749095 -1.04747903 1316.000000 13.000000 160.000000 0.000000
-1.00967503 1.54941702 -1.04441500 1161.000000 11.000000 145.000000 0.000000
-1.01601601 1.58013403 -1.06177795 708.000000 6.000000 213.000000 0.000000
-1.00214100 1.57981396 -1.05718195 735.000000 6.000000 171.000000 0.000000
-1.01852298 1.62741494 -1.08629203 557.000000 5.000000 357.000000 0.000000
-0.98403901 1.59418499 -1.05871403 833.000000 7.000000 294.000000 0.000000
-1.05143595 1.72632301 -1.14655399 825.000000 8.000000 234.000000 0.000000
-1.04992497 1.42453098 -1.06213105 988.000000 5.000000 209.000000 0.000000
-1.03967404 1.42889404 -1.06052899 708.000000 4.000000 364.000000 0.000000
-1.04564095 1.49423003 -1.09630096 625.000000 3.000000 150.000000 0.000000
-1.05469203 1.52706897 -1.11659002 1402.000000 9.000000 161.000000 0.000000
-1.04530203 1.53351200 -1.11659002 1497.000000 10.000000 148.000000 0.000000
-1.03492999 1.53849304 -1.11552203 1521.000000 10.000000 144.000000 0.000000
-1.02126706 1.53847098 -1.11071706 1604.000000 11.000000 189.000000 0.000000
-1.01874900 1.55532396 -1.11872494 1379.000000 9.000000 142.000000 0.000000
-1.00506103 1.55515099 -1.11391997 1248.000000 8.000000 153.000000 0.000000
-1.00367200 1.57412803 -1.12353098 954.000000 6.000000 179.000000 0.000000
-0.98949802 1.57309604 -1.11819100 838.000000 5.000000 230.000000 0.000000
-0.97314900 1.56835604 -1.11018300 1164.000000 7.000000 285.000000 0.000000
-1.02757895 1.70257401 -1.20041394 976.000000 6.000000 191.000000 0.000000
-1.01236200 1.70085096 -1.19454098 1012.000000 7.000000 187.000000 0.000000
-1.04834199 1.47336602 -1.14544499 493.000000 4.000000 170.000000 0.000000
-1.04841006 1.49269903 -1.15595996 848.000000 8.000000 203.000000 0.000000
-1.03970695 1.49978697 -1.15651298 792.000000 7.000000 181.000000 0.000000
-1.03095698 1.50682497 -1.15706694 847.000000 8.000000 181.000000 0.000000
-1.02262700 1.51450002 -1.15817297 828.000000 7.000000 191.000000 0.000000
-1.01285195 1.52005506 -1.15761995 1047.000000 10.000000 167.000000 0.000000
-1.00672102 1.53110504 -1.16149402 1203.000000 12.000000 194.000000 0.000000
-1.01186895 1.55957699 -1.17920196 1553.000000 16.000000 241.000000 0.000000
-0.99371600 1.55244899 -1.16868806 1379.000000 14.000000 222.000000 0.000000
-0.97836798 1.54937601 -1.16149402 1171.000000 11.000000 190.000000 0.000000
-0.97149497 1.55958498 -1.16481400 1348.000000 13.000000 168.000000 0.000000
-0.95709199 1.55772197 -1.15872705 1207.000000 12.000000 221.000000 0.000000
-0.97785598 1.61335397 -1.19746399 833.000000 7.000000 206.000000 0.000000
-0.98454201 1.71769500 -1.25944400 605.000000 6.000000 78.000000 0.000000
-1.08334899 1.55161703 -1.27618003 894.000000 6.000000 160.000000 0.000000
-1.03396201 1.50031698 -1.22664404 1116.000000 7.000000 203.000000 0.000000
-1.02336001 1.50460505 -1.22491598 1181.000000 7.000000 178.000000 0.000000
-1.02684903 1.52987003 -1.24104404 909.000000 5.000000 181.000000 0.000000
-1.00662196 1.51977706 -1.22722006 1231.000000 8.000000 171.000000 0.000000
-1.00889099 1.54372501 -1.24219596 1593.000000 11.000000 198.000000 0.000000
-0.99276298 1.53957605 -1.23355603 1493.000000 10.000000 216.000000 0.000000
-0.97803903 1.53735805 -1.22664404 1407.000000 9.000000 181.000000 0.000000
-0.95947403 1.52878296 -1.21454799 1333.000000 9.000000 224.000000 0.000000
-0.94663799 1.52907801 -1.20993996 1274.000000 8.000000 615.000000 0.000000
-1.02929699 1.48903298 -1.28195906 262.000000 2.000000 324.000000 0.000000
-0.99819601 1.52256799 -1.28969395 800.000000 7.000000 223.000000 0.000000
-0.98883498 1.52866399 -1.28969395 751.000000 7.000000 226.000000 0.000000
-0.97770000 1.53199697 -1.28731406 745.000000 7.000000 209.000000 0.000000
-0.97043103 1.54136300 -1.29028904 753.000000 7.000000 238.000000 0.000000
-0.95371699 1.53569901 -1.28017402 896.000000 8.000000 221.000000 0.000000
-0.94638401 1.54494405 -1.28314900 920.000000 9.000000 235.000000 0.000000
0.44880801 1.79181099 -0.81143200 908.000000 7.000000 153.000000 0.000000
0.44861600 1.74511504 -0.79028499 1248.000000 10.000000 129.000000 0.000000
0.45862800 1.73969996 -0.78901601 1200.000000 9.000000 158.000000 0.000000
0.46742001 1.72985005 -0.78563201 1248.000000 10.000000 160.000000 0.000000
0.47562799 1.71821105 -0.78140301 1204.000000 9.000000 155.000000 0.000000
0.46827301 1.65157497 -0.75052899 1397.000000 10.000000 131.000000 0.000000
0.49016699 1.68960202 -0.77040702 1142.000000 9.000000 135.000000 0.000000
0.49055099 1.65265906 -0.75391197 920.000000 6.000000 423.000000 0.000000
0.44290301 1.67192304 -0.81175900 1168.000000 6.000000 181.000000 0.000000
0.46373299 1.70802104 -0.83185899 1249.000000 7.000000 200.000000 0.000000
0.46506900 1.67239499 -0.81488597 1416.000000 8.000000 202.000000 0.000000
0.47999001 1.68585598 -0.82337302 1297.000000 7.000000 186.000000 0.000000
0.48681200 1.67085600 -0.81711900 1478.000000 9.000000 170.000000 0.000000
0.49551800 1.66269398 -0.81443900 1587.000000 10.000000 194.000000 0.000000
0.50754100 1.66561198 -0.81756598 1417.000000 8.000000 167.000000 0.000000
0.51615101 1.65734196 -0.81488597 954.000000 5.000000 179.000000 0.000000
0.46433699 1.69878900 -0.87892097 1160.000000 9.000000 187.000000 0.000000
0.41805601 1.49146104 -0.76672900 1779.000000 13.000000 162.000000 0.000000
0.45062101 1.57135606 -0.81207299 1374.000000 10.000000 177.000000 0.000000
0.48418099 1.65090501 -0.85741800 1087.000000 8.000000 187.000000 0.000000
0.49379799 1.64620805 -0.85648298 660.000000 5.000000 127.000000 0.000000
0.45864600 1.49428499 -0.77420801 890.000000 6.000000 198.000000 0.000000
0.50931501 1.35564899 -0.71343797 1007.000000 6.000000 271.000000 0.000000
0.54772198 1.43184698 -0.75831503 289.000000 1.000000 191.000000 0.000000
0.44201300 1.58448398 -0.87307400 1188.000000 6.000000 242.000000 0.000000
0.41068900 1.43851304 -0.78915501 1398.000000 7.000000 243.000000 0.000000
0.45505100 1.55720198 -0.86031401 827.000000 4.000000 192.000000 0.000000
0.45483699 1.52183104 -0.84117502 1188.000000 6.000000 205.000000 0.000000
0.43837500 1.43487501 -0.79160899 1848.000000 11.000000 217.000000 0.000000
0.44795200 1.43465304 -0.79308099 1795.000000 10.000000 223.000000 0.000000
0.44878000 1.40698195 -0.77835900 1955.000000 11.000000 188.000000 0.000000
0.47391400 1.45472205 -0.80829501 1610.000000 9.000000 227.000000 0.000000
0.51095599 1.53609097 -0.85835099 568.000000 2.000000 147.000000 0.000000
0.57170600 1.39657199 -0.79651701 615.000000 3.000000 184.000000 0.000000
0.62076700 1.26569796 -0.74057102 551.000000 2.000000 152.000000 0.000000
0.42003199 1.51984406 -0.88252503 494.000000 3.000000 94.000000 0.000000
0.46481499 1.64391100 -0.96066099 1050.000000 8.000000 235.000000 0.000000
0.47868299 1.65425205 -0.96883202 1181.000000 9.000000 188.000000 0.000000
0.48882401 1.65128398 -0.96883202 1172.000000 9.000000 168.000000 0.000000
0.50215799 1.65895903 -0.97547102 1277.000000 10.000000 147.000000 0.000000
0.50980699 1.64762604 -0.97036397 1173.000000 9.000000 164.000000 0.000000
0.50088298 1.58375597 -0.93257302 848.000000 6.000000 143.000000 0.000000
0.46891499 1.45045805 -0.85137302 1138.000000 8.000000 186.000000 0.000000
0.47887501 1.45082200 -0.85341603 1421.000000 10.000000 181.000000 0.000000
0.48423001 1.43725502 -0.84677702 1790.000000 14.000000 205.000000 0.000000
0.49636501 1.44402301 -0.85290498 2111.000000 17.000000 221.000000 0.000000
0.50521600 1.44095004 -0.85290498 1946.000000 15.000000 207.000000 0.000000
0.49136600 1.37380099 -0.81256002 1336.000000 8.000000 399.000000 0.000000
0.57724100 1.41920900 -0.85596901 1045.000000 7.000000 316.000000 0.000000
0.58985698 1.42518401 -0.86209798 918.000000 6.000000 329.000000 0.000000
0.48331901 1.68653500 -1.05252099 565.000000 3.000000 218.000000 0.000000
0.48888701 1.66731298 -1.04184198 1015.000000 6.000000 210.000000 0.000000
0.50105703 1.67076004 -1.04611397 983.000000 5.000000 187.000000 0.000000
0.51179600 1.66927099 -1.04718101 1018.000000 6.000000 178.000000 0.000000
0.52507001 1.67577899 -1.05358803 949.000000 5.000000 192.000000 0.000000
0.56040901 1.75061798 -1.10537803 1478.000000 10.000000 203.000000 0.000000
0.50082499 1.53261697 -0.96282399 1080.000000 6.000000 232.000000 0.000000
0.50619602 1.51748705 -0.95481497 1085.000000 6.000000 180.000000 0.000000
0.48872501 1.43593395 -0.90249199 1329.000000 7.000000 209.000000 0.000000
0.49307701 1.42013204 -0.89394897 1369.000000 8.000000 231.000000 0.000000
0.50263000 1.41946995 -0.89555103 1440.000000 8.000000 228.000000 0.000000
0.50758803 1.40602398 -0.88861001 1692.000000 10.000000 216.000000 0.000000
0.51796198 1.40764201 -0.89181399 1412.000000 8.000000 189.000000 0.000000
0.53164899 1.41789198 -0.90088999 1134.000000 6.000000 185.000000 0.000000
0.53065997 1.38933599 -0.88380498 1354.000000 8.000000 183.000000 0.000000
0.54501402 1.40102100 -0.89394897 1149.000000 6.000000 220.000000 0.000000
0.55453598 1.40000796 -0.89555103 916.000000 5.000000 225.000000 0.000000
0.58530200 1.45145094 -0.93292499 715.000000 3.000000 224.000000 0.000000
0.59677100 1.45408797 -0.93719602 707.000000 3.000000 355.000000 0.000000
0.60829401 1.45663905 -0.94146699 585.000000 3.000000 524.000000 0.000000
0.61589497 1.44976699 -0.93933201 536.000000 2.000000 403.000000 0.000000
0.61066401 1.41337395 -0.91690803 862.000000 4.000000 339.000000 0.000000
0.61966503 1.41037405 -0.91744101 867.000000 4.000000 246.000000 0.000000
0.49931601 1.75355601 -1.15540600 630.000000 5.000000 186.000000 0.000000
0.49042800 1.68243897 -1.10836804 832.000000 6.000000 216.000000 0.000000
0.49885401 1.67300797 -1.10394096 959.000000 7.000000 198.000000 0.000000
0.50959200 1.67150998 -1.10504794 975.000000 8.000000 202.000000 0.000000
0.52106702 1.67233098 -1.10781503 879.000000 7.000000 203.000000 0.000000
0.55211902 1.73503196 -1.15374601 1204.000000 12.000000 196.000000 0.000000
0.57041901 1.75539398 -1.17034805 1791.000000 19.000000 211.000000 0.000000
0.58326203 1.75819099 -1.17477500 1373.000000 14.000000 189.000000 0.000000
0.58714402 1.73405004 -1.16038704 1157.000000 11.000000 202.000000 0.000000
0.60047299 1.73829401 -1.16592097 945.000000 9.000000 208.000000 0.000000
0.62349600 1.76995897 -1.19082296 752.000000 7.000000 240.000000 0.000000
0.66790599 1.86024702 -1.25723004 801.000000 8.000000 216.000000 0.000000
0.68489802 1.83628905 -1.24616301 725.000000 7.000000 265.000000 0.000000
0.59675699 1.56865501 -1.05911601 848.000000 6.000000 393.000000 0.000000
0.54062498 1.39392197 -0.93737000 1162.000000 8.000000 340.000000 0.000000
0.70340103 1.78459096 -1.21849298 649.000000 6.000000 348.000000 0.000000
0.69244498 1.72530603 -1.17920196 661.000000 6.000000 351.000000 0.000000
0.48523599 1.68665302 -1.17941105 735.000000 4.000000 227.000000 0.000000
0.49256700 1.67345202 -1.17192304 988.000000 6.000000 251.000000 0.000000
0.50518900 1.67822301 -1.17768300 1024.000000 6.000000 216.000000 0.000000
0.51402998 1.67040598 -1.17422700 891.000000 5.000000 259.000000 0.000000
0.52451599 1.66799998 -1.17480302 849.000000 5.000000 206.000000 0.000000
0.55629599 1.73166394 -1.22433996 1043.000000 6.000000 220.000000 0.000000
0.56997597 1.73753595 -1.23125196 1345.000000 9.000000 275.000000 0.000000
0.58140701 1.73633099 -1.23298001 1430.000000 9.000000 216.000000 0.000000
0.59205002 1.73273098 -1.23298001 1224.000000 8.000000 248.000000 0.000000
0.60240102 1.72829401 -1.23240399 1245.000000 8.000000 234.000000 0.000000
0.61683601 1.73534501 -1.24046803 1093.000000 7.000000 187.000000 0.000000
0.62886697 1.73536897 -1.24334800 998.000000 6.000000 206.000000 0.000000
0.64404500 1.74374402 -1.25256395 839.000000 5.000000 159.000000 0.000000
0.65473199 1.73975897 -1.25256395 1042.000000 6.000000 178.000000 0.000000
0.66275603 1.72884095 -1.24738002 870.000000 5.000000 191.000000 0.000000
0.68884099 1.76432705 -1.27733195 724.000000 5.000000 168.000000 0.000000
0.68210602 1.71602201 -1.24392402 859.000000 5.000000 186.000000 0.000000
0.68862897 1.70195603 -1.23643601 942.000000 6.000000 170.000000 0.000000
0.70093000 1.70223296 -1.23989201 799.000000 5.000000 180.000000 0.000000
0.70756400 1.68885505 -1.23298001 819.000000 5.000000 212.000000 0.000000
0.58273202 1.36799896 -0.99048197 1437.000000 8.000000 261.000000 0.000000
0.59111500 1.36439705 -0.99048197 1363.000000 8.000000 215.000000 0.000000
0.50021899 1.70786798 -1.25935102 474.000000 4.000000 231.000000 0.000000
0.50908798 1.69937205 -1.25518596 677.000000 6.000000 245.000000 0.000000
0.51740497 1.68929505 -1.24983096 616.000000 5.000000 240.000000 0.000000
0.52871299 1.68915904 -1.25221097 700.000000 6.000000 250.000000 0.000000
0.53931099 1.68664896 -1.25280595 748.000000 7.000000 253.000000 0.000000
0.55558902 1.70166099 -1.26708496 741.000000 7.000000 262.000000 0.000000
0.56929803 1.70814097 -1.27481997 778.000000 7.000000 233.000000 0.000000
0.66883397 1.35957205 -1.06360805 602.000000 4.000000 637.000000 0.000000
