-1.90254796 2.20027304 -0.31205699 1825.000000 20.000000 3890.000000 0.000000
-1.89158905 2.21492600 -0.31253999 2718.000000 36.000000 4184.000000 0.000000
-1.87604403 2.22421288 -0.31217799 2841.000000 39.000000 4450.000000 0.000000
-1.86109102 2.23415709 -0.31193700 2862.000000 39.000000 3760.000000 0.000000
-1.85365105 2.25320292 -0.31314299 2591.000000 33.000000 3300.000000 0.000000
-1.84604704 2.27224207 -0.31435001 2260.000000 27.000000 2498.000000 0.000000
-1.83269095 2.28430104 -0.31446999 2480.000000 31.000000 2915.000000 0.000000
-1.81802404 2.29472494 -0.31435001 2192.000000 26.000000 3447.000000 0.000000
-1.82469404 2.33242893 -0.31845200 619.000000 5.000000 5142.000000 0.000000
-1.89240599 2.21128106 -0.38042900 920.000000 14.000000 5633.000000 0.000000
-1.87880194 2.22285104 -0.38042900 1577.000000 26.000000 4125.000000 0.000000
-1.86893904 2.23888993 -0.38129100 2104.000000 38.000000 4390.000000 0.000000
-1.85264301 2.24726391 -0.38071600 1943.000000 34.000000 3910.000000 0.000000
-1.85196197 2.27468896 -0.38373300 1680.000000 28.000000 3088.000000 0.000000
-1.83610702 2.28369808 -0.38330200 1851.000000 32.000000 3626.000000 0.000000
-1.81836200 2.29027605 -0.38244000 1374.000000 22.000000 4264.000000 0.000000
-1.81161404 2.31072593 -0.38416401 261.000000 4.000000 7323.000000 0.000000
-1.91244304 2.18447590 -0.45293501 524.000000 4.000000 3206.000000 0.000000
-1.90029204 2.19766092 -0.45327201 2197.000000 26.000000 3165.000000 0.000000
-1.88869202 2.21152997 -0.45377699 3027.000000 44.000000 4267.000000 0.000000
-1.87445104 2.22232294 -0.45360899 3010.000000 43.000000 3744.000000 0.000000
-1.86645496 2.24060202 -0.45512399 1938.000000 22.000000 2885.000000 0.000000
-1.85642695 2.25658107 -0.45613301 2038.000000 23.000000 2506.000000 0.000000
-1.84627402 2.27252102 -0.45714301 2347.000000 28.000000 2600.000000 0.000000
-1.83722699 2.28995991 -0.45849001 2177.000000 25.000000 2918.000000 0.000000
-1.82069397 2.29809809 -0.45781699 835.000000 8.000000 2847.000000 0.000000
-1.89845598 2.18643498 -0.52152002 1500.000000 25.000000 4851.000000 0.000000
-1.87668502 2.18836904 -0.51903099 2227.000000 42.000000 4728.000000 0.000000
-1.86322200 2.19984293 -0.51903099 2194.000000 41.000000 4192.000000 0.000000
-1.86608899 2.23078489 -0.52401000 1648.000000 28.000000 3528.000000 0.000000
-1.86050606 2.25201893 -0.52649897 1628.000000 27.000000 3060.000000 0.000000
-1.85597503 2.27478695 -0.52937198 1832.000000 32.000000 2835.000000 0.000000
-1.84506702 2.28994989 -0.53032899 1526.000000 25.000000 3395.000000 0.000000
-1.82363605 2.29202104 -0.52803099 584.000000 8.000000 5975.000000 0.000000
-1.92430305 2.17175508 -0.59697098 1321.000000 13.000000 4542.000000 0.000000
-1.90129995 2.17249489 -0.59373498 2021.000000 23.000000 3665.000000 0.000000
-1.88793397 2.18411994 -0.59373498 1931.000000 21.000000 2496.000000 0.000000
-1.86816096 2.18823409 -0.59157699 1719.000000 18.000000 2305.000000 0.000000
-1.85721505 2.20264292 -0.59244001 1644.000000 17.000000 2159.000000 0.000000
-1.87364101 2.25002694 -0.60279697 2076.000000 24.000000 2277.000000 0.000000
-1.86289895 2.26525402 -0.60387599 2060.000000 24.000000 2347.000000 0.000000
-1.84527302 2.27209210 -0.60258102 1479.000000 15.000000 2502.000000 0.000000
-1.82885504 2.28032398 -0.60171801 487.000000 4.000000 5601.000000 0.000000
-1.94736099 2.18179107 -0.67406702 788.000000 12.000000 5221.000000 0.000000
-1.92107403 2.17914796 -0.66929299 1369.000000 22.000000 3283.000000 0.000000
-1.90702796 2.19016290 -0.66905397 1326.000000 21.000000 2903.000000 0.000000
-1.90243196 2.21211791 -0.67239600 959.000000 14.000000 3594.000000 0.000000
-1.87371099 2.20600700 -0.66666698 368.000000 5.000000 6016.000000 0.000000
-1.88076901 2.24198604 -0.67454398 988.000000 15.000000 3564.000000 0.000000
-1.86263299 2.24825501 -0.67287302 1290.000000 20.000000 2678.000000 0.000000
-1.85311496 2.26489711 -0.67454398 1064.000000 16.000000 2827.000000 0.000000
-1.85079801 2.29056001 -0.67908001 599.000000 9.000000 5617.000000 0.000000
-1.94070995 2.16413808 -0.74692303 2107.000000 25.000000 4001.000000 0.000000
-1.92931294 2.17817307 -0.74771202 3013.000000 43.000000 3663.000000 0.000000
-1.91591203 2.18997002 -0.74771202 2045.000000 23.000000 3563.000000 0.000000
-1.89329898 2.24626589 -0.75533998 1743.000000 19.000000 2558.000000 0.000000
-1.87824702 2.25635695 -0.75481403 1564.000000 16.000000 2150.000000 0.000000
-1.86436701 2.26783895 -0.75481403 1601.000000 17.000000 2663.000000 0.000000
-1.95456696 2.15627503 -0.82140797 860.000000 13.000000 4730.000000 0.000000
-1.93745804 2.16394806 -0.81969398 1940.000000 35.000000 4801.000000 0.000000
-1.92605102 2.17794704 -0.82055098 2091.000000 38.000000 4299.000000 0.000000
-1.91454601 2.19188595 -0.82140797 1384.000000 22.000000 4235.000000 0.000000
-1.91489601 2.24727297 -0.83397800 824.000000 13.000000 3908.000000 0.000000
-1.89550805 2.25238895 -0.83140701 1365.000000 23.000000 3085.000000 0.000000
-1.88410604 2.26692200 -0.83254999 1431.000000 25.000000 2906.000000 0.000000
-1.87686002 2.28657889 -0.83569300 999.000000 16.000000 4014.000000 0.000000
-1.97879100 2.15660906 -0.90680200 1210.000000 13.000000 3002.000000 0.000000
-1.94892895 2.15038490 -0.89874601 2105.000000 25.000000 2874.000000 0.000000
-1.93126094 2.15734196 -0.89657700 2696.000000 36.000000 3526.000000 0.000000
-1.92050505 2.17200208 -0.89781600 2827.000000 39.000000 3733.000000 0.000000
-1.91714299 2.19520807 -0.90277398 1832.000000 20.000000 2919.000000 0.000000
-1.92287898 2.22925806 -0.91237903 866.000000 9.000000 2295.000000 0.000000
-1.90916395 2.24101400 -0.91237903 2243.000000 29.000000 2672.000000 0.000000
-1.89721298 2.25486994 -0.91330898 2282.000000 29.000000 2453.000000 0.000000
-1.89002204 2.27451491 -0.91671699 2081.000000 26.000000 3073.000000 0.000000
-1.94227004 2.16103506 -0.97501999 1136.000000 19.000000 5133.000000 0.000000
-1.92019200 2.16304803 -0.97037202 1641.000000 28.000000 3892.000000 0.000000
-1.90688396 2.17478895 -0.97037202 1714.000000 29.000000 3834.000000 0.000000
-1.90649295 2.20140505 -0.97734398 1351.000000 23.000000 3309.000000 0.000000
-1.90523195 2.22738099 -0.98398399 1482.000000 26.000000 2700.000000 0.000000
-1.90372396 2.25342298 -0.99062401 1436.000000 25.000000 2724.000000 0.000000
-1.90378296 2.28170109 -0.99826002 1299.000000 22.000000 2941.000000 0.000000
0.10925100 2.27701402 -0.45953399 2150.000000 17.000000 4378.000000 0.000000
0.12343400 2.28020096 -0.46039701 3197.000000 34.000000 4602.000000 0.000000
0.13677000 2.26868010 -0.45802301 3336.000000 37.000000 4032.000000 0.000000
0.15108000 2.27364397 -0.45931801 2496.000000 22.000000 2833.000000 0.000000
0.16509899 2.27364802 -0.45953399 2107.000000 17.000000 2630.000000 0.000000
0.17889200 2.27064490 -0.45910200 410.000000 2.000000 2934.000000 0.000000
0.10294800 2.29579306 -0.52010399 1685.000000 19.000000 4847.000000 0.000000
0.11588600 2.27183890 -0.51437497 2737.000000 39.000000 4822.000000 0.000000
0.12998500 2.27399397 -0.51509100 2867.000000 43.000000 4845.000000 0.000000
0.14351800 2.26636910 -0.51341999 2359.000000 31.000000 4395.000000 0.000000
0.15840600 2.27997899 -0.51700002 1981.000000 24.000000 3889.000000 0.000000
0.17396700 2.30027008 -0.52225202 716.000000 7.000000 5648.000000 0.000000
0.08096000 2.25803900 -0.57042903 958.000000 6.000000 5510.000000 0.000000
0.09584000 2.28159809 -0.57700402 2470.000000 21.000000 3808.000000 0.000000
0.10946200 2.27325797 -0.57489997 2856.000000 27.000000 3415.000000 0.000000
0.12330200 2.27061701 -0.57437402 2743.000000 25.000000 3001.000000 0.000000
0.13688000 2.26403904 -0.57279599 2337.000000 20.000000 2714.000000 0.000000
0.15303300 2.29684901 -0.58200198 1915.000000 15.000000 2313.000000 0.000000
0.17065300 2.34397602 -0.59515399 1113.000000 7.000000 3778.000000 0.000000
0.08488200 2.28485799 -0.63542497 1369.000000 15.000000 5461.000000 0.000000
0.09842300 2.27280402 -0.63199699 2525.000000 35.000000 5210.000000 0.000000
0.11259500 2.27694297 -0.63342500 2770.000000 40.000000 4634.000000 0.000000
0.12635800 2.27238202 -0.63228202 2402.000000 32.000000 4369.000000 0.000000
0.14339700 2.32322001 -0.64771003 1767.000000 21.000000 3512.000000 0.000000
0.15897800 2.34237695 -0.65370899 1524.000000 17.000000 3129.000000 0.000000
0.17196500 2.32224202 -0.64799500 432.000000 4.000000 5246.000000 0.000000
0.08301000 2.26074791 -0.69021899 2436.000000 21.000000 4950.000000 0.000000
0.09688100 2.26019597 -0.69021899 2914.000000 28.000000 4121.000000 0.000000
0.11065300 2.25765991 -0.68959898 3369.000000 38.000000 4121.000000 0.000000
0.12450300 2.25693893 -0.68959898 2577.000000 23.000000 3598.000000 0.000000
0.14275600 2.32730508 -0.71283799 2013.000000 16.000000 2203.000000 0.000000
0.15716299 2.32828307 -0.71345699 1931.000000 15.000000 2519.000000 0.000000
0.06563300 2.25283289 -0.74561000 797.000000 8.000000 5505.000000 0.000000
0.07951800 2.25427294 -0.74627399 2031.000000 25.000000 5213.000000 0.000000
0.09319900 2.24997306 -0.74494600 2344.000000 31.000000 4469.000000 0.000000
0.10743400 2.25878191 -0.74826598 2573.000000 36.000000 4527.000000 0.000000
0.12143800 2.26090598 -0.74926198 1701.000000 20.000000 3898.000000 0.000000
0.13902700 2.32415295 -0.77183801 1508.000000 17.000000 2671.000000 0.000000
0.15334500 2.32419801 -0.77217001 1366.000000 15.000000 2693.000000 0.000000
0.16740499 2.32038999 -0.77117401 417.000000 4.000000 4937.000000 0.000000
0.06879300 2.23776793 -0.80461901 2367.000000 20.000000 4948.000000 0.000000
0.08259200 2.23917198 -0.80533099 3012.000000 30.000000 4162.000000 0.000000
0.09641100 2.24048996 -0.80604303 2947.000000 29.000000 4140.000000 0.000000
0.10992400 2.23518991 -0.80426300 2393.000000 21.000000 3560.000000 0.000000
0.12635100 2.28298903 -0.82277900 1854.000000 14.000000 2238.000000 0.000000
0.14221001 2.31201601 -0.83417398 1718.000000 13.000000 1958.000000 0.000000
0.15677500 2.31669307 -0.83631003 1316.000000 9.000000 2516.000000 0.000000
0.05968100 2.23240399 -0.86177099 1458.000000 16.000000 4567.000000 0.000000
0.07312000 2.22366691 -0.85837197 2238.000000 29.000000 4483.000000 0.000000
0.08690000 2.22687697 -0.85988200 2592.000000 37.000000 4170.000000 0.000000
0.10072200 2.23000312 -0.86139297 1865.000000 23.000000 3639.000000 0.000000
0.11792600 2.30055308 -0.89047402 1475.000000 16.000000 2749.000000 0.000000
0.13281000 2.31365299 -0.89613998 1328.000000 17.000000 2235.000000 0.000000
0.14683300 2.31002307 -0.89500600 1360.000000 17.000000 2258.000000 0.000000
0.16188300 2.32201099 -0.90029401 679.000000 8.000000 3377.000000 0.000000
0.05562000 2.21487904 -0.92203200 1848.000000 14.000000 3797.000000 0.000000
0.06906400 2.20991993 -0.92002302 2344.000000 20.000000 4279.000000 0.000000
0.08269200 2.21128392 -0.92082602 2615.000000 24.000000 4014.000000 0.000000
0.09625800 2.21073508 -0.92082602 2003.000000 16.000000 3473.000000 0.000000
0.11387000 2.29058599 -0.95618403 1615.000000 14.000000 3079.000000 0.000000
0.12854201 2.30081511 -0.96100497 1582.000000 13.000000 2337.000000 0.000000
0.14294399 2.30455303 -0.96301401 1592.000000 13.000000 2321.000000 0.000000
0.15821300 2.32007694 -0.97024602 1201.000000 9.000000 2433.000000 0.000000
0.05324100 2.20264006 -0.97764498 1497.000000 17.000000 3546.000000 0.000000
0.06647200 2.19230890 -0.97299302 2004.000000 25.000000 4281.000000 0.000000
0.08004800 2.19548202 -0.97468400 2375.000000 32.000000 4230.000000 0.000000
0.09366500 2.19857097 -0.97637600 1807.000000 22.000000 3679.000000 0.000000
0.10783100 2.21243811 -0.98314297 1515.000000 17.000000 3441.000000 0.000000
0.12567200 2.29226899 -1.02078402 1000.000000 12.000000 2511.000000 0.000000
0.14037700 2.30230999 -1.02585900 1165.000000 14.000000 2147.000000 0.000000
0.15520900 2.31225610 -1.03093505 1017.000000 12.000000 2301.000000 0.000000
0.04421000 2.22839689 -1.06099904 1663.000000 13.000000 3575.000000 0.000000
0.05716800 2.20125198 -1.04759896 1833.000000 14.000000 3064.000000 0.000000
0.06962000 2.16866803 -1.03151906 2013.000000 16.000000 2812.000000 0.000000
0.08289000 2.16730595 -1.03107202 2078.000000 17.000000 2652.000000 0.000000
0.09618700 2.16675711 -1.03107202 2121.000000 18.000000 2600.000000 0.000000
0.10970900 2.17059302 -1.03330600 1784.000000 14.000000 2596.000000 0.000000
0.12343500 2.17702508 -1.03687894 1610.000000 12.000000 2855.000000 0.000000
0.13713101 2.18158388 -1.03955901 1488.000000 11.000000 3003.000000 0.000000
2.11142993 2.48406911 -0.51386601 667.000000 7.000000 3096.000000 0.000000
2.12084293 2.46434498 -0.51235098 2093.000000 28.000000 2966.000000 0.000000
2.10741711 2.41859603 -0.50494498 1942.000000 23.000000 3687.000000 0.000000
2.08633494 2.36497903 -0.49568799 2669.000000 37.000000 4209.000000 0.000000
2.10409093 2.35580707 -0.49653000 2863.000000 42.000000 4143.000000 0.000000
2.11520004 2.33919811 -0.49568799 2082.000000 26.000000 3164.000000 0.000000
2.14149904 2.33925700 -0.49871799 1802.000000 21.000000 3454.000000 0.000000
2.16854906 2.33980489 -0.50191599 680.000000 6.000000 2488.000000 0.000000
2.10292411 2.45465207 -0.58720303 1071.000000 18.000000 3977.000000 0.000000
2.09996390 2.42091990 -0.58184099 1498.000000 28.000000 2926.000000 0.000000
2.10248995 2.39396310 -0.57820302 1412.000000 24.000000 4419.000000 0.000000
2.08978605 2.35017705 -0.57015997 2021.000000 39.000000 5431.000000 0.000000
2.10285592 2.33585000 -0.56977701 2315.000000 47.000000 5468.000000 0.000000
2.12110996 2.32726002 -0.57092601 2082.000000 40.000000 5206.000000 0.000000
2.12803793 2.30625701 -0.56882000 1128.000000 19.000000 5547.000000 0.000000
2.11164093 2.45280290 -0.67097598 1925.000000 25.000000 2714.000000 0.000000
2.12280011 2.43538499 -0.66968203 1727.000000 21.000000 2137.000000 0.000000
2.11766505 2.39962602 -0.66299301 1513.000000 18.000000 3206.000000 0.000000
2.08353305 2.33199596 -0.64681202 2345.000000 31.000000 4203.000000 0.000000
2.09976912 2.32134008 -0.64745897 2910.000000 44.000000 4460.000000 0.000000
2.11265302 2.30697203 -0.64702702 2355.000000 31.000000 4130.000000 0.000000
2.14270902 2.31114507 -0.65220499 862.000000 9.000000 4596.000000 0.000000
2.14682102 2.28727794 -0.64896899 618.000000 6.000000 4924.000000 0.000000
2.09701300 2.45461607 -0.74878103 818.000000 14.000000 4697.000000 0.000000
2.11013198 2.43949699 -0.74806499 1438.000000 26.000000 3424.000000 0.000000
2.12250495 2.42357802 -0.74711001 1186.000000 21.000000 2729.000000 0.000000
2.11803508 2.38868690 -0.73994899 768.000000 13.000000 5062.000000 0.000000
2.08600903 2.32355809 -0.72276199 1389.000000 24.000000 4932.000000 0.000000
2.10283589 2.31359291 -0.72371697 1869.000000 35.000000 4743.000000 0.000000
2.11699200 2.30064702 -0.72371697 1774.000000 33.000000 4669.000000 0.000000
2.13040805 2.28690195 -0.72347802 978.000000 16.000000 5412.000000 0.000000
2.10909104 2.44898605 -0.83556402 1963.000000 25.000000 2889.000000 0.000000
2.12280893 2.43454504 -0.83503801 1607.000000 19.000000 2137.000000 0.000000
2.11471009 2.39544606 -0.82556897 936.000000 10.000000 2759.000000 0.000000
2.10942793 2.36013293 -0.81741500 886.000000 9.000000 3787.000000 0.000000
2.09472704 2.31496596 -0.80557901 2245.000000 29.000000 4106.000000 0.000000
2.11867189 2.31273603 -0.80952400 2746.000000 39.000000 3997.000000 0.000000
2.12691498 2.29332900 -0.80715698 2510.000000 34.000000 3627.000000 0.000000
2.14755392 2.28726602 -0.80978698 1625.000000 18.000000 3591.000000 0.000000
2.20032811 2.23112702 -0.80873501 648.000000 6.000000 3434.000000 0.000000
2.10076809 2.43631506 -0.91282898 1433.000000 26.000000 3750.000000 0.000000
2.11504793 2.42265606 -0.91254300 1341.000000 24.000000 3045.000000 0.000000
2.13177490 2.41178989 -0.91339999 850.000000 14.000000 3086.000000 0.000000
2.10595202 2.32430196 -0.88883102 1308.000000 24.000000 4723.000000 0.000000
2.11952710 2.31062889 -0.88854498 1781.000000 35.000000 4439.000000 0.000000
2.13496709 2.29898691 -0.88911599 1714.000000 33.000000 3985.000000 0.000000
2.14444399 2.28095007 -0.88711703 966.000000 16.000000 3973.000000 0.000000
2.22423005 2.22495389 -0.89168799 462.000000 7.000000 2468.000000 0.000000
2.19429898 2.57515502 -1.05552804 1309.000000 16.000000 3080.000000 0.000000
2.10007501 2.43426609 -1.00068605 1888.000000 24.000000 2699.000000 0.000000
2.11246896 2.41847110 -0.99944597 1773.000000 22.000000 2183.000000 0.000000
2.11970711 2.39691901 -0.99572802 1202.000000 14.000000 2167.000000 0.000000
2.12802911 2.37678695 -0.99262899 1172.000000 13.000000 3567.000000 0.000000
2.11893511 2.33763099 -0.98116499 2042.000000 27.000000 3890.000000 0.000000
2.12359190 2.31408095 -0.97651702 2198.000000 30.000000 2976.000000 0.000000
2.13516092 2.29822302 -0.97527802 2195.000000 30.000000 2810.000000 0.000000
2.17398691 2.31138611 -0.98705202 1230.000000 14.000000 2867.000000 0.000000
2.10527492 2.45098901 -1.08955896 1157.000000 20.000000 3350.000000 0.000000
2.11285710 2.42947507 -1.08557498 1103.000000 19.000000 2851.000000 0.000000
2.10344791 2.38882399 -1.07262695 923.000000 16.000000 2939.000000 0.000000
2.10176897 2.35754490 -1.06399500 1291.000000 23.000000 4385.000000 0.000000
2.10925293 2.33689308 -1.06034303 1616.000000 31.000000 4578.000000 0.000000
2.11783409 2.31763196 -1.05735505 1808.000000 36.000000 5147.000000 0.000000
2.12689710 2.29904795 -1.05469894 1641.000000 32.000000 4480.000000 0.000000
2.14096403 2.28595400 -1.05469894 1527.000000 29.000000 4176.000000 0.000000
2.16531992 2.28374004 -1.06001103 1202.000000 21.000000 3673.000000 0.000000
-1.80534899 -1.78843701 -0.02324900 2347.000000 22.000000 3325.000000 0.000000
-1.81700301 -1.77802503 -0.02327400 3192.000000 38.000000 3684.000000 0.000000
-1.80576599 -1.70314503 -0.02180800 2349.000000 20.000000 3088.000000 0.000000
-1.81179094 -1.68794703 -0.02166100 2540.000000 22.000000 3154.000000 0.000000
-1.88908803 -1.73836601 -0.02388400 2278.000000 21.000000 3436.000000 0.000000
-1.97299004 -1.79327297 -0.02630300 1994.000000 18.000000 4920.000000 0.000000
-1.98544502 -1.78246903 -0.02635200 1223.000000 9.000000 5442.000000 0.000000
-1.78632104 -1.78858602 -0.08193700 722.000000 8.000000 4197.000000 0.000000
-1.79655302 -1.77688801 -0.08188900 1442.000000 18.000000 3773.000000 0.000000
-1.81027603 -1.76862800 -0.08208100 1954.000000 27.000000 3446.000000 0.000000
-1.81319904 -1.74984503 -0.08155300 1772.000000 24.000000 3170.000000 0.000000
-1.79574704 -1.71176398 -0.07968200 1585.000000 18.000000 3925.000000 0.000000
-1.77498901 -1.65075898 -0.07694700 979.000000 10.000000 4708.000000 0.000000
-1.83502996 -1.68586600 -0.08020900 702.000000 8.000000 4638.000000 0.000000
-1.82492495 -1.78576803 -0.14554501 2481.000000 24.000000 2358.000000 0.000000
-1.80858397 -1.74821103 -0.14278901 2094.000000 19.000000 2683.000000 0.000000
-1.80123401 -1.71987104 -0.14097500 2319.000000 22.000000 3012.000000 0.000000
-1.81320500 -1.71015406 -0.14112000 2679.000000 28.000000 3020.000000 0.000000
-1.81417298 -1.69016302 -0.14017700 2463.000000 21.000000 3002.000000 0.000000
-1.79439902 -1.79918694 -0.20433900 1888.000000 26.000000 4587.000000 0.000000
-1.81670296 -1.79936695 -0.20587499 2633.000000 42.000000 4427.000000 0.000000
-1.82557905 -1.78609502 -0.20558700 2527.000000 39.000000 4116.000000 0.000000
-1.82435405 -1.76308203 -0.20395499 1729.000000 23.000000 4669.000000 0.000000
-1.83082402 -1.74772406 -0.20337901 1662.000000 22.000000 3926.000000 0.000000
-1.81331098 -1.70978200 -0.19963400 1971.000000 27.000000 3713.000000 0.000000
-1.82304001 -1.69794405 -0.19953801 1923.000000 26.000000 3720.000000 0.000000
-1.84220195 -1.69482601 -0.20069000 1223.000000 15.000000 4758.000000 0.000000
-1.81853497 -1.80086505 -0.26958600 2494.000000 25.000000 3105.000000 0.000000
-1.83594096 -1.79591703 -0.27067199 3191.000000 38.000000 2869.000000 0.000000
-1.82692695 -1.76531398 -0.26729399 2662.000000 27.000000 2806.000000 0.000000
-1.81401598 -1.73146403 -0.26331201 2322.000000 22.000000 2861.000000 0.000000
-1.83327699 -1.72846794 -0.26475999 2631.000000 27.000000 2580.000000 0.000000
-1.82785904 -1.70231199 -0.26210499 2465.000000 24.000000 2698.000000 0.000000
-1.83826995 -1.69106400 -0.26210499 1386.000000 11.000000 3794.000000 0.000000
-1.83298194 -1.79584396 -0.33043399 2248.000000 33.000000 4215.000000 0.000000
-1.84183705 -1.78249502 -0.33000299 2311.000000 34.000000 3613.000000 0.000000
-1.82345295 -1.74307799 -0.32411200 1910.000000 26.000000 3613.000000 0.000000
-1.82908404 -1.72709298 -0.32310700 2045.000000 29.000000 3626.000000 0.000000
-1.83314300 -1.70975196 -0.32181400 1868.000000 25.000000 3439.000000 0.000000
-1.84214604 -1.69712901 -0.32152599 1552.000000 20.000000 4201.000000 0.000000
-1.84667802 -1.68045604 -0.32037699 365.000000 4.000000 6666.000000 0.000000
-1.82973695 -1.81194603 -0.39688599 2974.000000 33.000000 3090.000000 0.000000
-1.84293604 -1.80275202 -0.39739099 3334.000000 41.000000 2818.000000 0.000000
-1.83481300 -1.77292597 -0.39284599 2636.000000 27.000000 2805.000000 0.000000
-1.81498098 -1.73238397 -0.38560900 2462.000000 24.000000 2603.000000 0.000000
-1.82916403 -1.72459400 -0.38644999 2622.000000 27.000000 2447.000000 0.000000
-1.83321595 -1.70729601 -0.38493499 2535.000000 25.000000 2592.000000 0.000000
-1.85454500 -1.70602000 -0.38745999 1682.000000 14.000000 3501.000000 0.000000
-1.83238196 -1.82123399 -0.46062499 1437.000000 18.000000 4321.000000 0.000000
-1.82883704 -1.79549396 -0.45660400 2210.000000 32.000000 3562.000000 0.000000
-1.83559799 -1.78013206 -0.45545501 2208.000000 32.000000 3525.000000 0.000000
-1.82667100 -1.74979496 -0.45009300 1715.000000 23.000000 3425.000000 0.000000
-1.83096600 -1.73247194 -0.44837001 1734.000000 23.000000 3226.000000 0.000000
-1.83583295 -1.71583402 -0.44683799 1719.000000 23.000000 3099.000000 0.000000
-1.84344697 -1.70186996 -0.44607201 1589.000000 21.000000 3425.000000 0.000000
-1.85095799 -1.68787706 -0.44530600 533.000000 6.000000 4842.000000 0.000000
-1.81435704 -1.81827796 -0.52339798 1843.000000 16.000000 3346.000000 0.000000
-1.83311701 -1.81466305 -0.52577102 3046.000000 35.000000 3005.000000 0.000000
-1.84840798 -1.80747497 -0.52706599 3178.000000 38.000000 2757.000000 0.000000
-1.85876095 -1.79542196 -0.52684999 2594.000000 26.000000 2758.000000 0.000000
-1.83440197 -1.75029802 -0.51606202 2271.000000 21.000000 2499.000000 0.000000
-1.82875597 -1.72361398 -0.51109999 2430.000000 24.000000 2435.000000 0.000000
-1.83715200 -1.71036601 -0.51045299 2405.000000 23.000000 2497.000000 0.000000
-1.84976995 -1.70104301 -0.51109999 1693.000000 14.000000 2699.000000 0.000000
-1.83748305 -1.83138096 -0.59290802 1271.000000 16.000000 3680.000000 0.000000
-1.84523106 -1.81666005 -0.59171402 2012.000000 28.000000 3520.000000 0.000000
-1.85495305 -1.80394804 -0.59123701 2395.000000 37.000000 3413.000000 0.000000
-1.83871496 -1.76625299 -0.58192801 1831.000000 25.000000 3535.000000 0.000000
-1.82278895 -1.72949600 -0.57285702 1673.000000 22.000000 3061.000000 0.000000
-1.84185600 -1.72626102 -0.57572103 1775.000000 24.000000 3048.000000 0.000000
-1.83889401 -1.70237195 -0.57118601 1631.000000 21.000000 3333.000000 0.000000
-1.85002100 -1.69171298 -0.57142502 881.000000 10.000000 3686.000000 0.000000
-1.84468997 -1.82547796 -0.66196400 1748.000000 17.000000 2630.000000 0.000000
-1.85309505 -1.81142795 -0.66091102 2701.000000 33.000000 2432.000000 0.000000
-1.86209202 -1.79801500 -0.66012198 2679.000000 28.000000 2358.000000 0.000000
-1.82349706 -1.73930204 -0.64144701 2236.000000 21.000000 2281.000000 0.000000
-1.82991898 -1.72411299 -0.63986897 2283.000000 22.000000 2239.000000 0.000000
-1.83622396 -1.70891094 -0.63829100 2322.000000 22.000000 2235.000000 0.000000
-1.85733497 -1.70740104 -0.64223599 1637.000000 14.000000 2614.000000 0.000000
-1.96435797 -1.65590501 -0.65486199 118.000000 1.000000 1588.000000 0.000000
-1.82770705 -1.82728803 -0.72427398 1350.000000 20.000000 3571.000000 0.000000
-1.84569299 -1.82278395 -0.72713101 1551.000000 24.000000 3746.000000 0.000000
-1.85273194 -1.80740297 -0.72541702 1924.000000 32.000000 3599.000000 0.000000
-1.86378801 -1.79600096 -0.72541702 1622.000000 25.000000 3198.000000 0.000000
-1.83873105 -1.75011694 -0.71056098 362.000000 4.000000 2265.000000 0.000000
-1.84455502 -1.73419905 -0.70856100 382.000000 4.000000 2286.000000 0.000000
-1.85305703 -1.72088897 -0.70770401 1168.000000 14.000000 2495.000000 0.000000
-1.86569703 -1.71143305 -0.70856100 1218.000000 15.000000 3014.000000 0.000000
0.18758200 -1.66830003 -0.16256399 3054.000000 22.000000 2900.000000 0.000000
0.18140200 -1.70792198 -0.16726901 3859.000000 39.000000 2749.000000 0.000000
0.17258599 -1.72579598 -0.16932000 4257.000000 53.000000 3212.000000 0.000000
0.16153300 -1.72187996 -0.16871700 4349.000000 57.000000 3500.000000 0.000000
0.15019201 -1.71393800 -0.16763100 4040.000000 45.000000 3136.000000 0.000000
0.13831501 -1.69800603 -0.16558000 3577.000000 31.000000 2871.000000 0.000000
0.12553300 -1.66714501 -0.16171899 2788.000000 19.000000 2550.000000 0.000000
0.21419500 -1.63774097 -0.19768700 2729.000000 21.000000 3468.000000 0.000000
0.20426700 -1.64000702 -0.19783001 3211.000000 29.000000 3596.000000 0.000000
0.19574200 -1.65400100 -0.19969800 2948.000000 25.000000 3637.000000 0.000000
0.18491399 -1.64927197 -0.19883600 2840.000000 23.000000 3912.000000 0.000000
0.18054400 -1.70350504 -0.20659401 3695.000000 45.000000 4111.000000 0.000000
0.17230000 -1.72624004 -0.20975500 4068.000000 58.000000 4370.000000 0.000000
0.16170400 -1.72726500 -0.20975500 4121.000000 61.000000 4603.000000 0.000000
0.14951199 -1.71048200 -0.20716900 3492.000000 40.000000 4866.000000 0.000000
0.13333000 -1.64331996 -0.19725600 2323.000000 17.000000 5438.000000 0.000000
0.29662800 -1.82664800 -0.27317300 464.000000 2.000000 4325.000000 0.000000
0.23661301 -1.64736700 -0.24136101 2200.000000 13.000000 2841.000000 0.000000
0.22450000 -1.63413799 -0.23883601 2682.000000 18.000000 2380.000000 0.000000
0.21714400 -1.65601099 -0.24236999 2851.000000 20.000000 2449.000000 0.000000
0.20746399 -1.66122496 -0.24304400 3180.000000 24.000000 2803.000000 0.000000
0.19334400 -1.62918305 -0.23732100 2671.000000 18.000000 3150.000000 0.000000
0.24271600 -1.68076801 -0.28789699 887.000000 5.000000 4693.000000 0.000000
0.22638901 -1.63946104 -0.27947199 2216.000000 15.000000 2977.000000 0.000000
0.21645600 -1.64179206 -0.27966300 2277.000000 16.000000 2653.000000 0.000000
0.20737500 -1.65087700 -0.28119501 2696.000000 21.000000 2859.000000 0.000000
0.19819100 -1.65991294 -0.28272700 2774.000000 22.000000 3429.000000 0.000000
0.18710101 -1.65329802 -0.28119501 2485.000000 18.000000 3347.000000 0.000000
0.18068700 -1.68856299 -0.28789699 2944.000000 28.000000 3395.000000 0.000000
0.17122900 -1.69842696 -0.28962100 3167.000000 32.000000 3374.000000 0.000000
0.16146700 -1.70628405 -0.29096100 3158.000000 32.000000 4090.000000 0.000000
0.15152700 -1.71310794 -0.29211000 2338.000000 19.000000 4265.000000 0.000000
0.14184000 -1.72378504 -0.29402500 622.000000 4.000000 5161.000000 0.000000
0.23622100 -1.64663899 -0.32339001 1522.000000 8.000000 2871.000000 0.000000
0.22545300 -1.64321995 -0.32231200 2338.000000 14.000000 2332.000000 0.000000
0.21599600 -1.64941394 -0.32339001 2420.000000 15.000000 2220.000000 0.000000
0.20695201 -1.65942895 -0.32533199 2672.000000 18.000000 2640.000000 0.000000
0.19699401 -1.66260695 -0.32576400 2663.000000 18.000000 2588.000000 0.000000
0.18657300 -1.66184402 -0.32533199 2394.000000 15.000000 2783.000000 0.000000
0.18138100 -1.71054101 -0.33590400 3453.000000 30.000000 2855.000000 0.000000
0.17088200 -1.71162105 -0.33590400 3401.000000 29.000000 2991.000000 0.000000
0.15947300 -1.70291495 -0.33374700 2236.000000 14.000000 3497.000000 0.000000
0.15433399 -1.76514804 -0.34733900 493.000000 2.000000 5307.000000 0.000000
0.23058200 -1.65282595 -0.36542401 1703.000000 11.000000 3140.000000 0.000000
0.21847799 -1.63977599 -0.36184299 2075.000000 14.000000 2788.000000 0.000000
0.20965900 -1.65071595 -0.36423001 2384.000000 17.000000 2935.000000 0.000000
0.19964500 -1.65293503 -0.36446899 2508.000000 19.000000 2966.000000 0.000000
0.19051500 -1.66280997 -0.36661801 2466.000000 18.000000 3256.000000 0.000000
0.18234000 -1.68228602 -0.37115300 2325.000000 19.000000 3463.000000 0.000000
0.17615400 -1.72297204 -0.38093999 3053.000000 30.000000 3532.000000 0.000000
0.16510400 -1.71918797 -0.37974599 2613.000000 23.000000 3788.000000 0.000000
0.15686899 -1.74531102 -0.38595200 1384.000000 9.000000 4950.000000 0.000000
0.15081599 -1.80042195 -0.39932001 454.000000 2.000000 5578.000000 0.000000
0.23835300 -1.66363001 -0.41260999 1148.000000 6.000000 2960.000000 0.000000
0.22397301 -1.63446999 -0.40419301 1924.000000 11.000000 2081.000000 0.000000
0.21605401 -1.65207899 -0.40866500 2093.000000 13.000000 2070.000000 0.000000
0.20638700 -1.65720296 -0.40971699 2409.000000 16.000000 2234.000000 0.000000
0.19790401 -1.67281103 -0.41366199 2264.000000 14.000000 2251.000000 0.000000
0.18539500 -1.65385795 -0.40813801 2003.000000 11.000000 2504.000000 0.000000
0.18391500 -1.73748100 -0.43075901 3005.000000 23.000000 3141.000000 0.000000
0.17325100 -1.73857701 -0.43075901 3016.000000 23.000000 3452.000000 0.000000
0.16418301 -1.75689995 -0.43549401 1681.000000 10.000000 3976.000000 0.000000
0.13566899 -1.81157994 -0.44969699 544.000000 2.000000 3400.000000 0.000000
0.23333600 -1.65385401 -0.45172700 908.000000 6.000000 4084.000000 0.000000
0.22266200 -1.65145695 -0.45058501 1844.000000 14.000000 2700.000000 0.000000
0.21302301 -1.65659297 -0.45172700 2168.000000 17.000000 2843.000000 0.000000
0.20285399 -1.65786898 -0.45172700 2200.000000 18.000000 2799.000000 0.000000
0.19516000 -1.68001902 -0.45801300 2457.000000 21.000000 3171.000000 0.000000
0.18249400 -1.66023397 -0.45172700 2282.000000 19.000000 3341.000000 0.000000
0.18150900 -1.74804199 -0.47772500 2623.000000 23.000000 3547.000000 0.000000
0.17096999 -1.75102997 -0.47829601 2649.000000 24.000000 3975.000000 0.000000
0.16084900 -1.75872600 -0.48029599 1937.000000 15.000000 4949.000000 0.000000
0.13391200 -1.83401597 -0.50200897 642.000000 4.000000 4796.000000 0.000000
0.23529300 -1.65231204 -0.49687499 959.000000 5.000000 2744.000000 0.000000
0.22413000 -1.64618695 -0.49439600 2164.000000 14.000000 2280.000000 0.000000
0.21463400 -1.65224600 -0.49594501 2253.000000 14.000000 2413.000000 0.000000
0.20588300 -1.66485596 -0.49966300 2385.000000 16.000000 2349.000000 0.000000
0.19654500 -1.67364299 -0.50214201 2401.000000 16.000000 2656.000000 0.000000
0.18710700 -1.68237805 -0.50462103 2113.000000 13.000000 2754.000000 0.000000
0.18003200 -1.71470201 -0.51484603 2271.000000 15.000000 2755.000000 0.000000
0.17377301 -1.75930202 -0.52909899 2741.000000 20.000000 3469.000000 0.000000
0.16332300 -1.76412201 -0.53033799 1927.000000 12.000000 3855.000000 0.000000
0.26099399 -1.82203496 -0.60019600 843.000000 6.000000 4296.000000 0.000000
0.23094700 -1.68813300 -0.55205601 1616.000000 12.000000 2784.000000 0.000000
0.21648100 -1.65866196 -0.54110003 1975.000000 15.000000 2770.000000 0.000000
0.20546900 -1.65340805 -0.53877598 2107.000000 17.000000 2919.000000 0.000000
0.19543301 -1.65557396 -0.53910798 2168.000000 17.000000 2968.000000 0.000000
0.18677001 -1.66986299 -0.54375601 2102.000000 17.000000 3147.000000 0.000000
0.17865001 -1.69067204 -0.55072802 1935.000000 15.000000 3419.000000 0.000000
0.17200100 -1.72833502 -0.56367600 2317.000000 19.000000 3734.000000 0.000000
0.16310000 -1.74719799 -0.56998402 2188.000000 18.000000 3394.000000 0.000000
0.15809500 -1.81205404 -0.59255999 1262.000000 10.000000 3644.000000 0.000000
0.26095301 -1.75794303 -0.62871200 1826.000000 11.000000 2282.000000 0.000000
0.24662900 -1.73452902 -0.61909801 1923.000000 12.000000 2162.000000 0.000000
0.22734600 -1.67211401 -0.59452802 1821.000000 11.000000 2251.000000 0.000000
0.21469299 -1.65494096 -0.58740598 2101.000000 13.000000 2302.000000 0.000000
0.20453399 -1.65622699 -0.58740598 2089.000000 13.000000 2479.000000 0.000000
0.19458400 -1.65930796 -0.58811802 2185.000000 14.000000 2541.000000 0.000000
0.18388700 -1.65582597 -0.58633798 1984.000000 12.000000 2708.000000 0.000000
0.18107200 -1.72756100 -0.61340100 1826.000000 11.000000 2294.000000 0.000000
0.17301600 -1.75468004 -0.62337101 1722.000000 10.000000 2237.000000 0.000000
0.24665999 -1.76979601 -0.67972898 1320.000000 11.000000 2202.000000 0.000000
0.22373800 -1.68227303 -0.64309400 1622.000000 12.000000 2513.000000 0.000000
0.21020700 -1.65882003 -0.63289702 1868.000000 14.000000 2585.000000 0.000000
0.19900800 -1.65180802 -0.62949800 2013.000000 16.000000 2763.000000 0.000000
0.18897600 -1.65391695 -0.62987602 1996.000000 16.000000 2914.000000 0.000000
0.18055400 -1.67069101 -0.63629597 1957.000000 15.000000 3196.000000 0.000000
0.17510501 -1.71781397 -0.65517998 1795.000000 13.000000 2937.000000 0.000000
0.16772699 -1.75110900 -0.66839898 2139.000000 17.000000 2901.000000 0.000000
0.15986200 -1.78345501 -0.68124002 1381.000000 11.000000 2324.000000 0.000000
0.14851999 -1.77979004 -0.67935199 1812.000000 16.000000 3618.000000 0.000000
0.14553200 -1.88035297 -0.72014099 1053.000000 8.000000 3650.000000 0.000000
0.28245300 -1.83221900 -0.76332498 1278.000000 7.000000 2709.000000 0.000000
0.25934201 -1.75328600 -0.72756600 1903.000000 12.000000 3130.000000 0.000000
0.24998400 -1.76481903 -0.73198599 2397.000000 17.000000 2880.000000 0.000000
0.22620100 -1.67011905 -0.68939602 1592.000000 9.000000 2232.000000 0.000000
0.21396600 -1.65603495 -0.68256599 1899.000000 11.000000 2220.000000 0.000000
0.20291300 -1.65004504 -0.67935199 1856.000000 11.000000 2446.000000 0.000000
0.19341700 -1.65671694 -0.68176198 1888.000000 11.000000 2724.000000 0.000000
0.18414700 -1.66606498 -0.68537802 1791.000000 11.000000 2741.000000 0.000000
0.17561799 -1.68355894 -0.69261098 1694.000000 10.000000 3401.000000 0.000000
0.17574900 -1.79215300 -0.74002200 2206.000000 15.000000 3176.000000 0.000000
0.16350301 -1.77951896 -0.73399502 1874.000000 12.000000 2639.000000 0.000000
0.15343300 -1.79052496 -0.73841399 1887.000000 12.000000 2768.000000 0.000000
0.14431299 -1.81516898 -0.74886101 1248.000000 7.000000 2766.000000 0.000000
0.23670501 -1.74418402 -0.77082998 1507.000000 13.000000 2250.000000 0.000000
0.21817800 -1.68631101 -0.74291599 1604.000000 12.000000 2135.000000 0.000000
0.20466299 -1.66244304 -0.73107398 1852.000000 14.000000 2216.000000 0.000000
0.19467400 -1.66546702 -0.73192000 1775.000000 13.000000 2410.000000 0.000000
0.18394101 -1.66212797 -0.72980499 1996.000000 16.000000 2575.000000 0.000000
0.17576399 -1.68214703 -0.73868698 1738.000000 13.000000 2809.000000 0.000000
0.17452700 -1.77335298 -0.78097999 1293.000000 10.000000 2439.000000 0.000000
0.21399599 -1.66760397 -0.78763902 1837.000000 11.000000 2097.000000 0.000000
0.20397501 -1.67066205 -0.78853297 1960.000000 12.000000 2349.000000 0.000000
0.18413600 -1.67926598 -0.79165900 2009.000000 13.000000 2723.000000 0.000000
2.17589092 -2.04077005 -0.17681099 546.000000 5.000000 3386.000000 0.000000
2.24885988 -1.86298800 -0.24092200 1176.000000 18.000000 3604.000000 0.000000
2.23051500 -1.87100399 -0.24005800 589.000000 8.000000 3879.000000 0.000000
2.23871112 -1.61399603 -0.29395899 1829.000000 18.000000 2963.000000 0.000000
2.23597789 -1.63297498 -0.29504499 2805.000000 35.000000 3381.000000 0.000000
2.22671390 -1.64725399 -0.29516500 3112.000000 42.000000 4169.000000 0.000000
2.20941710 -1.65552497 -0.29407901 2293.000000 25.000000 4236.000000 0.000000
2.22688389 -1.69006896 -0.29830199 661.000000 5.000000 5518.000000 0.000000
2.23383093 -1.54580295 -0.35227099 1217.000000 17.000000 3942.000000 0.000000
2.22917104 -1.56288195 -0.35313299 1690.000000 26.000000 3440.000000 0.000000
2.21065497 -1.57023895 -0.35155201 1883.000000 30.000000 3613.000000 0.000000
2.21947408 -1.59704196 -0.35485700 1122.000000 16.000000 4443.000000 0.000000
2.23685098 -1.63041103 -0.35974100 1378.000000 20.000000 3534.000000 0.000000
2.22202301 -1.64058495 -0.35887900 2225.000000 39.000000 4224.000000 0.000000
2.21429491 -1.65596294 -0.35931000 2251.000000 39.000000 4730.000000 0.000000
2.21988702 -1.68144703 -0.36218399 1221.000000 18.000000 5097.000000 0.000000
2.23934007 -1.55259597 -0.42247000 2052.000000 21.000000 2955.000000 0.000000
2.22977090 -1.56630695 -0.42247000 2301.000000 25.000000 2738.000000 0.000000
2.21851206 -1.57881498 -0.42213300 2412.000000 27.000000 3083.000000 0.000000
2.22636795 -1.60508895 -0.42583600 1391.000000 13.000000 3932.000000 0.000000
2.24751306 -1.64140701 -0.43240100 2215.000000 24.000000 2944.000000 0.000000
2.23739910 -1.65516698 -0.43240100 3004.000000 39.000000 3477.000000 0.000000
2.23035502 -1.67122996 -0.43307400 2756.000000 34.000000 3992.000000 0.000000
2.21927404 -1.68428695 -0.43290600 1277.000000 12.000000 4410.000000 0.000000
2.22469306 -1.55631697 -0.48628601 1456.000000 22.000000 3194.000000 0.000000
2.21429992 -1.56937206 -0.48609400 1539.000000 23.000000 3119.000000 0.000000
2.21580195 -1.59092700 -0.48877501 1335.000000 20.000000 3553.000000 0.000000
2.22983599 -1.62177801 -0.49452001 924.000000 13.000000 3681.000000 0.000000
2.24041009 -1.65053701 -0.49949899 1694.000000 27.000000 3469.000000 0.000000
2.23181510 -1.66542399 -0.49988201 2175.000000 37.000000 4126.000000 0.000000
2.22390604 -1.68085897 -0.50045598 1735.000000 27.000000 4444.000000 0.000000
2.20340800 -1.68673205 -0.49796700 547.000000 7.000000 5240.000000 0.000000
2.23503804 -1.55018306 -0.55684000 1590.000000 15.000000 2814.000000 0.000000
2.22947788 -1.56667602 -0.55791903 2163.000000 23.000000 2643.000000 0.000000
2.22220802 -1.58202696 -0.55856699 2251.000000 25.000000 2705.000000 0.000000
2.23541903 -1.61220706 -0.56482399 1540.000000 15.000000 2789.000000 0.000000
2.24676490 -1.64145601 -0.57064903 1521.000000 14.000000 2589.000000 0.000000
2.25626612 -1.66974199 -0.57604301 2593.000000 31.000000 3192.000000 0.000000
2.24441600 -1.68238199 -0.57561100 2739.000000 34.000000 3791.000000 0.000000
2.24027109 -1.70084798 -0.57733703 1735.000000 19.000000 3749.000000 0.000000
2.24490809 -1.56580198 -0.62799698 1113.000000 16.000000 3312.000000 0.000000
2.22335005 -1.57115805 -0.62441701 1439.000000 22.000000 3049.000000 0.000000
2.21603894 -1.58646297 -0.62513298 1552.000000 24.000000 3342.000000 0.000000
2.24246311 -1.62620294 -0.63611299 1294.000000 19.000000 3329.000000 0.000000
2.25907993 -1.65944004 -0.64422899 1192.000000 18.000000 3172.000000 0.000000
2.25899410 -1.68079197 -0.64733201 1657.000000 28.000000 3295.000000 0.000000
2.24708605 -1.69345498 -0.64685500 2141.000000 40.000000 4184.000000 0.000000
2.23974395 -1.70956302 -0.64780998 1669.000000 28.000000 4128.000000 0.000000
2.23075008 -1.72446001 -0.64828700 787.000000 11.000000 3575.000000 0.000000
2.25432491 -1.54373896 -0.69931400 175.000000 1.000000 1423.000000 0.000000
2.22341609 -1.54268205 -0.69221199 712.000000 6.000000 1649.000000 0.000000
2.22653198 -1.56517899 -0.69642103 1788.000000 18.000000 2135.000000 0.000000
2.21845794 -1.57993197 -0.69694698 1980.000000 21.000000 2363.000000 0.000000
2.22123599 -1.60255206 -0.70115501 1647.000000 16.000000 2352.000000 0.000000
2.28066206 -1.66684997 -0.72456503 1109.000000 11.000000 2467.000000 0.000000
2.24868703 -1.66472900 -0.71719998 1648.000000 17.000000 3154.000000 0.000000
2.24923301 -1.68660402 -0.72088301 2313.000000 28.000000 3840.000000 0.000000
2.24728990 -1.70679605 -0.72377598 2662.000000 35.000000 4246.000000 0.000000
2.23065996 -1.71584404 -0.72167200 1598.000000 17.000000 2532.000000 0.000000
2.22617602 -1.73424494 -0.72377598 1448.000000 15.000000 2376.000000 0.000000
2.27227998 -1.79271603 -0.74350297 1166.000000 11.000000 2776.000000 0.000000
2.24304891 -1.57981503 -0.77169800 1438.000000 22.000000 2942.000000 0.000000
2.23096991 -1.59188199 -0.77084100 1512.000000 23.000000 2920.000000 0.000000
2.22427106 -1.60778201 -0.77198398 1533.000000 23.000000 3144.000000 0.000000
2.24068093 -1.64061105 -0.78169799 1318.000000 21.000000 2639.000000 0.000000
2.23365402 -1.65660703 -0.78284001 1714.000000 29.000000 3223.000000 0.000000
2.23188496 -1.67660105 -0.78598303 1449.000000 24.000000 2919.000000 0.000000
2.22460890 -1.69257998 -0.78712600 813.000000 12.000000 2143.000000 0.000000
2.16022706 -1.66474497 -0.76684201 203.000000 2.000000 1807.000000 0.000000
2.17266202 -1.69562399 -0.77541202 264.000000 3.000000 2176.000000 0.000000
