-0.94993502 2.10140800 -0.18167800 2299.000000 29.000000 3438.000000 0.000000
-0.93661702 2.10628796 -0.18158200 2284.000000 29.000000 3406.000000 0.000000
-1.02427900 2.09170294 -0.24159400 590.000000 3.000000 4255.000000 0.000000
-1.01616096 2.10778809 -0.24292099 2355.000000 20.000000 3866.000000 0.000000
-1.00830996 2.12474799 -0.24436900 1085.000000 7.000000 4400.000000 0.000000
-0.98518401 2.10930300 -0.24147300 2080.000000 16.000000 3089.000000 0.000000
-0.96932501 2.10899305 -0.24062800 2877.000000 27.000000 2616.000000 0.000000
-0.95800000 2.11852002 -0.24111100 2969.000000 29.000000 2724.000000 0.000000
-0.94256502 2.11891508 -0.24038699 2776.000000 26.000000 2862.000000 0.000000
-0.94901800 2.16923308 -0.24629900 2328.000000 19.000000 3708.000000 0.000000
-0.95410401 2.21788406 -0.25196999 688.000000 4.000000 4551.000000 0.000000
-0.98243099 2.10028100 -0.29451701 2007.000000 24.000000 3161.000000 0.000000
-0.97824699 2.12513304 -0.29753399 2267.000000 29.000000 2928.000000 0.000000
-0.95740300 2.11398005 -0.29480499 1943.000000 23.000000 2928.000000 0.000000
-0.95088202 2.13426805 -0.29710299 2043.000000 25.000000 3293.000000 0.000000
-0.94733697 2.16179991 -0.30055100 2143.000000 27.000000 3598.000000 0.000000
-0.95331901 2.21207309 -0.30759099 1595.000000 18.000000 3382.000000 0.000000
-0.93740201 2.21241689 -0.30672899 218.000000 2.000000 3839.000000 0.000000
-0.99541903 2.09754491 -0.35362801 1137.000000 7.000000 3518.000000 0.000000
-0.98586398 2.11075997 -0.35497499 2344.000000 20.000000 2387.000000 0.000000
-0.97248203 2.11587310 -0.35480601 2487.000000 21.000000 2473.000000 0.000000
-0.95988703 2.12269902 -0.35497499 2436.000000 21.000000 2508.000000 0.000000
-0.96044898 2.15917802 -0.36069801 1926.000000 15.000000 3192.000000 0.000000
-0.96809500 2.21290588 -0.36961800 1049.000000 7.000000 4240.000000 0.000000
-1.00374103 2.10629010 -0.41179401 929.000000 9.000000 3692.000000 0.000000
-0.99121600 2.11329699 -0.41198599 1771.000000 20.000000 2904.000000 0.000000
-0.97575301 2.11399698 -0.41083699 2198.000000 28.000000 3053.000000 0.000000
-0.96276402 2.11994410 -0.41083699 2171.000000 27.000000 3299.000000 0.000000
-0.95978498 2.14819789 -0.41562399 1397.000000 15.000000 3971.000000 0.000000
-1.02732801 2.13192391 -0.47873601 888.000000 6.000000 3930.000000 0.000000
-1.00043404 2.10906601 -0.47161600 2539.000000 22.000000 2461.000000 0.000000
-0.98871100 2.11782002 -0.47226301 2832.000000 27.000000 2513.000000 0.000000
-0.97651201 2.12562203 -0.47269499 2912.000000 28.000000 2625.000000 0.000000
-0.96224600 2.12890291 -0.47204801 2445.000000 21.000000 3022.000000 0.000000
-0.96937197 2.18028307 -0.48305100 640.000000 4.000000 4268.000000 0.000000
-1.00615299 2.10387492 -0.52845800 1700.000000 19.000000 3003.000000 0.000000
-0.99696100 2.11790991 -0.53060597 2207.000000 28.000000 2926.000000 0.000000
-0.98476601 2.12574792 -0.53108400 2189.000000 28.000000 3108.000000 0.000000
-0.97008699 2.12821889 -0.53012902 2080.000000 26.000000 3464.000000 0.000000
-0.98572701 2.19788003 -0.54731601 1333.000000 14.000000 4339.000000 0.000000
-1.01861501 2.11475205 -0.59436500 2203.000000 18.000000 2512.000000 0.000000
-1.00273001 2.11485791 -0.59252298 2488.000000 22.000000 2241.000000 0.000000
-0.98729002 2.11572409 -0.59094501 2655.000000 24.000000 2479.000000 0.000000
-0.97710401 2.12788105 -0.59278601 2523.000000 22.000000 2844.000000 0.000000
-0.98188198 2.17341089 -0.60462302 2276.000000 19.000000 2928.000000 0.000000
-0.99787599 2.24553490 -0.62435001 1117.000000 8.000000 4329.000000 0.000000
-1.03973496 2.13167191 -0.66085100 1000.000000 10.000000 3494.000000 0.000000
-1.02039194 2.12506390 -0.65656602 1900.000000 23.000000 2618.000000 0.000000
-1.01021004 2.13734508 -0.65856600 2150.000000 27.000000 2714.000000 0.000000
-0.99464297 2.13829398 -0.65685201 2279.000000 29.000000 3046.000000 0.000000
-0.98510700 2.15219307 -0.65942299 2178.000000 28.000000 3505.000000 0.000000
-1.00624597 2.23415995 -0.68427801 1907.000000 26.000000 3073.000000 0.000000
-1.00147903 2.26043010 -0.69084901 1200.000000 15.000000 4269.000000 0.000000
-1.03582895 2.12181592 -0.72244298 1607.000000 12.000000 2590.000000 0.000000
-1.01456296 2.11098790 -0.71624601 2478.000000 22.000000 2286.000000 0.000000
-1.00402796 2.12233210 -0.71810502 2549.000000 23.000000 2338.000000 0.000000
-0.98978400 2.12586594 -0.71717602 2623.000000 24.000000 2755.000000 0.000000
-0.99610198 2.17426491 -0.73235798 2295.000000 22.000000 2481.000000 0.000000
-1.00186205 2.22282100 -0.74754101 2421.000000 24.000000 2854.000000 0.000000
-1.01437604 2.28804493 -0.76861000 1141.000000 9.000000 3824.000000 0.000000
-1.05793202 2.15844607 -0.79839802 1219.000000 15.000000 2785.000000 0.000000
-1.02780199 2.13009405 -0.78478599 1496.000000 19.000000 2271.000000 0.000000
-1.02486706 2.15764499 -0.79308599 1727.000000 23.000000 2561.000000 0.000000
-1.00198603 2.14339995 -0.78511798 1913.000000 27.000000 2929.000000 0.000000
-1.01057804 2.19660306 -0.80337799 1769.000000 24.000000 2797.000000 0.000000
-1.01386905 2.23968601 -0.81765300 1654.000000 22.000000 2528.000000 0.000000
-1.01089203 2.26997495 -0.82694900 1544.000000 20.000000 3596.000000 0.000000
-1.04887605 2.08415604 -0.84058303 218.000000 1.000000 1293.000000 0.000000
-1.02322102 2.09686995 -0.84058303 873.000000 6.000000 1594.000000 0.000000
0.88169700 2.21710610 -0.30428699 1535.000000 17.000000 3847.000000 0.000000
0.88973701 2.19788599 -0.30213201 2138.000000 26.000000 2803.000000 0.000000
0.88743699 2.15392804 -0.29609799 1918.000000 23.000000 2552.000000 0.000000
0.89568299 2.13656902 -0.29423001 1921.000000 23.000000 3065.000000 0.000000
0.90722901 2.12738895 -0.29365501 1987.000000 24.000000 2965.000000 0.000000
0.91908902 2.11905694 -0.29322401 1996.000000 24.000000 2974.000000 0.000000
0.93525600 2.12062597 -0.29437399 1773.000000 20.000000 3238.000000 0.000000
0.88998002 2.23379397 -0.36776701 1161.000000 8.000000 4022.000000 0.000000
0.90218598 2.22463799 -0.36709401 2964.000000 29.000000 2698.000000 0.000000
0.90678197 2.19719601 -0.36305401 2701.000000 25.000000 2769.000000 0.000000
0.89846498 2.13979793 -0.35346001 2491.000000 21.000000 2478.000000 0.000000
0.92359602 2.16233993 -0.35867801 2904.000000 28.000000 2542.000000 0.000000
0.92386901 2.12680411 -0.35312301 2711.000000 25.000000 2423.000000 0.000000
0.93052101 2.10667205 -0.35043001 2432.000000 21.000000 2587.000000 0.000000
0.94868600 2.11260891 -0.35261801 1019.000000 7.000000 4172.000000 0.000000
0.86834401 2.23000097 -0.42347500 1437.000000 16.000000 3112.000000 0.000000
0.87984902 2.21915293 -0.42232600 1939.000000 23.000000 2678.000000 0.000000
0.89674199 2.22190905 -0.42405000 1760.000000 20.000000 2394.000000 0.000000
0.89587301 2.18093300 -0.41658199 1485.000000 16.000000 2088.000000 0.000000
0.90772998 2.17177105 -0.41581601 1609.000000 18.000000 2909.000000 0.000000
0.90191197 2.12096596 -0.40624100 2002.000000 24.000000 2838.000000 0.000000
0.91141599 2.10727811 -0.40451801 2286.000000 29.000000 2835.000000 0.000000
0.92472202 2.10254502 -0.40470901 1986.000000 24.000000 2991.000000 0.000000
0.94558799 2.11476588 -0.40853900 601.000000 6.000000 4181.000000 0.000000
0.86597103 2.21184707 -0.48067799 1457.000000 10.000000 2825.000000 0.000000
0.88278502 2.21465302 -0.48262000 2142.000000 17.000000 2045.000000 0.000000
0.88790202 2.18838906 -0.47765699 2480.000000 21.000000 2048.000000 0.000000
0.89646202 2.17117000 -0.47485200 2549.000000 22.000000 2003.000000 0.000000
0.90408701 2.15212798 -0.47161600 2473.000000 21.000000 2407.000000 0.000000
0.90920699 2.12768793 -0.46708500 2561.000000 23.000000 2315.000000 0.000000
0.91406101 2.10326791 -0.46255401 2721.000000 25.000000 2435.000000 0.000000
0.92892498 2.10208511 -0.46363300 2492.000000 22.000000 2659.000000 0.000000
0.95102102 2.11682606 -0.46859500 741.000000 4.000000 4172.000000 0.000000
0.88723099 2.20704198 -0.53991598 1877.000000 22.000000 3441.000000 0.000000
0.90112299 2.20245600 -0.54015499 2502.000000 34.000000 3181.000000 0.000000
0.90272403 2.16817689 -0.53251600 2184.000000 28.000000 2970.000000 0.000000
0.90431601 2.13485789 -0.52511603 2066.000000 25.000000 3109.000000 0.000000
0.91127503 2.11498904 -0.52129698 2056.000000 25.000000 2858.000000 0.000000
0.92268300 2.10579705 -0.52034199 2045.000000 25.000000 3074.000000 0.000000
0.93401200 2.09654498 -0.51938701 1530.000000 17.000000 3446.000000 0.000000
0.96282101 2.12618709 -0.52893603 297.000000 3.000000 5557.000000 0.000000
0.87916899 2.20449090 -0.60146600 1951.000000 15.000000 3017.000000 0.000000
0.90067297 2.21871710 -0.60725302 2830.000000 27.000000 2548.000000 0.000000
0.90799898 2.19799399 -0.60278201 3044.000000 30.000000 2483.000000 0.000000
0.89601499 2.13191509 -0.58489501 2492.000000 22.000000 2510.000000 0.000000
0.90566099 2.11839509 -0.58252800 2500.000000 22.000000 2304.000000 0.000000
0.91556102 2.10572100 -0.58042401 2384.000000 20.000000 2231.000000 0.000000
0.92572999 2.09388900 -0.57858300 2297.000000 19.000000 2232.000000 0.000000
0.94331300 2.09872603 -0.58173901 1195.000000 8.000000 3683.000000 0.000000
0.89008498 2.22419500 -0.66799402 1967.000000 28.000000 3776.000000 0.000000
0.90443599 2.22046804 -0.66856498 2517.000000 40.000000 3329.000000 0.000000
0.91767800 2.21398997 -0.66827899 2973.000000 52.000000 3392.000000 0.000000
0.90380001 2.14292789 -0.64713800 2248.000000 29.000000 3478.000000 0.000000
0.90714800 2.11442804 -0.63971001 2024.000000 25.000000 2986.000000 0.000000
0.92086798 2.11057901 -0.64028198 2172.000000 27.000000 2898.000000 0.000000
0.93070400 2.09787607 -0.63799602 1969.000000 24.000000 3136.000000 0.000000
0.94552100 2.09649706 -0.63942498 1140.000000 12.000000 4026.000000 0.000000
0.88431799 2.21184206 -0.72926003 2245.000000 21.000000 3047.000000 0.000000
0.90038502 2.21253705 -0.73142898 3017.000000 34.000000 2658.000000 0.000000
0.91139400 2.20082307 -0.72926003 3255.000000 40.000000 2774.000000 0.000000
0.92488098 2.19518900 -0.72926003 2812.000000 30.000000 2860.000000 0.000000
0.90383101 2.10909295 -0.70075399 2309.000000 19.000000 2348.000000 0.000000
0.91447300 2.09827900 -0.69889498 2340.000000 20.000000 2182.000000 0.000000
0.92578799 2.08915210 -0.69765502 2278.000000 19.000000 2158.000000 0.000000
0.94132602 2.08949900 -0.69982398 1797.000000 14.000000 2694.000000 0.000000
0.88536602 2.22463012 -0.79507798 1153.000000 14.000000 4129.000000 0.000000
0.89124000 2.19990802 -0.78777403 2100.000000 30.000000 3126.000000 0.000000
0.90722799 2.20050693 -0.79009801 2506.000000 40.000000 3269.000000 0.000000
0.92035002 2.19402909 -0.78976601 2415.000000 37.000000 3266.000000 0.000000
0.90503401 2.12061906 -0.76387000 1661.000000 19.000000 2680.000000 0.000000
0.91354001 2.10463500 -0.75988603 1778.000000 21.000000 2694.000000 0.000000
0.92567801 2.09726191 -0.75922197 1717.000000 20.000000 2575.000000 0.000000
0.93776000 2.08981991 -0.75855798 1654.000000 19.000000 2835.000000 0.000000
0.95719397 2.09862804 -0.76420200 610.000000 6.000000 2954.000000 0.000000
0.89038700 2.18692899 -0.85126603 2343.000000 23.000000 2267.000000 0.000000
0.90808702 2.19178200 -0.85553902 3077.000000 36.000000 2354.000000 0.000000
0.91606700 2.17325497 -0.85019797 2676.000000 28.000000 2445.000000 0.000000
0.90025502 2.09976196 -0.82206702 1854.000000 14.000000 2236.000000 0.000000
0.91125202 2.08991694 -0.82028598 1850.000000 14.000000 2143.000000 0.000000
0.92367899 2.08343196 -0.81993002 1903.000000 15.000000 1980.000000 0.000000
0.93567598 2.07602191 -0.81921798 1860.000000 14.000000 2336.000000 0.000000
0.89128101 2.06680799 -0.86894703 182.000000 1.000000 1712.000000 0.000000
0.90172398 2.05620790 -0.86668098 118.000000 1.000000 1614.000000 0.000000
0.92296100 2.07010293 -0.87536699 227.000000 2.000000 1786.000000 0.000000
2.88617992 2.25750709 -0.40387699 1501.000000 19.000000 2048.000000 0.000000
2.87718701 2.22216702 -0.40037799 1930.000000 26.000000 2252.000000 0.000000
2.89234710 2.20567393 -0.40061900 2437.000000 37.000000 2549.000000 0.000000
2.90979195 2.19086909 -0.40122199 2527.000000 39.000000 2492.000000 0.000000
2.90644598 2.16054296 -0.39868900 2046.000000 29.000000 3006.000000 0.000000
2.90043592 2.12858009 -0.39579299 2149.000000 30.000000 2426.000000 0.000000
2.90298796 2.10317492 -0.39422399 2071.000000 28.000000 2652.000000 0.000000
2.91664600 2.08590102 -0.39434499 1035.000000 12.000000 4289.000000 0.000000
2.83774400 1.97734797 -0.37890100 526.000000 5.000000 4306.000000 0.000000
2.85921192 2.24280906 -0.48544899 905.000000 16.000000 3274.000000 0.000000
2.86353898 2.21794105 -0.48372501 1625.000000 32.000000 2841.000000 0.000000
2.87945104 2.20213509 -0.48415601 1690.000000 33.000000 2808.000000 0.000000
2.89606500 2.18681407 -0.48473001 1609.000000 31.000000 2770.000000 0.000000
2.91577101 2.17374206 -0.48587999 1103.000000 20.000000 4101.000000 0.000000
2.90675497 2.13936090 -0.48185700 858.000000 15.000000 3694.000000 0.000000
2.89262700 2.10167789 -0.47697201 1513.000000 29.000000 3185.000000 0.000000
2.90868306 2.08620000 -0.47754699 1490.000000 28.000000 3835.000000 0.000000
2.92062211 2.06773996 -0.47740301 451.000000 8.000000 6431.000000 0.000000
2.88914990 2.23139906 -0.58051997 1469.000000 18.000000 3296.000000 0.000000
2.89102602 2.20466805 -0.57799500 2585.000000 41.000000 2741.000000 0.000000
2.90607500 2.18807197 -0.57833201 2189.000000 31.000000 2935.000000 0.000000
2.93764591 2.18371892 -0.58220297 610.000000 7.000000 4208.000000 0.000000
2.89773107 2.12659693 -0.57092601 1638.000000 21.000000 2483.000000 0.000000
2.90513611 2.10473108 -0.56974798 2022.000000 28.000000 2401.000000 0.000000
2.93082809 2.09603500 -0.57244098 1493.000000 19.000000 3588.000000 0.000000
2.88873410 2.21401691 -0.66667300 1716.000000 34.000000 3623.000000 0.000000
2.89835405 2.19328499 -0.66571599 2201.000000 48.000000 3316.000000 0.000000
2.90390110 2.16957593 -0.66380101 1519.000000 29.000000 4326.000000 0.000000
2.89066601 2.10484695 -0.65422601 1264.000000 23.000000 2803.000000 0.000000
2.90432310 2.08764410 -0.65441799 1463.000000 28.000000 2819.000000 0.000000
2.91068006 2.06523395 -0.65288597 905.000000 16.000000 3831.000000 0.000000
2.87951899 2.22317004 -0.75965297 1335.000000 16.000000 2857.000000 0.000000
2.88300800 2.19776702 -0.75684798 2602.000000 41.000000 2678.000000 0.000000
2.89955997 2.18238401 -0.75771099 2277.000000 33.000000 2810.000000 0.000000
2.90407205 2.13047290 -0.75167000 1298.000000 16.000000 2185.000000 0.000000
2.90443301 2.10345507 -0.74821800 1864.000000 25.000000 2230.000000 0.000000
2.92443609 2.09070206 -0.75015998 1620.000000 21.000000 2342.000000 0.000000
2.87302208 2.20828104 -0.84593302 713.000000 12.000000 3293.000000 0.000000
2.88961005 2.19296288 -0.84688801 1951.000000 41.000000 3168.000000 0.000000
2.90301108 2.17519093 -0.84688801 1933.000000 40.000000 3013.000000 0.000000
2.90460205 2.14866209 -0.84330702 979.000000 17.000000 3243.000000 0.000000
2.89657402 2.11531210 -0.83686203 747.000000 13.000000 2746.000000 0.000000
2.91185999 2.09920597 -0.83757800 1513.000000 29.000000 2727.000000 0.000000
2.92705798 2.08299088 -0.83829498 1397.000000 26.000000 2713.000000 0.000000
2.93932009 -1.83085299 -0.21170400 373.000000 4.000000 4562.000000 0.000000
2.92381501 -1.84618998 -0.21134099 1747.000000 23.000000 3180.000000 0.000000
2.89983511 -1.85602605 -0.21025300 2385.000000 35.000000 2761.000000 0.000000
2.89006495 -1.87486994 -0.21039800 2717.000000 43.000000 2942.000000 0.000000
2.88433909 -1.89640605 -0.21090600 1934.000000 26.000000 2916.000000 0.000000
2.89422297 -1.92845500 -0.21279199 1564.000000 20.000000 3298.000000 0.000000
2.87902999 -1.94394398 -0.21250100 2059.000000 28.000000 2385.000000 0.000000
2.85552692 -1.95368302 -0.21148600 1838.000000 24.000000 2843.000000 0.000000
2.87298608 -1.99163496 -0.21409699 346.000000 3.000000 4517.000000 0.000000
2.90141797 -1.85524797 -0.29142901 1211.000000 22.000000 4358.000000 0.000000
2.88245702 -1.86815202 -0.29056501 2105.000000 43.000000 3615.000000 0.000000
2.88092995 -1.89234900 -0.29171699 1782.000000 36.000000 3509.000000 0.000000
2.89745808 -1.92871201 -0.29498100 1237.000000 22.000000 2955.000000 0.000000
2.87153006 -1.93700802 -0.29334900 1605.000000 31.000000 2895.000000 0.000000
2.86616993 -1.95907700 -0.29411700 1420.000000 27.000000 2815.000000 0.000000
2.84262991 -1.96870506 -0.29277301 578.000000 9.000000 2941.000000 0.000000
2.91578698 -1.84182298 -0.37769401 2157.000000 30.000000 4100.000000 0.000000
2.90025210 -1.85700095 -0.37709099 2931.000000 49.000000 3222.000000 0.000000
2.88963604 -1.87530303 -0.37721199 1867.000000 25.000000 3826.000000 0.000000
2.89963293 -1.90718901 -0.38034901 566.000000 6.000000 4321.000000 0.000000
2.89778590 -1.93155599 -0.38179699 2109.000000 29.000000 2390.000000 0.000000
2.88834691 -1.95096803 -0.38215899 2283.000000 33.000000 2152.000000 0.000000
2.87632203 -1.96865404 -0.38215899 1478.000000 18.000000 3141.000000 0.000000
2.91102600 -1.78403103 -0.45355499 547.000000 9.000000 4053.000000 0.000000
2.91600704 -1.81176400 -0.45628399 1792.000000 36.000000 3342.000000 0.000000
2.90567303 -1.83014905 -0.45642799 1864.000000 38.000000 3076.000000 0.000000
2.88604212 -1.84262705 -0.45499101 1192.000000 22.000000 3744.000000 0.000000
2.89617491 -1.92496896 -0.46274900 879.000000 15.000000 3277.000000 0.000000
2.88430905 -1.94270301 -0.46274900 1543.000000 30.000000 2744.000000 0.000000
2.86006403 -1.95201004 -0.46059400 1288.000000 24.000000 3271.000000 0.000000
2.93963695 -1.78204095 -0.54416299 709.000000 8.000000 3111.000000 0.000000
2.94795799 -1.81192398 -0.54803503 2144.000000 30.000000 2827.000000 0.000000
2.93176603 -1.82684898 -0.54702502 2525.000000 38.000000 2579.000000 0.000000
2.92716694 -1.84901702 -0.54837102 1522.000000 19.000000 3071.000000 0.000000
2.93627405 -1.93130898 -0.55729198 1117.000000 13.000000 3097.000000 0.000000
2.90632892 -1.93725502 -0.55358899 1994.000000 27.000000 2028.000000 0.000000
2.89356995 -1.95449901 -0.55342102 1935.000000 26.000000 2277.000000 0.000000
2.95027900 -1.80381405 -0.63124698 684.000000 11.000000 3219.000000 0.000000
2.93999100 -1.82239902 -0.63143802 1763.000000 35.000000 3034.000000 0.000000
2.92625904 -1.83884096 -0.63086402 1765.000000 35.000000 2820.000000 0.000000
2.91906309 -1.85939300 -0.63182098 841.000000 14.000000 2931.000000 0.000000
2.90890002 -1.92905402 -0.63756597 1166.000000 21.000000 2571.000000 0.000000
2.89048696 -1.94249403 -0.63603401 1449.000000 27.000000 2435.000000 0.000000
2.87283111 -1.95633197 -0.63469398 1031.000000 18.000000 3371.000000 0.000000
2.95693803 -1.79323900 -0.71995300 1101.000000 13.000000 2633.000000 0.000000
2.97165799 -1.82721305 -0.72664201 2367.000000 35.000000 2570.000000 0.000000
2.95790505 -1.84386206 -0.72599500 2179.000000 31.000000 2413.000000 0.000000
2.94736099 -1.86249804 -0.72621000 632.000000 7.000000 2366.000000 0.000000
2.92073393 -1.92180395 -0.72836798 2369.000000 35.000000 2392.000000 0.000000
2.90645099 -1.93806398 -0.72772098 2320.000000 34.000000 2072.000000 0.000000
2.89773989 -1.95804906 -0.72858399 1357.000000 16.000000 2225.000000 0.000000
2.99170589 -1.79832697 -0.81323099 581.000000 10.000000 3813.000000 0.000000
2.97812700 -1.81513703 -0.81251502 1215.000000 22.000000 3303.000000 0.000000
2.96610594 -1.83286595 -0.81227601 1755.000000 35.000000 2952.000000 0.000000
2.95068693 -1.84845901 -0.81108201 1452.000000 27.000000 2640.000000 0.000000
2.91659403 -1.92833495 -0.81466299 1676.000000 33.000000 2792.000000 0.000000
2.90470695 -1.94619501 -0.81466299 1782.000000 36.000000 2697.000000 0.000000
2.91120410 -1.97650599 -0.82015300 866.000000 15.000000 3475.000000 0.000000
-1.01734197 -1.99615097 -0.17534100 1288.000000 12.000000 3591.000000 0.000000
-0.99765998 -1.92793202 -0.16862001 2404.000000 28.000000 3157.000000 0.000000
-1.00301194 -1.90942502 -0.16727600 2022.000000 22.000000 3463.000000 0.000000
-0.99557501 -1.86718798 -0.16333900 2219.000000 25.000000 3859.000000 0.000000
-1.00984502 -1.86630201 -0.16391499 2405.000000 28.000000 3166.000000 0.000000
-1.01745796 -1.85308397 -0.16314700 1989.000000 21.000000 2680.000000 0.000000
-1.02591205 -1.84158301 -0.16257100 2219.000000 25.000000 2807.000000 0.000000
-1.03426397 -1.83004904 -0.16199400 2103.000000 23.000000 3077.000000 0.000000
-1.05336905 -1.83749998 -0.16353101 1532.000000 15.000000 3776.000000 0.000000
-0.99900401 -1.96118903 -0.22602899 1547.000000 10.000000 2521.000000 0.000000
-0.99732298 -1.92857695 -0.22240900 3113.000000 28.000000 2645.000000 0.000000
-1.01006198 -1.92417896 -0.22265100 3413.000000 34.000000 2454.000000 0.000000
-1.01250303 -1.90042806 -0.22023800 3118.000000 28.000000 2836.000000 0.000000
-1.02036297 -1.88719594 -0.21927200 3172.000000 29.000000 3330.000000 0.000000
-1.02475405 -1.86784995 -0.21746200 3576.000000 38.000000 3635.000000 0.000000
-1.03716195 -1.86326098 -0.21770400 3996.000000 50.000000 3735.000000 0.000000
-1.04857504 -1.85686195 -0.21770400 3885.000000 46.000000 4006.000000 0.000000
-1.05896103 -1.84867096 -0.21746200 3502.000000 36.000000 4209.000000 0.000000
-1.06828701 -1.83870602 -0.21698000 2782.000000 23.000000 3958.000000 0.000000
-1.09871995 -1.86460495 -0.22156499 2217.000000 16.000000 2987.000000 0.000000
-1.11523700 -1.86634696 -0.22277100 603.000000 3.000000 2421.000000 0.000000
-1.00921905 -1.95367897 -0.27713400 1721.000000 17.000000 3640.000000 0.000000
-1.02210402 -1.94920504 -0.27742100 2288.000000 26.000000 3247.000000 0.000000
-1.02894700 -1.93327796 -0.27584100 2483.000000 29.000000 3007.000000 0.000000
-1.03422797 -1.91472602 -0.27382901 2431.000000 28.000000 3117.000000 0.000000
-1.03126001 -1.88141501 -0.26937601 2120.000000 23.000000 3398.000000 0.000000
-1.04422295 -1.87764895 -0.26980701 2384.000000 27.000000 3461.000000 0.000000
-1.04990804 -1.86085296 -0.26808301 2439.000000 28.000000 3426.000000 0.000000
-1.05787599 -1.84835696 -0.26707700 2766.000000 35.000000 3705.000000 0.000000
-1.07216895 -1.84697199 -0.26793900 2612.000000 32.000000 4067.000000 0.000000
-1.08648503 -1.84548104 -0.26880100 1866.000000 19.000000 3801.000000 0.000000
-1.10486805 -1.85068905 -0.27081200 480.000000 4.000000 4554.000000 0.000000
-1.01216805 -1.95723999 -0.33342999 2784.000000 23.000000 2844.000000 0.000000
-1.02140605 -1.94575799 -0.33241999 3126.000000 28.000000 2637.000000 0.000000
-1.03007698 -1.93336594 -0.33124200 3100.000000 28.000000 2315.000000 0.000000
-1.03957403 -1.92267501 -0.33039999 3038.000000 27.000000 2758.000000 0.000000
-1.04328299 -1.90157402 -0.32753900 2863.000000 24.000000 3987.000000 0.000000
-1.04149199 -1.87102902 -0.32282600 3481.000000 35.000000 4095.000000 0.000000
-1.05489397 -1.86803496 -0.32349899 3789.000000 43.000000 4059.000000 0.000000
-1.06388402 -1.85725200 -0.32265800 3932.000000 48.000000 4062.000000 0.000000
-1.07525897 -1.85068905 -0.32265800 3476.000000 35.000000 3839.000000 0.000000
-1.08408999 -1.83981204 -0.32181600 2613.000000 21.000000 3521.000000 0.000000
-1.10193801 -1.84412205 -0.32400399 638.000000 3.000000 4316.000000 0.000000
-1.00487196 -1.95018899 -0.38460201 858.000000 7.000000 4803.000000 0.000000
-1.01409900 -1.93876302 -0.38345301 2006.000000 21.000000 3092.000000 0.000000
-1.02368295 -1.92816603 -0.38249600 2163.000000 24.000000 2998.000000 0.000000
-1.02435899 -1.90109098 -0.37790000 1927.000000 20.000000 2588.000000 0.000000
-1.02849603 -1.88097799 -0.37483600 1604.000000 16.000000 3070.000000 0.000000
-1.03622103 -1.86775804 -0.37330401 1990.000000 21.000000 3789.000000 0.000000
-1.04478300 -1.85622799 -0.37215501 2031.000000 22.000000 3719.000000 0.000000
-1.04548097 -1.83101106 -0.36794201 2484.000000 29.000000 4304.000000 0.000000
-1.06503201 -1.83901596 -0.37119699 3023.000000 41.000000 4560.000000 0.000000
-1.06886303 -1.81973803 -0.36832500 1991.000000 21.000000 3678.000000 0.000000
-1.08201098 -1.81652200 -0.36909100 1203.000000 11.000000 3370.000000 0.000000
-1.11539495 -1.84685600 -0.37751701 229.000000 2.000000 4694.000000 0.000000
-1.00307298 -1.93886197 -0.43817401 2361.000000 18.000000 3114.000000 0.000000
-1.01995099 -1.94217706 -0.44054699 2934.000000 25.000000 2666.000000 0.000000
-1.02587104 -1.92468405 -0.43774199 2654.000000 21.000000 2109.000000 0.000000
-1.03161502 -1.90719104 -0.43493700 2357.000000 18.000000 2481.000000 0.000000
-1.01978099 -1.85803998 -0.42414901 2515.000000 20.000000 3323.000000 0.000000
-1.02783298 -1.84577894 -0.42263901 2875.000000 24.000000 3663.000000 0.000000
-1.03769696 -1.83688700 -0.42199200 3369.000000 33.000000 3842.000000 0.000000
-1.04894805 -1.83048606 -0.42199200 2964.000000 26.000000 3224.000000 0.000000
-1.05426598 -1.81388795 -0.41940299 2176.000000 16.000000 2638.000000 0.000000
-1.06239796 -1.80234003 -0.41810799 2302.000000 17.000000 2122.000000 0.000000
-1.08396804 -1.81338096 -0.42263901 1133.000000 7.000000 3482.000000 0.000000
-1.01608205 -1.94913399 -0.49551699 1664.000000 17.000000 3744.000000 0.000000
-1.02711701 -1.94114399 -0.49504000 2297.000000 26.000000 3241.000000 0.000000
-1.02985096 -1.91767800 -0.49026600 1716.000000 17.000000 2536.000000 0.000000
-1.03187203 -1.89339805 -0.48525301 1832.000000 19.000000 2603.000000 0.000000
-1.03363502 -1.86916697 -0.48023999 1846.000000 19.000000 2604.000000 0.000000
-1.03798103 -1.85007203 -0.47666001 2273.000000 26.000000 3972.000000 0.000000
-1.04021704 -1.82761598 -0.47212401 2422.000000 28.000000 4053.000000 0.000000
-1.02576303 -1.77657700 -0.45947301 1586.000000 16.000000 3202.000000 0.000000
-1.06256604 -1.81471300 -0.47212401 2047.000000 22.000000 3790.000000 0.000000
-1.07615197 -1.81233895 -0.47331801 1889.000000 20.000000 3156.000000 0.000000
-1.09873700 -1.82485795 -0.47880799 771.000000 7.000000 3656.000000 0.000000
-1.01154006 -1.95437801 -0.55438399 1816.000000 12.000000 3025.000000 0.000000
-1.02126706 -1.94386601 -0.55306900 2798.000000 23.000000 2708.000000 0.000000
-1.01317799 -1.90011704 -0.54149503 2053.000000 14.000000 2108.000000 0.000000
-1.03079402 -1.90489197 -0.54491502 2486.000000 19.000000 2168.000000 0.000000
-1.04385698 -1.90106702 -0.54570401 2325.000000 17.000000 2672.000000 0.000000
-1.03529000 -1.85839701 -0.53439301 2470.000000 19.000000 3504.000000 0.000000
-1.04049599 -1.84109497 -0.53097397 2578.000000 20.000000 3149.000000 0.000000
-1.04360700 -1.82045197 -0.52650201 2259.000000 17.000000 2942.000000 0.000000
-1.05815601 -1.81984997 -0.52834398 2764.000000 23.000000 3121.000000 0.000000
-1.06782997 -1.81083095 -0.52755499 2428.000000 18.000000 2654.000000 0.000000
-1.08486998 -1.81417704 -0.53071100 1354.000000 8.000000 2730.000000 0.000000
-1.02464998 -1.94377601 -0.60885602 2042.000000 22.000000 3251.000000 0.000000
-1.03115106 -1.92730200 -0.60542798 1713.000000 17.000000 2799.000000 0.000000
-1.03521001 -1.90660703 -0.60057098 1936.000000 20.000000 2914.000000 0.000000
-1.05610704 -1.91702402 -0.60628498 2307.000000 26.000000 2869.000000 0.000000
-1.03336406 -1.84854102 -0.58514398 1979.000000 21.000000 4116.000000 0.000000
-1.03903306 -1.83215201 -0.58171600 1983.000000 21.000000 3783.000000 0.000000
-1.04692101 -1.81992102 -0.57971603 1987.000000 21.000000 3586.000000 0.000000
-1.06143796 -1.81926405 -0.58171600 2611.000000 32.000000 4036.000000 0.000000
-1.07452703 -1.81601906 -0.58285803 2299.000000 26.000000 3797.000000 0.000000
-1.09351301 -1.82255495 -0.58742899 1554.000000 15.000000 3196.000000 0.000000
-1.01139402 -1.94998205 -0.66883999 1273.000000 9.000000 2416.000000 0.000000
-1.01624405 -1.93028295 -0.66388202 2447.000000 19.000000 2612.000000 0.000000
-1.02627504 -1.92065799 -0.66264302 2411.000000 18.000000 2394.000000 0.000000
-1.03622603 -1.91098297 -0.66140300 2478.000000 19.000000 2391.000000 0.000000
-1.04563701 -1.90042496 -0.65985399 2426.000000 19.000000 3020.000000 0.000000
-1.04985499 -1.88069499 -0.65489602 2464.000000 19.000000 3784.000000 0.000000
-1.01916206 -1.79978395 -0.62700999 1744.000000 12.000000 2779.000000 0.000000
-1.03966796 -1.80997896 -0.63320702 2753.000000 23.000000 3362.000000 0.000000
-1.05890000 -1.81752706 -0.63847500 2959.000000 26.000000 3612.000000 0.000000
-1.07826304 -1.82490599 -0.64374202 2550.000000 20.000000 3164.000000 0.000000
-1.09286499 -1.82396197 -0.64591098 1650.000000 11.000000 2589.000000 0.000000
-1.15048897 -1.89357495 -0.67503601 526.000000 3.000000 1885.000000 0.000000
-1.03226197 -1.96734905 -0.73432201 1482.000000 16.000000 3166.000000 0.000000
-1.02178001 -1.91847503 -0.71739101 1662.000000 19.000000 2834.000000 0.000000
-1.03621399 -1.91715395 -0.71938300 2013.000000 25.000000 2875.000000 0.000000
-1.04027295 -1.89668500 -0.71373898 1972.000000 21.000000 2907.000000 0.000000
-1.02491999 -1.84158504 -0.69415098 1640.000000 16.000000 3018.000000 0.000000
-1.03250301 -1.82868302 -0.69149500 1719.000000 18.000000 3467.000000 0.000000
-1.04837704 -1.83050799 -0.69481498 2089.000000 23.000000 3579.000000 0.000000
-1.05817199 -1.82159102 -0.69381899 2402.000000 28.000000 3788.000000 0.000000
-1.06932902 -1.81506395 -0.69381899 2143.000000 24.000000 3690.000000 0.000000
-1.08719695 -1.81981802 -0.69846702 1713.000000 18.000000 3293.000000 0.000000
-1.11539400 -1.84138298 -0.71008700 718.000000 6.000000 2072.000000 0.000000
-1.14438903 -1.86347497 -0.72203898 211.000000 2.000000 1608.000000 0.000000
-1.01892900 -1.93456697 -0.78467798 1913.000000 15.000000 2477.000000 0.000000
-1.01578498 -1.90026796 -0.77257103 2064.000000 17.000000 2291.000000 0.000000
-1.03545499 -1.90877998 -0.77898002 2631.000000 24.000000 2644.000000 0.000000
-1.01511800 -1.84428704 -0.75369799 2204.000000 16.000000 2858.000000 0.000000
-1.02550304 -1.83639300 -0.75298601 2182.000000 16.000000 3110.000000 0.000000
-1.03306305 -1.82356405 -0.75013798 2342.000000 18.000000 3199.000000 0.000000
-1.04563105 -1.81962001 -0.75120598 2853.000000 25.000000 3533.000000 0.000000
-1.05206597 -1.80509996 -0.74764502 2213.000000 16.000000 2555.000000 0.000000
-1.06359804 -1.79941499 -0.74800098 1913.000000 13.000000 2199.000000 0.000000
-1.08327603 -1.80727601 -0.75441098 1521.000000 10.000000 2026.000000 0.000000
-1.04024506 -1.80061102 -0.79907602 2245.000000 26.000000 4224.000000 0.000000
-1.05267298 -1.79659295 -0.80020899 1830.000000 19.000000 3195.000000 0.000000
-1.06509101 -1.79249096 -0.80134201 1901.000000 20.000000 3398.000000 0.000000
-1.07892704 -1.79068696 -0.80360800 1791.000000 19.000000 3281.000000 0.000000
1.02858496 -1.78431106 -0.30885601 1000.000000 5.000000 3578.000000 0.000000
1.00253606 -1.76401198 -0.30363801 2324.000000 16.000000 2620.000000 0.000000
0.99121201 -1.76926994 -0.30346999 2427.000000 17.000000 2406.000000 0.000000
0.96585000 -1.88352203 -0.31861800 1664.000000 11.000000 2889.000000 0.000000
0.99105000 -1.76370597 -0.35128200 1401.000000 11.000000 2779.000000 0.000000
0.97448301 -1.75946200 -0.34898400 1785.000000 15.000000 2487.000000 0.000000
0.96366900 -1.76540804 -0.34898400 1900.000000 17.000000 2462.000000 0.000000
0.95468497 -1.77474201 -0.34975001 2763.000000 29.000000 3415.000000 0.000000
0.94423902 -1.78143203 -0.34994200 2774.000000 30.000000 3525.000000 0.000000
0.94332302 -1.80631304 -0.35415399 2166.000000 20.000000 3104.000000 0.000000
0.96196699 -1.86961305 -0.36679301 2035.000000 22.000000 2871.000000 0.000000
0.98232901 -1.72909606 -0.39523801 1051.000000 6.000000 4073.000000 0.000000
0.97884899 -1.74787402 -0.39847401 2507.000000 18.000000 3795.000000 0.000000
0.96857703 -1.75470304 -0.39868999 2505.000000 18.000000 2078.000000 0.000000
0.95779198 -1.76061296 -0.39868999 2982.000000 24.000000 2549.000000 0.000000
0.94328499 -1.75956905 -0.39696401 3313.000000 30.000000 3373.000000 0.000000
0.96168703 -1.84812903 -0.41616601 2093.000000 15.000000 2623.000000 0.000000
0.96234101 -1.87746406 -0.42199200 2399.000000 18.000000 2370.000000 0.000000
0.94640702 -1.87461400 -0.41983399 544.000000 3.000000 3726.000000 0.000000
0.96295398 -1.70843601 -0.43727401 482.000000 3.000000 3485.000000 0.000000
0.97801298 -1.76010001 -0.45016399 1409.000000 11.000000 4217.000000 0.000000
0.96157700 -1.75585902 -0.44729900 2059.000000 19.000000 3512.000000 0.000000
0.95217401 -1.76428699 -0.44801500 2379.000000 23.000000 2833.000000 0.000000
0.94178897 -1.77095199 -0.44825399 2710.000000 29.000000 3112.000000 0.000000
0.93135703 -1.77755702 -0.44849300 2742.000000 29.000000 3294.000000 0.000000
0.93608099 -1.81341004 -0.45684701 2054.000000 19.000000 3209.000000 0.000000
0.95498002 -1.87792301 -0.47307900 1603.000000 16.000000 2710.000000 0.000000
0.93951100 -1.87593997 -0.47093099 437.000000 3.000000 4215.000000 0.000000
0.97131401 -1.76038694 -0.50256699 2186.000000 15.000000 3735.000000 0.000000
0.95174801 -1.75020397 -0.49756899 2384.000000 17.000000 2368.000000 0.000000
0.94645202 -1.76621902 -0.50072497 3049.000000 25.000000 2383.000000 0.000000
0.93559700 -1.77199304 -0.50072497 3387.000000 31.000000 2900.000000 0.000000
0.92693001 -1.78198099 -0.50204098 2736.000000 21.000000 2530.000000 0.000000
0.93091798 -1.81683898 -0.51098400 1870.000000 13.000000 2535.000000 0.000000
0.94276100 -1.86818099 -0.52492398 631.000000 3.000000 3863.000000 0.000000
0.96079499 -1.77362597 -0.55514699 1880.000000 17.000000 3991.000000 0.000000
0.95397103 -1.78708899 -0.55771798 2419.000000 28.000000 3001.000000 0.000000
0.93851000 -1.78443599 -0.55486101 2901.000000 32.000000 3123.000000 0.000000
0.92400301 -1.78336000 -0.55257499 2961.000000 34.000000 3417.000000 0.000000
0.91785300 -1.79837596 -0.55571800 2793.000000 30.000000 3433.000000 0.000000
0.91025800 -1.81081700 -0.55800402 1719.000000 17.000000 3019.000000 0.000000
0.95749003 -1.76440203 -0.60718000 1826.000000 12.000000 3660.000000 0.000000
0.94709402 -1.77108204 -0.60749000 2687.000000 22.000000 2985.000000 0.000000
0.93665099 -1.77770102 -0.60780001 2707.000000 22.000000 2573.000000 0.000000
0.92485100 -1.78172696 -0.60718000 3133.000000 29.000000 2882.000000 0.000000
0.91433299 -1.78821504 -0.60749000 3028.000000 27.000000 2677.000000 0.000000
0.91017699 -1.80738294 -0.61244702 2079.000000 15.000000 2579.000000 0.000000
0.91046000 -1.83594000 -0.62081301 591.000000 3.000000 3055.000000 0.000000
1.03196502 -1.71655500 -0.65729898 303.000000 2.000000 1911.000000 0.000000
1.04091895 -1.78033197 -0.67821503 163.000000 1.000000 1569.000000 0.000000
1.02666605 -1.78097200 -0.67589098 160.000000 1.000000 1819.000000 0.000000
0.98251301 -1.72907698 -0.65231901 346.000000 2.000000 1814.000000 0.000000
0.98400700 -1.80811405 -0.67688698 637.000000 5.000000 2645.000000 0.000000
0.95544398 -1.78173196 -0.66393900 1632.000000 16.000000 3245.000000 0.000000
0.94095498 -1.78089595 -0.66128302 1994.000000 21.000000 2652.000000 0.000000
0.92651200 -1.77994895 -0.65862697 2458.000000 29.000000 3070.000000 0.000000
0.91557300 -1.78560102 -0.65862697 2460.000000 29.000000 2772.000000 0.000000
0.91271102 -1.80716598 -0.66493499 1843.000000 19.000000 2499.000000 0.000000
0.90540099 -1.82032597 -0.66792297 1192.000000 11.000000 2257.000000 0.000000
0.96590501 -1.78066599 -0.72343099 1353.000000 8.000000 3357.000000 0.000000
0.94440198 -1.76677406 -0.71488500 1976.000000 14.000000 2048.000000 0.000000
0.93484801 -1.77501595 -0.71595299 2008.000000 14.000000 2150.000000 0.000000
0.92007101 -1.77325106 -0.71274799 2842.000000 24.000000 2482.000000 0.000000
0.90917301 -1.77886295 -0.71274799 2305.000000 17.000000 2263.000000 0.000000
0.90537399 -1.79860306 -0.71880198 1915.000000 13.000000 2129.000000 0.000000
0.90551198 -1.82673705 -0.72841603 704.000000 4.000000 2062.000000 0.000000
0.96872699 -1.79600894 -0.78321302 1243.000000 12.000000 3523.000000 0.000000
0.93326002 -1.75618100 -0.76206303 1486.000000 15.000000 2422.000000 0.000000
0.92074198 -1.75859702 -0.76055300 1700.000000 17.000000 2242.000000 0.000000
0.90993398 -1.76421297 -0.76055300 1729.000000 18.000000 2214.000000 0.000000
0.89993399 -1.77141297 -0.76130801 1834.000000 19.000000 2097.000000 0.000000
0.89445698 -1.78765500 -0.76621801 1447.000000 14.000000 2051.000000 0.000000
0.96808600 -1.76098001 -0.83162898 1223.000000 7.000000 4143.000000 0.000000
0.94201398 -1.73869598 -0.81756699 1724.000000 12.000000 3392.000000 0.000000
0.93089700 -1.74363506 -0.81716502 1612.000000 11.000000 2178.000000 0.000000
0.92188400 -1.75255704 -0.81877202 1837.000000 13.000000 2107.000000 0.000000
0.91153401 -1.75899398 -0.81917399 1642.000000 11.000000 1951.000000 0.000000
0.90030801 -1.76373804 -0.81877202 1676.000000 11.000000 1984.000000 0.000000
0.89521903 -1.78068697 -0.82439703 1515.000000 10.000000 2228.000000 0.000000
