-1.93715298 1.85126305 -1.04381204 173.000000 2.000000 123.000000 3.000000
-1.92575800 1.86311400 -1.04381204 180.000000 2.000000 123.000000 3.000000
-1.40762401 1.80204403 -1.01655495 291.000000 3.000000 104.000000 3.000000
-1.40042400 1.81566298 -1.01951504 257.000000 2.000000 121.000000 3.000000
-1.38540494 1.81918204 -1.01655495 176.000000 1.000000 122.000000 3.000000
-1.38404298 1.84066701 -1.02416801 131.000000 1.000000 103.000000 3.000000
-1.38138604 1.86075103 -1.03093505 238.000000 2.000000 95.000000 3.000000
-1.37047899 1.86992204 -1.03135800 229.000000 2.000000 80.000000 3.000000
-1.36004496 1.87976205 -1.03220296 248.000000 2.000000 127.000000 3.000000
-1.33422995 1.86818802 -1.02078402 107.000000 1.000000 115.000000 3.000000
-1.31855404 1.87042201 -1.01740098 106.000000 1.000000 105.000000 3.000000
1.48929703 1.97429001 -0.95959002 107.000000 1.000000 219.000000 3.000000
1.51540506 1.98353195 -0.96903199 44.000000 1.000000 254.000000 3.000000
1.51736999 1.96099806 -0.96223301 48.000000 1.000000 251.000000 3.000000
1.54419100 1.97062504 -0.97205299 97.000000 1.000000 213.000000 3.000000
1.27762699 1.98783505 -0.98671901 101.000000 1.000000 232.000000 3.000000
1.29230106 1.98379302 -0.98872799 102.000000 1.000000 248.000000 3.000000
1.31252897 1.98804903 -0.99515700 174.000000 1.000000 270.000000 3.000000
1.32623100 1.98223996 -0.99636197 95.000000 1.000000 309.000000 3.000000
1.34145498 1.97861099 -0.99877298 80.000000 1.000000 338.000000 3.000000
1.35512698 1.97260702 -0.99997801 104.000000 1.000000 440.000000 3.000000
0.86838597 1.91989899 -1.00025201 152.000000 1.000000 103.000000 3.000000
0.88538897 1.92591202 -1.00650597 149.000000 1.000000 109.000000 3.000000
0.75720799 1.95489395 -0.99489200 169.000000 1.000000 115.000000 3.000000
0.76754498 1.94605100 -0.99265897 146.000000 1.000000 118.000000 3.000000
0.41722101 1.94493198 -0.99952799 290.000000 2.000000 183.000000 3.000000
0.43122399 1.95183504 -1.00467002 203.000000 1.000000 157.000000 3.000000
0.44493899 1.95691502 -1.00887704 164.000000 1.000000 138.000000 3.000000
0.45454499 1.94381297 -1.00326705 114.000000 1.000000 119.000000 3.000000
0.46810099 1.94786704 -1.00700700 129.000000 1.000000 123.000000 3.000000
0.48340401 1.95869696 -1.01448703 140.000000 1.000000 118.000000 3.000000
0.49476799 1.95312202 -1.01308405 124.000000 1.000000 112.000000 3.000000
0.50696301 1.95090604 -1.01355100 108.000000 1.000000 119.000000 3.000000
0.52118200 1.95630503 -1.01822603 117.000000 1.000000 140.000000 3.000000
0.53640997 1.96501696 -1.02477098 92.000000 1.000000 140.000000 3.000000
0.60837299 1.94394195 -1.02477098 99.000000 1.000000 110.000000 3.000000
0.62162602 1.94438505 -1.02710795 124.000000 1.000000 131.000000 3.000000
0.63681602 1.95062494 -1.03271794 222.000000 2.000000 141.000000 3.000000
0.65293902 1.95927000 -1.03972995 454.000000 4.000000 142.000000 3.000000
0.66325200 1.95020199 -1.03692496 794.000000 8.000000 211.000000 3.000000
0.67520499 1.94609499 -1.03692496 817.000000 8.000000 144.000000 3.000000
0.68947899 1.94858694 -1.04066503 415.000000 4.000000 188.000000 3.000000
-0.14655000 1.88499999 -1.01146603 495.000000 2.000000 140.000000 3.000000
-0.13387300 1.87021995 -1.00263202 618.000000 3.000000 115.000000 3.000000
-0.12408200 1.89709103 -1.01735497 505.000000 2.000000 129.000000 3.000000
-0.11269300 1.90216506 -1.01980901 442.000000 2.000000 147.000000 3.000000
-0.10129300 1.90804100 -1.02275300 424.000000 2.000000 110.000000 3.000000
-0.08950300 1.90688598 -1.02177203 505.000000 2.000000 118.000000 3.000000
-0.07804500 1.91349399 -1.02520704 435.000000 2.000000 147.000000 3.000000
-0.06659800 1.92264497 -1.03011501 365.000000 2.000000 117.000000 3.000000
-0.05499300 1.92998505 -1.03404105 314.000000 1.000000 157.000000 3.000000
-0.04316900 1.93115699 -1.03453100 298.000000 1.000000 142.000000 3.000000
-0.03133200 1.93225706 -1.03502202 244.000000 1.000000 134.000000 3.000000
0.03930800 1.90858102 -1.02177203 269.000000 1.000000 138.000000 3.000000
0.05113800 1.91265905 -1.02422500 312.000000 1.000000 127.000000 3.000000
0.06342900 1.92885399 -1.03355002 402.000000 2.000000 123.000000 3.000000
0.07509000 1.92407596 -1.03109598 456.000000 2.000000 147.000000 3.000000
0.08689500 1.92357898 -1.03109598 522.000000 3.000000 143.000000 3.000000
0.09878700 1.92474902 -1.03207803 547.000000 3.000000 142.000000 3.000000
0.11059500 1.92410696 -1.03207803 463.000000 2.000000 134.000000 3.000000
0.12178300 1.91382802 -1.02667904 343.000000 1.000000 134.000000 3.000000
0.13358501 1.91391397 -1.02716994 305.000000 1.000000 138.000000 3.000000
0.14599299 1.92174494 -1.03207803 219.000000 1.000000 146.000000 3.000000
-0.69542003 1.95961201 -1.04720902 111.000000 1.000000 118.000000 3.000000
-0.68367499 1.96467698 -1.04767704 110.000000 1.000000 96.000000 3.000000
-0.67304301 1.97301495 -1.05001402 77.000000 1.000000 129.000000 3.000000
-0.66205198 1.98045897 -1.05188406 81.000000 1.000000 121.000000 3.000000
-0.55551499 1.93488097 -1.01214898 133.000000 1.000000 138.000000 3.000000
-0.54411298 1.93995404 -1.01308405 189.000000 1.000000 151.000000 3.000000
-0.53172898 1.94155204 -1.01214898 162.000000 1.000000 109.000000 3.000000
-0.51658398 1.93282902 -1.00560498 122.000000 1.000000 114.000000 3.000000
-0.74995202 2.19771600 1.04422796 33.000000 1.000000 147.000000 3.000000
-0.72275800 2.21500301 0.97902298 604.000000 6.000000 135.000000 3.000000
-0.70490301 2.20617604 0.97335100 1124.000000 13.000000 146.000000 3.000000
-0.69218701 2.21310902 0.97448498 1097.000000 13.000000 137.000000 3.000000
-0.73436397 2.17649388 0.83766800 84.000000 1.000000 114.000000 3.000000
-0.72129399 2.18185401 0.83800000 1025.000000 10.000000 134.000000 3.000000
-0.70760000 2.18534207 0.83766800 1059.000000 11.000000 115.000000 3.000000
-0.69274497 2.18514991 0.83600801 1004.000000 10.000000 126.000000 3.000000
-0.68185401 2.19746304 0.83899701 618.000000 6.000000 92.000000 3.000000
-0.67442000 2.22145009 0.84630501 174.000000 1.000000 99.000000 3.000000
-0.71697801 2.17710996 0.77502799 1570.000000 11.000000 182.000000 3.000000
-0.70214897 2.17694211 0.77348202 1961.000000 15.000000 209.000000 3.000000
-0.68877900 2.18120909 0.77348202 1998.000000 16.000000 142.000000 3.000000
-0.67650300 2.18902898 0.77471900 1425.000000 10.000000 154.000000 3.000000
-0.75914401 2.17513895 0.71656001 353.000000 3.000000 146.000000 3.000000
-0.74703002 2.18338108 0.71770197 1222.000000 13.000000 150.000000 3.000000
-0.73392498 2.18883204 0.71798801 1150.000000 12.000000 133.000000 3.000000
-0.71476799 2.17600393 0.71256298 1264.000000 13.000000 125.000000 3.000000
-0.70022303 2.17670202 0.71142101 1279.000000 13.000000 136.000000 3.000000
-0.68656403 2.18004298 0.71113503 1361.000000 15.000000 106.000000 3.000000
-0.67090398 2.17689204 0.70885098 945.000000 9.000000 118.000000 3.000000
-0.72733200 2.16004491 0.65050697 1543.000000 11.000000 146.000000 3.000000
-0.71195197 2.15805101 0.64867097 1870.000000 14.000000 159.000000 3.000000
-0.69840097 2.16146111 0.64840800 1844.000000 14.000000 178.000000 3.000000
-0.68483502 2.16478610 0.64814597 1853.000000 14.000000 166.000000 3.000000
-0.67381799 2.17632198 0.65024501 1252.000000 8.000000 140.000000 3.000000
-0.73431802 2.15609503 0.59148097 1496.000000 16.000000 141.000000 3.000000
-0.71829301 2.15227509 0.58933198 1288.000000 13.000000 145.000000 3.000000
-0.70598400 2.15940905 0.59004802 645.000000 6.000000 112.000000 3.000000
-0.68646902 2.14428902 0.58503598 1487.000000 16.000000 156.000000 3.000000
-0.67329901 2.14846110 0.58503598 1461.000000 16.000000 133.000000 3.000000
-0.66525799 2.16925406 0.58933198 199.000000 1.000000 115.000000 3.000000
-0.72719598 2.15471792 0.53306001 1871.000000 14.000000 142.000000 3.000000
-0.70202500 2.12297106 0.52467197 2111.000000 15.000000 157.000000 3.000000
-0.69168901 2.13560200 0.52660799 2016.000000 14.000000 141.000000 3.000000
-0.73675603 2.12894702 0.47209299 1075.000000 9.000000 514.000000 3.000000
-0.71512300 2.10834503 0.46692801 1757.000000 18.000000 144.000000 3.000000
-0.70155001 2.11083198 0.46654499 1840.000000 19.000000 140.000000 3.000000
-0.68889099 2.11602998 0.46673599 1320.000000 12.000000 109.000000 3.000000
-0.71698099 2.07972789 0.40725100 2064.000000 14.000000 167.000000 3.000000
-0.73960698 2.10024095 0.35754600 548.000000 4.000000 126.000000 3.000000
-0.72475803 2.09912992 0.35668400 844.000000 7.000000 115.000000 3.000000
-0.73911899 2.09973001 0.30351701 1627.000000 10.000000 160.000000 3.000000
-0.72395802 2.09765506 0.30267799 2219.000000 16.000000 166.000000 3.000000
-0.70885003 2.09547305 0.30184001 2053.000000 14.000000 160.000000 3.000000
-0.68974400 2.08093095 0.29944399 2652.000000 21.000000 123.000000 3.000000
-0.68063402 2.09645796 0.30088100 2542.000000 19.000000 188.000000 3.000000
-0.74324399 2.07343793 0.24808200 456.000000 3.000000 132.000000 3.000000
-0.73349398 2.08640599 0.24894699 1781.000000 18.000000 142.000000 3.000000
-0.71252799 2.06735492 0.24654600 2134.000000 23.000000 216.000000 3.000000
-0.69854802 2.06791806 0.24616200 2170.000000 24.000000 183.000000 3.000000
-0.68773299 2.07783198 0.24673800 2044.000000 22.000000 166.000000 3.000000
-0.68546498 2.11418700 0.25000301 1730.000000 17.000000 167.000000 3.000000
-0.67217702 2.11740494 0.24990700 684.000000 5.000000 156.000000 3.000000
-0.75011200 2.08764696 0.19564900 474.000000 2.000000 101.000000 3.000000
-0.72206402 2.04892802 0.19235200 2602.000000 20.000000 171.000000 3.000000
-0.70069897 2.06897402 0.19321200 2580.000000 20.000000 150.000000 3.000000
-0.67802602 2.08595610 0.19385700 2490.000000 19.000000 173.000000 3.000000
-0.76094902 2.08465791 0.14350100 234.000000 1.000000 228.000000 3.000000
-0.73833102 2.06203389 0.14211001 1465.000000 13.000000 219.000000 3.000000
-0.72167301 2.05522299 0.14153400 2279.000000 25.000000 254.000000 3.000000
-0.71133697 2.06622005 0.14187001 2337.000000 26.000000 290.000000 3.000000
-0.70121300 2.07811189 0.14225399 1957.000000 20.000000 272.000000 3.000000
-0.68844903 2.08237600 0.14225399 2081.000000 22.000000 221.000000 3.000000
-0.67689699 2.09035897 0.14244600 1133.000000 10.000000 225.000000 3.000000
-0.76635402 2.09243393 0.09007100 69.000000 1.000000 179.000000 3.000000
-0.74000102 2.05945492 0.08912800 2570.000000 20.000000 167.000000 3.000000
-0.72469699 2.05641198 0.08894000 3002.000000 26.000000 188.000000 3.000000
-0.71402001 2.06649089 0.08908100 3239.000000 30.000000 152.000000 3.000000
-0.70132703 2.07083297 0.08908100 3267.000000 30.000000 152.000000 3.000000
-0.68797898 2.07319999 0.08903400 2926.000000 25.000000 223.000000 3.000000
-0.68357402 2.10305691 0.08967000 1199.000000 7.000000 126.000000 3.000000
-0.74424899 2.03915310 0.03819500 1554.000000 15.000000 227.000000 3.000000
-0.73409402 2.05026698 0.03819500 2210.000000 25.000000 215.000000 3.000000
-0.71417499 2.03398895 0.03819500 1753.000000 18.000000 220.000000 3.000000
-0.70200801 2.03927803 0.03819500 1607.000000 16.000000 167.000000 3.000000
-0.67085701 2.07182097 0.03819500 504.000000 4.000000 156.000000 3.000000
-0.75880003 2.07066488 -0.01504000 2279.000000 16.000000 137.000000 3.000000
-0.73493803 2.04422998 -0.01423400 3419.000000 33.000000 231.000000 3.000000
-0.68123901 2.05950999 -0.06471300 990.000000 8.000000 123.000000 3.000000
-0.73957801 2.01811409 -0.11616600 2766.000000 22.000000 159.000000 3.000000
-0.72886598 2.02730799 -0.11652900 3717.000000 41.000000 213.000000 3.000000
-0.70747298 2.00634003 -0.11457000 3376.000000 33.000000 172.000000 3.000000
-0.75152600 2.01529694 -0.16669901 950.000000 8.000000 142.000000 3.000000
-0.73502100 2.00866008 -0.16554700 2429.000000 28.000000 165.000000 3.000000
-0.72335899 2.01500511 -0.16573900 1875.000000 19.000000 120.000000 3.000000
-0.71098101 2.01940608 -0.16573900 2579.000000 31.000000 161.000000 3.000000
-0.70608699 2.04535699 -0.16794799 1285.000000 12.000000 97.000000 3.000000
-0.68839198 2.03457499 -0.16641100 1878.000000 19.000000 107.000000 3.000000
-0.75055599 2.01086497 -0.21939300 1843.000000 12.000000 169.000000 3.000000
-0.73411298 2.00424409 -0.21794499 3056.000000 27.000000 161.000000 3.000000
-0.72247201 2.01058006 -0.21818601 3640.000000 39.000000 160.000000 3.000000
-0.70880401 2.01122904 -0.21770400 3987.000000 49.000000 227.000000 3.000000
-0.70033401 2.02680206 -0.21915200 2950.000000 25.000000 159.000000 3.000000
-0.68883801 2.03388190 -0.21951400 2955.000000 25.000000 154.000000 3.000000
-0.75309098 1.97832000 -0.26521000 1067.000000 9.000000 180.000000 3.000000
-0.74824798 2.00235701 -0.26822701 2421.000000 28.000000 165.000000 3.000000
-0.73252398 1.99762595 -0.26679000 2283.000000 25.000000 115.000000 3.000000
-0.72160000 2.00580502 -0.26736501 2878.000000 37.000000 151.000000 3.000000
-0.70861697 2.00833011 -0.26707700 2963.000000 39.000000 146.000000 3.000000
-0.69953299 2.02198601 -0.26851401 1337.000000 12.000000 119.000000 3.000000
-0.68743300 2.02717710 -0.26865801 1051.000000 9.000000 112.000000 3.000000
-0.73951697 1.98123503 -0.31828201 2471.000000 19.000000 147.000000 3.000000
-0.72531599 1.98018098 -0.31727201 2991.000000 26.000000 135.000000 3.000000
-0.71448302 1.98830497 -0.31794500 2573.000000 20.000000 145.000000 3.000000
-0.70488602 2.00009108 -0.31929201 3241.000000 30.000000 152.000000 3.000000
-0.69452900 2.00996900 -0.32030100 2110.000000 15.000000 149.000000 3.000000
-0.68092000 2.01045799 -0.31962800 1541.000000 10.000000 112.000000 3.000000
-0.75460702 1.97616303 -0.36928299 1297.000000 12.000000 140.000000 3.000000
-0.74316001 1.98259199 -0.36966601 1685.000000 17.000000 92.000000 3.000000
-0.72655302 1.97514796 -0.36717600 2423.000000 28.000000 136.000000 3.000000
-0.71341598 1.97680199 -0.36660200 2478.000000 29.000000 162.000000 3.000000
-0.70258999 1.98484004 -0.36736801 2427.000000 28.000000 96.000000 3.000000
-0.69007403 1.98818696 -0.36717600 2328.000000 26.000000 123.000000 3.000000
-0.68199402 2.00445604 -0.36966601 700.000000 6.000000 67.000000 3.000000
-0.74746102 1.96661794 -0.42069700 2678.000000 21.000000 140.000000 3.000000
-0.73163199 1.96110201 -0.41832399 3306.000000 31.000000 144.000000 3.000000
-0.71790898 1.96096802 -0.41724500 3419.000000 34.000000 175.000000 3.000000
-0.75216103 1.96171403 -0.47164699 966.000000 8.000000 107.000000 3.000000
-0.73942202 1.96447504 -0.47116899 1004.000000 9.000000 114.000000 3.000000
-0.72600198 1.96533406 -0.47021499 1450.000000 14.000000 112.000000 3.000000
-0.71160102 1.96336603 -0.46854401 2361.000000 27.000000 144.000000 3.000000
-0.70084798 1.97135198 -0.46949899 1905.000000 20.000000 94.000000 3.000000
-0.75406498 1.94889200 -0.52413499 1036.000000 6.000000 206.000000 3.000000
-0.74346101 1.95709097 -0.52518702 2731.000000 22.000000 145.000000 3.000000
-0.72706401 1.94986105 -0.52176797 3231.000000 30.000000 197.000000 3.000000
-0.71806401 1.96244204 -0.52413499 2814.000000 23.000000 152.000000 3.000000
-0.70535898 1.96499395 -0.52360898 3014.000000 26.000000 161.000000 3.000000
-0.69424802 1.97201598 -0.52439803 2771.000000 23.000000 166.000000 3.000000
-0.68119198 1.97350204 -0.52360898 1715.000000 11.000000 117.000000 3.000000
-0.75573301 1.96191394 -0.58057302 683.000000 5.000000 95.000000 3.000000
-0.73516297 1.94412100 -0.57343102 1356.000000 13.000000 114.000000 3.000000
-0.72456098 1.95218599 -0.57457298 1705.000000 17.000000 104.000000 3.000000
-0.71223903 1.95569599 -0.57428801 2180.000000 24.000000 132.000000 3.000000
-0.69957799 1.95822501 -0.57371598 2308.000000 26.000000 180.000000 3.000000
-0.69423997 1.98146105 -0.57971603 1525.000000 15.000000 147.000000 3.000000
-0.68488598 1.99383497 -0.58228701 1606.000000 16.000000 141.000000 3.000000
-0.74606901 1.93314195 -0.62825000 456.000000 2.000000 86.000000 3.000000
-0.73318499 1.93501604 -0.62731999 1063.000000 6.000000 94.000000 3.000000
-0.72063601 1.93769503 -0.62669998 1556.000000 10.000000 111.000000 3.000000
-0.71003503 1.94565403 -0.62794000 2211.000000 16.000000 140.000000 3.000000
-0.69968200 1.95445096 -0.62948900 2406.000000 18.000000 124.000000 3.000000
-0.68704802 1.95691299 -0.62886900 2157.000000 15.000000 132.000000 3.000000
-0.74933201 1.93450904 -0.68253100 578.000000 5.000000 101.000000 3.000000
-0.73610002 1.93554604 -0.68120301 866.000000 7.000000 70.000000 3.000000
-0.72354603 1.93825996 -0.68053901 1352.000000 13.000000 117.000000 3.000000
-0.71196598 1.94354904 -0.68087101 790.000000 7.000000 73.000000 3.000000
-0.70002699 1.94788098 -0.68087101 792.000000 7.000000 115.000000 3.000000
-0.69373798 1.96814096 -0.68684697 1021.000000 9.000000 118.000000 3.000000
-0.75397098 1.91944098 -0.73731798 1256.000000 7.000000 133.000000 3.000000
-0.74016500 1.91879904 -0.73518199 1443.000000 9.000000 124.000000 3.000000
-0.72573400 1.91631103 -0.73233300 1737.000000 11.000000 127.000000 3.000000
-0.71103698 1.91284299 -0.72912800 1834.000000 12.000000 136.000000 3.000000
-0.70631897 1.93648803 -0.73696202 1112.000000 6.000000 116.000000 3.000000
-0.75564599 1.90251803 -0.78585702 1133.000000 10.000000 118.000000 3.000000
-0.74192899 1.90194702 -0.78359097 1098.000000 10.000000 109.000000 3.000000
-0.72791398 1.90041494 -0.78094703 1093.000000 10.000000 219.000000 3.000000
-0.78101701 1.88827300 -0.84649497 1295.000000 8.000000 163.000000 3.000000
-0.76083797 1.90537095 -0.85011202 1333.000000 8.000000 144.000000 3.000000
-0.74512702 1.89977098 -0.84529001 1012.000000 6.000000 99.000000 3.000000
-0.72951299 1.89405000 -0.84046900 1040.000000 6.000000 119.000000 3.000000
-0.72725397 1.92333698 -0.85211998 602.000000 3.000000 124.000000 3.000000
-0.70971400 1.91230595 -0.84488797 784.000000 4.000000 94.000000 3.000000
-0.70484799 1.93555903 -0.85372800 641.000000 3.000000 112.000000 3.000000
-0.69357300 1.94157302 -0.85453099 584.000000 3.000000 119.000000 3.000000
-0.76136100 1.90255105 -0.90574598 1080.000000 10.000000 134.000000 3.000000
-0.74934000 1.90634406 -0.90532303 465.000000 3.000000 122.000000 3.000000
-0.74058098 1.91850901 -0.90912902 236.000000 2.000000 93.000000 3.000000
-0.72492099 1.91285598 -0.90405399 535.000000 4.000000 118.000000 3.000000
-0.71158201 1.91302502 -0.90193999 1283.000000 12.000000 131.000000 3.000000
-0.70295501 1.92586100 -0.90616900 761.000000 6.000000 129.000000 3.000000
-0.69726902 1.94718802 -0.91462803 259.000000 2.000000 128.000000 3.000000
-0.76551700 1.88808298 -0.96541202 1156.000000 7.000000 150.000000 3.000000
-0.75358701 1.89191401 -0.96496600 1055.000000 6.000000 116.000000 3.000000
-0.74163800 1.89566803 -0.96451902 1249.000000 8.000000 113.000000 3.000000
-0.72679001 1.89182901 -0.96005201 1386.000000 9.000000 146.000000 3.000000
-0.71926498 1.90713894 -0.96585900 695.000000 4.000000 113.000000 3.000000
-0.70630997 1.90815902 -0.96407199 863.000000 5.000000 145.000000 3.000000
-0.69580799 1.91582203 -0.96585900 671.000000 3.000000 92.000000 3.000000
-0.77316701 1.88065004 -1.02290106 513.000000 4.000000 88.000000 3.000000
-0.76094800 1.88372099 -1.02196598 870.000000 8.000000 121.000000 3.000000
-0.74806398 1.88507104 -1.02009594 520.000000 4.000000 122.000000 3.000000
-0.73293298 1.88057303 -1.01495397 1000.000000 9.000000 133.000000 3.000000
-0.72773403 1.90153301 -1.02430296 849.000000 7.000000 132.000000 3.000000
-0.71542799 1.90430903 -1.02336800 455.000000 3.000000 118.000000 3.000000
-0.76806700 1.86600804 -1.08311605 707.000000 4.000000 75.000000 3.000000
-0.75464600 1.86583805 -1.08017099 840.000000 5.000000 156.000000 3.000000
-0.74254102 1.86881399 -1.07919002 540.000000 3.000000 133.000000 3.000000
-0.72916299 1.86846304 -1.07624495 609.000000 3.000000 131.000000 3.000000
-0.71955198 1.87778497 -1.07919002 550.000000 3.000000 132.000000 3.000000
-0.70617902 1.87726998 -1.07624495 574.000000 3.000000 132.000000 3.000000
-0.70699602 1.91508901 -1.09636605 191.000000 1.000000 125.000000 3.000000
-0.77531201 1.86670804 -1.14655399 668.000000 6.000000 222.000000 3.000000
-0.76221001 1.86745405 -1.14400005 455.000000 4.000000 150.000000 3.000000
-0.74945098 1.86890602 -1.14195704 406.000000 4.000000 131.000000 3.000000
-0.73480099 1.86547697 -1.13685000 635.000000 6.000000 164.000000 3.000000
-0.72458798 1.87315500 -1.13889301 954.000000 10.000000 155.000000 3.000000
-0.71768600 1.88961196 -1.14655399 497.000000 5.000000 135.000000 3.000000
-0.70728701 1.89719999 -1.14859605 483.000000 4.000000 138.000000 3.000000
-0.77249497 1.84897101 -1.21002400 978.000000 6.000000 207.000000 3.000000
-0.75953197 1.84976399 -1.20735395 1115.000000 8.000000 148.000000 3.000000
-0.75006300 1.85909498 -1.21055806 960.000000 6.000000 171.000000 3.000000
-0.73211098 1.84715104 -1.19934595 813.000000 5.000000 157.000000 3.000000
-0.71923298 1.84766698 -1.19667602 1295.000000 9.000000 164.000000 3.000000
-0.71330601 1.86626601 -1.20628703 669.000000 4.000000 140.000000 3.000000
-0.71014202 1.89277995 -1.22123599 323.000000 2.000000 175.000000 3.000000
-0.77855098 1.85291398 -1.27936602 857.000000 9.000000 239.000000 3.000000
-0.76492900 1.85227203 -1.27549195 650.000000 6.000000 204.000000 3.000000
-0.75386399 1.85770202 -1.27604604 431.000000 4.000000 186.000000 3.000000
-0.73748797 1.84992397 -1.26719105 726.000000 7.000000 175.000000 3.000000
-0.72337401 1.84744000 -1.26221097 937.000000 10.000000 190.000000 3.000000
-0.71773797 1.86660302 -1.27272499 555.000000 5.000000 201.000000 3.000000
-0.79259199 1.80804503 -1.33378100 902.000000 6.000000 255.000000 3.000000
-0.78277498 1.81587803 -1.33608496 819.000000 5.000000 213.000000 3.000000
-0.77384698 1.82591701 -1.34011698 700.000000 4.000000 217.000000 3.000000
-0.76357001 1.83289599 -1.34184504 514.000000 3.000000 164.000000 3.000000
-0.75076401 1.83376205 -1.33896506 504.000000 3.000000 150.000000 3.000000
-0.73736602 1.83302402 -1.33493304 900.000000 6.000000 207.000000 3.000000
-0.72580498 1.83675396 -1.33435702 912.000000 6.000000 216.000000 3.000000
-0.71452200 1.84117198 -1.33435702 805.000000 5.000000 168.000000 3.000000
-0.79694200 1.80962706 -1.40571105 727.000000 7.000000 246.000000 3.000000
-0.78614402 1.81521904 -1.40630603 757.000000 8.000000 249.000000 3.000000
-0.78385699 1.84069395 -1.42296505 608.000000 6.000000 200.000000 3.000000
-0.76380998 1.82473004 -1.40630603 227.000000 2.000000 240.000000 3.000000
-0.75290602 1.83012497 -1.40690100 155.000000 1.000000 229.000000 3.000000
-0.74166298 1.83471000 -1.40690100 242.000000 2.000000 215.000000 3.000000
-0.73158503 1.84221196 -1.40928102 264.000000 2.000000 223.000000 3.000000
-0.72056103 1.84741402 -1.40987599 214.000000 2.000000 225.000000 3.000000
-0.71702099 1.87204802 -1.42594004 300.000000 3.000000 221.000000 3.000000
-0.71510899 1.93932796 -1.04066503 285.000000 2.000000 101.000000 3.000000
-0.71015298 1.96278405 -1.05141604 218.000000 2.000000 117.000000 3.000000
-0.82919800 1.82517397 -1.21055806 398.000000 2.000000 366.000000 3.000000
-0.82528502 1.80696797 -1.26387095 793.000000 8.000000 231.000000 3.000000
-0.81383902 1.81123900 -1.26331794 790.000000 8.000000 218.000000 3.000000
-0.71781200 1.90133595 -1.29430795 122.000000 1.000000 160.000000 3.000000
-0.82744402 1.79686403 -1.33666098 1089.000000 8.000000 214.000000 3.000000
-0.81438297 1.79743803 -1.33320498 988.000000 7.000000 176.000000 3.000000
-0.80367100 1.80314803 -1.33378100 903.000000 6.000000 201.000000 3.000000
-0.71918797 1.88754702 -1.36603701 335.000000 2.000000 150.000000 3.000000
-0.87100601 1.85273898 -1.45747304 631.000000 7.000000 260.000000 3.000000
-0.83520299 1.80558205 -1.41463602 665.000000 7.000000 213.000000 3.000000
-0.81774998 1.79678798 -1.40333200 864.000000 9.000000 261.000000 3.000000
-0.80671000 1.80177104 -1.40333200 728.000000 7.000000 245.000000 3.000000
-0.67489898 -1.52318299 -0.58633798 621.000000 3.000000 170.000000 3.000000
-0.68038702 -1.51049602 -0.58277702 249.000000 1.000000 170.000000 3.000000
-0.69392902 -1.51563597 -0.58669400 358.000000 1.000000 169.000000 3.000000
-0.70321602 -1.51134896 -0.58669400 548.000000 2.000000 175.000000 3.000000
-0.70607501 -1.49349499 -0.58099699 1069.000000 5.000000 165.000000 3.000000
-0.72414100 -1.50765800 -0.58883101 629.000000 3.000000 182.000000 3.000000
-0.72476000 -1.48555696 -0.58135301 184.000000 1.000000 165.000000 3.000000
-0.74341899 -1.50033200 -0.58954298 703.000000 3.000000 182.000000 3.000000
-0.75429398 -1.49907994 -0.59096700 722.000000 3.000000 170.000000 3.000000
-0.66382903 -1.46174598 -0.60570401 143.000000 1.000000 201.000000 3.000000
-0.68397599 -1.48205400 -0.61665702 147.000000 1.000000 193.000000 3.000000
-0.69501102 -1.48202598 -0.61854500 207.000000 1.000000 208.000000 3.000000
-0.71122301 -1.49279797 -0.62534398 337.000000 2.000000 164.000000 3.000000
-0.72598702 -1.50008798 -0.63063103 766.000000 5.000000 224.000000 3.000000
-0.73517799 -1.49560595 -0.63063103 730.000000 4.000000 209.000000 3.000000
-0.75421703 -1.51097405 -0.63969499 1171.000000 8.000000 236.000000 3.000000
-0.77430499 -1.52781796 -0.64951497 226.000000 1.000000 219.000000 3.000000
-0.65265501 -1.52103901 -0.67613697 902.000000 4.000000 226.000000 3.000000
-0.66264200 -1.44548404 -0.64761001 760.000000 3.000000 222.000000 3.000000
-0.70365500 -1.51025999 -0.68095899 1312.000000 7.000000 254.000000 3.000000
-0.71330100 -1.50674105 -0.68136102 1403.000000 8.000000 282.000000 3.000000
-0.72293001 -1.50316095 -0.68176198 1267.000000 7.000000 197.000000 3.000000
-0.73214000 -1.49869704 -0.68176198 1362.000000 7.000000 198.000000 3.000000
-0.73398399 -1.47941601 -0.67453003 615.000000 3.000000 225.000000 3.000000
-0.75291598 -1.30943406 -0.61265498 161.000000 1.000000 178.000000 3.000000
-0.78773499 -1.35064495 -0.63595903 235.000000 1.000000 156.000000 3.000000
-0.64953202 -1.68362606 -0.79155397 673.000000 5.000000 250.000000 3.000000
-0.66237199 -1.57096696 -0.74503100 195.000000 1.000000 223.000000 3.000000
-0.63826299 -1.48767304 -0.70485198 102.000000 1.000000 266.000000 3.000000
-0.64954102 -1.48871803 -0.70739001 128.000000 1.000000 219.000000 3.000000
-0.65683699 -1.48055804 -0.70527500 121.000000 1.000000 188.000000 3.000000
-0.66479701 -1.47401905 -0.70400602 141.000000 1.000000 231.000000 3.000000
-0.67570698 -1.47403598 -0.70612103 118.000000 1.000000 225.000000 3.000000
-0.68664098 -1.47397399 -0.70823598 115.000000 1.000000 221.000000 3.000000
-0.68796098 -1.45333195 -0.69977701 182.000000 1.000000 206.000000 3.000000
-0.62509203 -1.64431000 -0.82649899 828.000000 4.000000 224.000000 3.000000
-0.63419902 -1.63794100 -0.82515901 671.000000 3.000000 254.000000 3.000000
-0.64061999 -1.62486601 -0.82024598 1281.000000 7.000000 263.000000 3.000000
-0.65491903 -1.63169503 -0.82605302 762.000000 4.000000 246.000000 3.000000
-0.66214800 -1.56581903 -0.79701900 386.000000 1.000000 264.000000 3.000000
-0.66430497 -1.54447305 -0.78763902 935.000000 5.000000 277.000000 3.000000
-0.66838098 -1.52807701 -0.78093898 655.000000 3.000000 261.000000 3.000000
-0.67774397 -1.52394700 -0.78093898 670.000000 3.000000 267.000000 3.000000
-0.69040602 -1.52709401 -0.78495902 1028.000000 5.000000 234.000000 3.000000
-0.69826603 -1.51957798 -0.78317302 1097.000000 6.000000 331.000000 3.000000
-0.63742000 -1.63790905 -0.87705100 956.000000 7.000000 380.000000 3.000000
-0.65296000 -1.64795196 -0.88499802 365.000000 2.000000 471.000000 3.000000
-0.66880101 -1.57360494 -0.85180801 203.000000 1.000000 316.000000 3.000000
-0.67251498 -1.55566299 -0.84386098 495.000000 3.000000 251.000000 3.000000
-0.67037499 -1.52477098 -0.82843500 761.000000 5.000000 271.000000 3.000000
-0.68438101 -1.53113306 -0.83451200 931.000000 6.000000 251.000000 3.000000
-0.69521803 -1.53012800 -0.83638197 982.000000 6.000000 254.000000 3.000000
-0.70422500 -1.52503002 -0.83591402 1082.000000 7.000000 276.000000 3.000000
-0.71655703 -1.52708995 -0.83965403 728.000000 4.000000 282.000000 3.000000
-0.72591299 -1.52266502 -0.83965403 633.000000 4.000000 267.000000 3.000000
-0.74712402 -1.54287601 -0.85414499 444.000000 3.000000 250.000000 3.000000
-0.75735402 -1.53985202 -0.85508001 448.000000 3.000000 361.000000 3.000000
-0.68303001 -1.85984802 -1.06250405 940.000000 5.000000 370.000000 3.000000
-0.65111500 -1.56268096 -0.90006500 191.000000 1.000000 285.000000 3.000000
-0.66477901 -1.56827998 -0.90595400 138.000000 1.000000 273.000000 3.000000
-0.66851401 -1.55057395 -0.89761198 354.000000 1.000000 268.000000 3.000000
-0.67240697 -1.53367996 -0.88976002 763.000000 4.000000 288.000000 3.000000
-0.68002802 -1.52554798 -0.88730597 1243.000000 7.000000 276.000000 3.000000
-0.69297898 -1.52927995 -0.89221299 754.000000 4.000000 284.000000 3.000000
-0.70746100 -1.53607404 -0.89908397 297.000000 1.000000 265.000000 3.000000
-0.71243298 -1.52223802 -0.89319497 695.000000 3.000000 263.000000 3.000000
-0.72250998 -1.51941097 -0.89417601 656.000000 3.000000 251.000000 3.000000
-0.64261401 -1.83646905 -1.10161304 829.000000 7.000000 313.000000 3.000000
-0.64670098 -1.77750099 -1.06943905 625.000000 5.000000 327.000000 3.000000
-0.66188902 -1.57306302 -0.95964003 125.000000 1.000000 257.000000 3.000000
-0.68363398 -1.59745800 -0.97802502 53.000000 1.000000 269.000000 3.000000
-0.67739099 -1.55614102 -0.95402199 137.000000 1.000000 249.000000 3.000000
-0.68035299 -1.53700101 -0.94431901 667.000000 5.000000 258.000000 3.000000
-0.69292802 -1.53986204 -0.94891500 193.000000 1.000000 241.000000 3.000000
-0.70307499 -1.53714705 -0.94993699 117.000000 1.000000 227.000000 3.000000
-0.71141201 -1.53046203 -0.94840503 256.000000 1.000000 230.000000 3.000000
-0.72005898 -1.52451098 -0.94738299 214.000000 1.000000 241.000000 3.000000
-0.74530703 -1.55343699 -0.96934301 628.000000 4.000000 252.000000 3.000000
-0.65500700 -1.59561801 -1.03383398 144.000000 1.000000 282.000000 3.000000
-0.65890700 -1.57753003 -1.02422297 90.000000 1.000000 336.000000 3.000000
-0.67155600 -1.58045900 -1.02902901 161.000000 1.000000 327.000000 3.000000
-0.67687201 -1.56622195 -1.02208805 114.000000 1.000000 319.000000 3.000000
-0.68340200 -1.55507505 -1.01728296 208.000000 1.000000 282.000000 3.000000
-0.68878400 -1.54159200 -1.01087606 103.000000 1.000000 292.000000 3.000000
-0.70418501 -1.55041897 -1.01995206 155.000000 1.000000 294.000000 3.000000
-0.71155500 -1.54146504 -1.01674902 166.000000 1.000000 275.000000 3.000000
-0.72315800 -1.54166102 -1.01995206 205.000000 1.000000 249.000000 3.000000
-0.65417302 -1.60061896 -1.09287298 161.000000 1.000000 270.000000 3.000000
-0.65349400 -1.57116795 -1.07461095 98.000000 1.000000 272.000000 3.000000
-0.66570199 -1.57327199 -1.07903802 140.000000 1.000000 255.000000 3.000000
-0.67272502 -1.56303096 -1.07461095 118.000000 1.000000 233.000000 3.000000
-0.67865199 -1.55046999 -1.06852400 77.000000 1.000000 285.000000 3.000000
-0.68781602 -1.54551494 -1.06797099 107.000000 1.000000 230.000000 3.000000
-0.69933403 -1.54582500 -1.07129097 159.000000 1.000000 236.000000 3.000000
-0.70915198 -1.54226196 -1.07184398 171.000000 1.000000 284.000000 3.000000
-0.72491199 -1.55148101 -1.08180499 310.000000 2.000000 264.000000 3.000000
-0.65360802 -1.61559796 -1.17077100 207.000000 1.000000 365.000000 3.000000
-0.65165800 -1.58284402 -1.14888299 175.000000 1.000000 273.000000 3.000000
-0.65661103 -1.56751001 -1.14024305 134.000000 1.000000 315.000000 3.000000
-0.66525298 -1.56119597 -1.13851500 558.000000 3.000000 332.000000 3.000000
-0.68263698 -1.57507896 -1.15233898 425.000000 2.000000 286.000000 3.000000
-0.68238002 -1.54842901 -1.13505900 217.000000 1.000000 306.000000 3.000000
-0.69488198 -1.55092394 -1.14024305 181.000000 1.000000 313.000000 3.000000
-0.71151400 -1.56224704 -1.15233898 414.000000 2.000000 277.000000 3.000000
-0.85530400 -1.16048300 0.74407601 103.000000 1.000000 187.000000 3.000000
-0.86186200 -1.14207804 0.69467503 718.000000 4.000000 213.000000 3.000000
-0.86995000 -1.13821101 0.69552201 1229.000000 7.000000 224.000000 3.000000
-0.87912703 -1.13572299 0.69721597 1519.000000 9.000000 250.000000 3.000000
-0.80616200 -1.37621200 0.72546202 394.000000 1.000000 155.000000 3.000000
-0.80990702 -1.36336994 0.72144699 210.000000 1.000000 156.000000 3.000000
-0.82630301 -1.37170506 0.72827202 198.000000 1.000000 146.000000 3.000000
-0.83565998 -1.36817098 0.72907501 434.000000 2.000000 130.000000 3.000000
-0.85369700 -1.37858295 0.73710501 149.000000 1.000000 199.000000 3.000000
-0.79184699 -1.42377305 0.69275302 106.000000 1.000000 108.000000 3.000000
-0.78562301 -1.39224398 0.68027401 641.000000 3.000000 135.000000 3.000000
-0.79323500 -1.38578796 0.67951697 443.000000 2.000000 125.000000 3.000000
-0.79940999 -1.37688506 0.67762601 301.000000 1.000000 138.000000 3.000000
-0.80877799 -1.37355196 0.67838299 280.000000 1.000000 90.000000 3.000000
-0.81766403 -1.36935997 0.67876101 214.000000 1.000000 123.000000 3.000000
-0.82891500 -1.36907601 0.68102998 440.000000 2.000000 128.000000 3.000000
-0.83778203 -1.36475396 0.68140799 369.000000 2.000000 118.000000 3.000000
-0.77033299 -1.41498005 0.64116597 552.000000 2.000000 158.000000 3.000000
-0.77583301 -1.40450299 0.63867599 876.000000 4.000000 171.000000 3.000000
-0.78214800 -1.39564204 0.63689703 1335.000000 7.000000 125.000000 3.000000
-0.78884602 -1.38756800 0.63547403 240.000000 1.000000 126.000000 3.000000
-0.79641002 -1.38108397 0.63476199 299.000000 1.000000 124.000000 3.000000
-0.80676001 -1.37939596 0.63618600 224.000000 1.000000 122.000000 3.000000
-0.82189298 -1.38566804 0.64116597 372.000000 1.000000 91.000000 3.000000
-0.83472103 -1.38780296 0.64436799 412.000000 2.000000 129.000000 3.000000
-0.83542401 -1.36989498 0.63867599 620.000000 2.000000 172.000000 3.000000
-0.87728202 -1.41876805 0.66286701 16.000000 1.000000 169.000000 3.000000
-0.77726102 -1.41038704 0.59585500 374.000000 2.000000 113.000000 3.000000
-0.78360897 -1.40146899 0.59419399 641.000000 3.000000 122.000000 3.000000
-0.78756100 -1.38841903 0.59087300 511.000000 2.000000 110.000000 3.000000
-0.79559702 -1.38274205 0.59053999 512.000000 2.000000 124.000000 3.000000
-0.81069303 -1.38925600 0.59519100 408.000000 2.000000 109.000000 3.000000
-0.81681001 -1.38019097 0.59353000 686.000000 3.000000 123.000000 3.000000
-0.83154702 -1.38568294 0.59784800 365.000000 1.000000 125.000000 3.000000
-0.83612698 -1.37409794 0.59519100 667.000000 3.000000 140.000000 3.000000
-0.86229903 -1.39788604 0.60714799 123.000000 1.000000 125.000000 3.000000
-0.75780201 -1.41545606 0.55167800 576.000000 2.000000 131.000000 3.000000
-0.76829100 -1.41411996 0.55291599 541.000000 2.000000 145.000000 3.000000
-0.77419502 -1.40438497 0.55106002 670.000000 3.000000 118.000000 3.000000
-0.78326201 -1.40043795 0.55136901 546.000000 2.000000 123.000000 3.000000
-0.78808099 -1.38899195 0.54889399 418.000000 1.000000 106.000000 3.000000
-0.80181402 -1.39319205 0.55229700 1005.000000 5.000000 160.000000 3.000000
-0.81130701 -1.38988805 0.55291599 1317.000000 6.000000 143.000000 3.000000
-0.82127601 -1.38733697 0.55384398 1199.000000 6.000000 130.000000 3.000000
-0.83271402 -1.38716102 0.55570000 644.000000 3.000000 125.000000 3.000000
-0.83922899 -1.37877798 0.55446202 41.000000 1.000000 117.000000 3.000000
-0.76598400 -1.42476106 0.51212698 863.000000 4.000000 161.000000 3.000000
-0.77151299 -1.41413701 0.51012802 519.000000 2.000000 139.000000 3.000000
-0.78063798 -1.41021705 0.51041400 675.000000 3.000000 118.000000 3.000000
-0.78974301 -1.40623701 0.51069897 792.000000 4.000000 134.000000 3.000000
-0.79693902 -1.39886296 0.50984299 1310.000000 8.000000 142.000000 3.000000
-0.80121100 -1.38646805 0.50727302 1077.000000 6.000000 148.000000 3.000000
-0.81308103 -1.38732195 0.50927198 989.000000 5.000000 121.000000 3.000000
-0.82547897 -1.38890696 0.51155603 516.000000 2.000000 110.000000 3.000000
-0.83940500 -1.39285898 0.51469702 377.000000 2.000000 130.000000 3.000000
-0.75247997 -1.42824805 0.46974301 536.000000 2.000000 153.000000 3.000000
-0.76031798 -1.42190301 0.46921799 628.000000 2.000000 143.000000 3.000000
-0.77041101 -1.41975403 0.47000501 421.000000 1.000000 139.000000 3.000000
-0.77864200 -1.41415501 0.46974301 616.000000 2.000000 127.000000 3.000000
-0.78353399 -1.40261400 0.46764401 1473.000000 7.000000 127.000000 3.000000
-0.79593700 -1.40449297 0.46974301 900.000000 4.000000 140.000000 3.000000
-0.80598497 -1.40209198 0.47053000 1602.000000 8.000000 158.000000 3.000000
-0.81359899 -1.39545298 0.47000501 822.000000 3.000000 116.000000 3.000000
-0.82854003 -1.40122795 0.47341600 1521.000000 8.000000 181.000000 3.000000
-0.84507298 -1.40935302 0.47761399 59.000000 1.000000 125.000000 3.000000
-0.74487698 -1.38070202 0.41722801 495.000000 2.000000 111.000000 3.000000
-0.76911700 -1.40510702 0.42534399 782.000000 4.000000 118.000000 3.000000
-0.77913201 -1.40291202 0.42605999 672.000000 3.000000 118.000000 3.000000
-0.78772599 -1.39810503 0.42605999 684.000000 3.000000 114.000000 3.000000
-0.80396599 -1.40675402 0.42987901 367.000000 1.000000 119.000000 3.000000
-0.81306797 -1.40263498 0.43011799 198.000000 1.000000 94.000000 3.000000
-0.82214898 -1.39845800 0.43035600 201.000000 1.000000 113.000000 3.000000
-0.83368599 -1.39839900 0.43178800 266.000000 1.000000 104.000000 3.000000
2.09835505 -1.43682098 -0.64775997 97.000000 1.000000 148.000000 3.000000
1.86249399 -1.56417704 -0.61751097 721.000000 5.000000 202.000000 3.000000
1.85212696 -1.57495105 -0.61724800 1209.000000 9.000000 1048.000000 3.000000
1.87297106 -1.44404995 -0.65885198 157.000000 1.000000 160.000000 3.000000
1.84743595 -1.44256794 -0.65256602 88.000000 1.000000 151.000000 3.000000
1.40322495 -1.46985197 -0.66759098 93.000000 1.000000 255.000000 3.000000
0.88414299 -1.48426294 -0.65555799 247.000000 1.000000 226.000000 3.000000
0.87737298 -1.49364698 -0.65744603 457.000000 2.000000 204.000000 3.000000
0.87937599 -1.51820505 -0.66651100 656.000000 4.000000 223.000000 3.000000
0.86082202 -1.50751305 -0.65895700 406.000000 2.000000 256.000000 3.000000
0.83158898 -1.52066803 -0.65782398 611.000000 3.000000 273.000000 3.000000
0.78244603 -1.54133904 -0.65593600 1106.000000 7.000000 297.000000 3.000000
0.80129200 -1.47853398 -0.68778902 1060.000000 5.000000 206.000000 3.000000
0.77925599 -1.48095906 -0.68417299 265.000000 1.000000 163.000000 3.000000
0.75248200 -1.45155299 -0.66729802 165.000000 1.000000 147.000000 3.000000
0.74605602 -1.46103799 -0.66970903 136.000000 1.000000 144.000000 3.000000
0.73707700 -1.46558797 -0.66970903 154.000000 1.000000 165.000000 3.000000
0.72847599 -1.47090399 -0.67011100 173.000000 1.000000 162.000000 3.000000
0.72705001 -1.49099100 -0.67774498 180.000000 1.000000 147.000000 3.000000
0.51649702 -1.47384298 -0.67820698 108.000000 1.000000 269.000000 3.000000
0.50506997 -1.47013497 -0.67482400 167.000000 1.000000 241.000000 3.000000
0.49516499 -1.47063196 -0.67355502 150.000000 1.000000 219.000000 3.000000
0.48584601 -1.47278297 -0.67313200 140.000000 1.000000 196.000000 3.000000
0.47736201 -1.47745895 -0.67397797 185.000000 1.000000 188.000000 3.000000
0.46801201 -1.47949696 -0.67355502 174.000000 1.000000 156.000000 3.000000
0.45757401 -1.47801697 -0.67144001 142.000000 1.000000 174.000000 3.000000
0.44849601 -1.48079598 -0.67144001 144.000000 1.000000 185.000000 3.000000
0.43602499 -1.47223496 -0.66594201 104.000000 1.000000 142.000000 3.000000
0.31524101 -1.49255002 -0.66128999 225.000000 1.000000 179.000000 3.000000
1.73964000 -3.80088592 1.98020101 383.000000 6.000000 409.000000 3.000000
1.72224998 -3.82469797 1.98697805 752.000000 13.000000 390.000000 3.000000
1.71823704 -3.87907195 2.00942707 351.000000 5.000000 421.000000 3.000000
1.70196497 -3.97311091 2.04670095 638.000000 11.000000 392.000000 3.000000
2.06091309 -3.88157797 1.95275104 159.000000 2.000000 331.000000 3.000000
2.03790593 -3.89577389 1.95355403 267.000000 3.000000 377.000000 3.000000
1.74656296 -3.96984911 1.92745805 703.000000 9.000000 417.000000 3.000000
1.71708405 -3.96872211 1.92183805 1261.000000 17.000000 387.000000 3.000000
1.69878995 -3.99351192 1.92866302 774.000000 10.000000 318.000000 3.000000
2.05857110 -3.99514103 1.86317098 405.000000 6.000000 433.000000 3.000000
-1.04905903 -3.99621010 1.48372197 933.000000 16.000000 244.000000 3.000000
2.96252704 -3.99480796 1.12753105 1072.000000 15.000000 194.000000 3.000000
2.69320512 -3.85755301 0.71728402 1222.000000 22.000000 364.000000 3.000000
2.74931693 -3.98965406 0.73768502 1029.000000 18.000000 346.000000 3.000000
1.89161396 -3.97907495 0.67389703 245.000000 4.000000 364.000000 3.000000
2.64723992 -3.90406990 0.60407001 1135.000000 15.000000 177.000000 3.000000
2.65138197 -3.96232796 0.61018002 1274.000000 17.000000 278.000000 3.000000
1.89260006 -3.99442101 0.56825298 381.000000 4.000000 297.000000 3.000000
2.80173898 -3.86378789 0.49600500 1409.000000 26.000000 232.000000 3.000000
2.84526110 -3.97474098 0.50714302 1099.000000 19.000000 308.000000 3.000000
2.31356502 -3.85091901 0.35905999 1336.000000 17.000000 230.000000 3.000000
1.86848295 -3.75949097 0.33791700 496.000000 5.000000 221.000000 3.000000
1.86553502 -3.81210303 0.34121400 453.000000 5.000000 209.000000 3.000000
1.84297502 -3.82527494 0.34135699 898.000000 11.000000 219.000000 3.000000
1.81946802 -3.83651090 0.34135699 893.000000 10.000000 225.000000 3.000000
