2.68303299 2.07084298 -0.87843800 1541.000000 19.000000 160.000000 0.000000
2.71817899 1.94265103 -0.86528701 1430.000000 17.000000 153.000000 0.000000
2.71269989 1.91370702 -0.85949999 2336.000000 32.000000 184.000000 0.000000
2.73547792 1.90473998 -0.86318201 1662.000000 21.000000 168.000000 0.000000
2.69084191 2.04839301 -0.96196699 952.000000 16.000000 260.000000 0.000000
2.70412493 2.03241992 -0.96225297 257.000000 4.000000 288.000000 0.000000
2.73229289 1.90026796 -0.94596797 453.000000 7.000000 351.000000 0.000000
2.75100589 1.88835704 -0.94853997 1019.000000 18.000000 368.000000 0.000000
2.75064993 1.86336505 -0.94425398 795.000000 13.000000 364.000000 0.000000
2.75645900 1.84271705 -0.94225401 387.000000 6.000000 367.000000 0.000000
2.69512200 1.94772005 -1.03662801 973.000000 11.000000 151.000000 0.000000
2.70934391 1.93280196 -1.03755701 1045.000000 12.000000 143.000000 0.000000
2.74887395 1.86093497 -1.03476906 2050.000000 28.000000 151.000000 0.000000
2.75786805 1.84245002 -1.03383899 1997.000000 27.000000 154.000000 0.000000
2.78817797 1.83804500 -1.04127598 496.000000 5.000000 138.000000 0.000000
2.71205711 2.02047896 -1.14267802 691.000000 11.000000 261.000000 0.000000
2.69403601 1.98140800 -1.12939799 461.000000 7.000000 256.000000 0.000000
2.69976306 1.93498802 -1.12143004 300.000000 4.000000 305.000000 0.000000
2.75544000 1.94949400 -1.14035404 215.000000 3.000000 322.000000 0.000000
2.76348591 1.92984498 -1.13869405 199.000000 3.000000 298.000000 0.000000
2.76176095 1.85389698 -1.12309003 519.000000 8.000000 386.000000 0.000000
2.76444101 1.83117497 -1.11943805 761.000000 13.000000 366.000000 0.000000
2.81664991 1.84106505 -1.13670194 485.000000 8.000000 385.000000 0.000000
2.69191098 1.99540496 -1.22836101 779.000000 8.000000 196.000000 0.000000
2.72597909 1.99484503 -1.23868704 1922.000000 26.000000 167.000000 0.000000
2.75483704 1.99011302 -1.24652100 1781.000000 23.000000 217.000000 0.000000
2.73579407 1.95094001 -1.23192096 1386.000000 17.000000 189.000000 0.000000
2.77752304 1.95508206 -1.24580896 1584.000000 20.000000 173.000000 0.000000
2.81863689 1.95825195 -1.25934005 2010.000000 28.000000 211.000000 0.000000
2.82751608 1.93880701 -1.25791597 2077.000000 29.000000 182.000000 0.000000
2.75962496 1.86751103 -1.22123897 1814.000000 24.000000 148.000000 0.000000
2.74849010 1.83550203 -1.21091199 2316.000000 34.000000 190.000000 0.000000
2.75735903 1.81706202 -1.20984399 2123.000000 30.000000 161.000000 0.000000
2.78883100 1.81334400 -1.21910203 1410.000000 17.000000 156.000000 0.000000
2.83294702 1.81737697 -1.23405802 1178.000000 14.000000 147.000000 0.000000
2.63267398 1.82374299 -1.25720096 423.000000 7.000000 378.000000 0.000000
2.63923192 1.80441296 -1.25493503 506.000000 8.000000 384.000000 0.000000
2.66252494 1.79648697 -1.26097798 451.000000 7.000000 396.000000 0.000000
2.70738006 1.80273998 -1.27759504 678.000000 11.000000 408.000000 0.000000
2.70524597 1.77743304 -1.27117503 547.000000 9.000000 437.000000 0.000000
2.73395705 1.77240801 -1.27986205 557.000000 9.000000 429.000000 0.000000
2.75023603 1.75909901 -1.28250504 609.000000 10.000000 442.000000 0.000000
2.80870700 1.77239299 -1.30554402 434.000000 7.000000 458.000000 0.000000
1.71530902 1.98795295 -0.95203799 135.000000 1.000000 521.000000 0.000000
1.74408400 1.99638295 -0.96165198 96.000000 1.000000 429.000000 0.000000
1.75847101 1.96369696 -0.95595503 78.000000 1.000000 432.000000 0.000000
1.76546299 1.94733500 -0.95310599 69.000000 1.000000 383.000000 0.000000
1.73640299 1.86873305 -0.92355102 1031.000000 9.000000 387.000000 0.000000
1.72285199 1.83151197 -0.90966398 2081.000000 22.000000 432.000000 0.000000
1.74651694 1.82720804 -0.98187298 1306.000000 19.000000 160.000000 0.000000
1.75769496 1.81645799 -0.98187298 2321.000000 41.000000 190.000000 0.000000
1.76945496 1.80630100 -0.98224998 2235.000000 39.000000 248.000000 0.000000
1.78506100 1.80001998 -0.98489398 1093.000000 15.000000 153.000000 0.000000
1.74797201 1.78913999 -1.04738903 1289.000000 12.000000 287.000000 0.000000
1.76600504 1.78553998 -1.05180895 2153.000000 23.000000 335.000000 0.000000
1.77433395 1.77208304 -1.05020201 1760.000000 18.000000 328.000000 0.000000
1.78973997 1.76566195 -1.05301404 684.000000 5.000000 274.000000 0.000000
1.74727201 1.77095401 -1.11044598 576.000000 7.000000 137.000000 0.000000
1.75618696 1.75827301 -1.10917699 1894.000000 31.000000 238.000000 0.000000
1.76822901 1.74874103 -1.11002302 2136.000000 37.000000 180.000000 0.000000
1.78151500 1.74039495 -1.11171496 1551.000000 24.000000 167.000000 0.000000
1.79346204 1.73069203 -1.11256099 299.000000 3.000000 151.000000 0.000000
1.83482599 1.74909306 -1.13243902 494.000000 6.000000 125.000000 0.000000
1.84486496 1.73717904 -1.13201594 485.000000 6.000000 131.000000 0.000000
1.80617297 1.84545803 -1.23743200 486.000000 4.000000 612.000000 0.000000
1.77965903 1.79622698 -1.21063197 1350.000000 13.000000 300.000000 0.000000
1.78557503 1.78022301 -1.20705903 1339.000000 12.000000 319.000000 0.000000
1.75436902 1.72782099 -1.17757905 2233.000000 25.000000 310.000000 0.000000
1.76558006 1.71764803 -1.17802596 2258.000000 25.000000 295.000000 0.000000
1.80577695 1.73528302 -1.19857204 1325.000000 12.000000 303.000000 0.000000
1.85924101 1.76479900 -1.22805202 648.000000 5.000000 407.000000 0.000000
1.86546302 1.74907696 -1.22492599 1034.000000 9.000000 350.000000 0.000000
1.74676299 1.71758199 -1.24307799 1410.000000 22.000000 208.000000 0.000000
1.75093806 1.70066094 -1.23840296 1640.000000 26.000000 187.000000 0.000000
1.76770794 1.69601703 -1.24307799 1265.000000 19.000000 186.000000 0.000000
1.78320599 1.69001198 -1.24681795 890.000000 12.000000 181.000000 0.000000
1.85668302 1.73835599 -1.29262900 632.000000 8.000000 167.000000 0.000000
1.71896696 1.77506804 -1.33830702 741.000000 6.000000 338.000000 0.000000
1.72006094 1.75453699 -1.33045495 1212.000000 11.000000 347.000000 0.000000
1.72895205 1.74209595 -1.32898200 1257.000000 12.000000 386.000000 0.000000
1.74022698 1.73206902 -1.32947302 1026.000000 9.000000 298.000000 0.000000
1.74771297 1.71830595 -1.32701898 934.000000 8.000000 266.000000 0.000000
1.74446499 1.69420302 -1.31622303 1108.000000 10.000000 295.000000 0.000000
1.73280895 1.66236901 -1.29904604 1586.000000 16.000000 264.000000 0.000000
1.73981202 1.64871001 -1.29659295 1595.000000 16.000000 218.000000 0.000000
1.75053203 1.63859904 -1.29708302 1477.000000 14.000000 218.000000 0.000000
1.78679800 1.65206397 -1.31720400 1182.000000 11.000000 227.000000 0.000000
1.80269396 1.64635396 -1.32162094 1219.000000 11.000000 204.000000 0.000000
0.70652997 1.85208702 -0.75941998 1857.000000 19.000000 200.000000 0.000000
0.72088301 1.85549104 -0.76281899 2579.000000 32.000000 232.000000 0.000000
0.73225403 1.85103202 -0.76281899 2797.000000 36.000000 255.000000 0.000000
0.74256599 1.84392595 -0.76168603 2143.000000 24.000000 264.000000 0.000000
0.75875700 1.85134006 -0.76697302 1012.000000 9.000000 250.000000 0.000000
0.71457303 1.84975600 -0.81997699 1098.000000 6.000000 163.000000 0.000000
0.71818602 1.82574201 -0.81073600 2253.000000 17.000000 207.000000 0.000000
0.72903401 1.82045197 -0.81033498 2413.000000 19.000000 182.000000 0.000000
0.73984402 1.81509602 -0.80993301 2467.000000 19.000000 196.000000 0.000000
0.75342798 1.81644201 -0.81274498 2045.000000 14.000000 230.000000 0.000000
0.76883799 1.82190597 -0.81756699 745.000000 4.000000 168.000000 0.000000
0.71024501 1.80876803 -0.85626298 473.000000 4.000000 333.000000 0.000000
0.71564299 1.79005897 -0.84907299 1446.000000 14.000000 240.000000 0.000000
0.72525400 1.78227401 -0.84738100 1810.000000 19.000000 239.000000 0.000000
0.73617601 1.77779102 -0.84738100 1821.000000 19.000000 276.000000 0.000000
0.74602097 1.77073300 -0.84611201 1498.000000 15.000000 334.000000 0.000000
0.76646000 1.78863096 -0.85753101 788.000000 7.000000 323.000000 0.000000
0.71769601 1.78774500 -0.91002601 1053.000000 6.000000 145.000000 0.000000
0.71475297 1.74935997 -0.89171302 2583.000000 21.000000 212.000000 0.000000
0.72891402 1.75320101 -0.89617902 3222.000000 31.000000 183.000000 0.000000
0.74210101 1.75446105 -0.89930600 2964.000000 26.000000 232.000000 0.000000
0.75072801 1.74494505 -0.89662600 2262.000000 17.000000 198.000000 0.000000
0.76824498 1.75587499 -0.90511298 945.000000 5.000000 133.000000 0.000000
0.71384698 1.73968399 -0.94202900 1370.000000 13.000000 246.000000 0.000000
0.72112101 1.72710598 -0.93735403 1957.000000 21.000000 299.000000 0.000000
0.73204798 1.72346306 -0.93782198 1964.000000 21.000000 365.000000 0.000000
0.74435300 1.72300100 -0.94015902 1415.000000 14.000000 358.000000 0.000000
0.70470500 1.72060096 -0.99379897 611.000000 3.000000 164.000000 0.000000
0.71558499 1.71704900 -0.99428999 1887.000000 13.000000 188.000000 0.000000
0.72542602 1.71102202 -0.99330801 2538.000000 21.000000 220.000000 0.000000
0.73591101 1.70653796 -0.99330801 2646.000000 22.000000 210.000000 0.000000
0.74286300 1.69401395 -0.98840100 2178.000000 16.000000 184.000000 0.000000
0.75821900 1.70056105 -0.99527103 1429.000000 9.000000 191.000000 0.000000
0.71889001 1.70951498 -1.04747903 1183.000000 11.000000 283.000000 0.000000
0.72667599 1.69874203 -1.04339302 1834.000000 20.000000 401.000000 0.000000
0.73708498 1.69425094 -1.04339302 1796.000000 19.000000 416.000000 0.000000
0.74850500 1.69205797 -1.04492605 1274.000000 12.000000 464.000000 0.000000
0.76623899 1.70391703 -1.05565000 708.000000 6.000000 439.000000 0.000000
0.72092301 1.69637001 -1.10858095 1100.000000 7.000000 271.000000 0.000000
0.72425997 1.67562103 -1.09736896 1839.000000 13.000000 176.000000 0.000000
0.73486900 1.67191899 -1.09790301 2251.000000 17.000000 247.000000 0.000000
0.74545902 1.66814995 -1.09843695 2129.000000 16.000000 167.000000 0.000000
0.75918400 1.67123997 -1.10377598 1406.000000 9.000000 200.000000 0.000000
0.77403897 1.67652702 -1.11071706 682.000000 4.000000 230.000000 0.000000
0.72639602 1.68864405 -1.16536701 488.000000 4.000000 531.000000 0.000000
0.72844398 1.66505802 -1.15153301 1165.000000 11.000000 425.000000 0.000000
0.73932099 1.66208005 -1.15263903 1390.000000 14.000000 479.000000 0.000000
0.74848098 1.65523303 -1.15097904 1136.000000 11.000000 546.000000 0.000000
0.76139098 1.65667105 -1.15540600 891.000000 8.000000 470.000000 0.000000
0.77469701 1.65876806 -1.16038704 696.000000 6.000000 537.000000 0.000000
0.80191201 1.69014502 -1.18694997 342.000000 3.000000 659.000000 0.000000
0.72729999 1.65012205 -1.21339595 999.000000 6.000000 263.000000 0.000000
0.73607200 1.64264596 -1.21109200 1699.000000 12.000000 253.000000 0.000000
0.74579799 1.63735497 -1.21051598 2080.000000 16.000000 182.000000 0.000000
0.75617403 1.63348901 -1.21109200 2053.000000 15.000000 231.000000 0.000000
0.76548600 1.62733996 -1.20993996 1350.000000 9.000000 249.000000 0.000000
0.85101497 1.78038597 -1.33320498 592.000000 4.000000 204.000000 0.000000
0.93339300 1.80789995 -1.37640500 546.000000 3.000000 209.000000 0.000000
0.78913498 1.86028504 -1.43783998 329.000000 3.000000 432.000000 0.000000
0.80676401 1.83867204 -1.42832005 468.000000 4.000000 462.000000 0.000000
0.74408197 1.66689301 -1.29326296 601.000000 5.000000 477.000000 0.000000
0.74042499 1.63152003 -1.26827502 706.000000 6.000000 523.000000 0.000000
0.75243098 1.63133001 -1.27184498 716.000000 6.000000 573.000000 0.000000
0.76140797 1.62449706 -1.27005994 904.000000 8.000000 579.000000 0.000000
0.76964301 1.61616194 -1.26708496 918.000000 9.000000 659.000000 0.000000
0.78476799 1.62227499 -1.27600896 540.000000 5.000000 589.000000 0.000000
0.79576498 1.61959600 -1.27779400 472.000000 4.000000 643.000000 0.000000
0.72552598 1.63924205 -1.34667003 951.000000 6.000000 206.000000 0.000000
0.73201197 1.62686896 -1.33988094 1022.000000 6.000000 213.000000 0.000000
0.74132502 1.62091601 -1.33864701 919.000000 6.000000 191.000000 0.000000
0.74328297 1.59921896 -1.32383502 1281.000000 8.000000 222.000000 0.000000
0.74937898 1.58680606 -1.31704605 1423.000000 10.000000 264.000000 0.000000
0.75910199 1.58217800 -1.31704605 1442.000000 10.000000 257.000000 0.000000
0.76983100 1.57961094 -1.31889701 1378.000000 9.000000 239.000000 0.000000
0.77881002 1.57344794 -1.31766295 1295.000000 8.000000 251.000000 0.000000
0.79021901 1.57215297 -1.32074904 1104.000000 7.000000 254.000000 0.000000
0.80486703 1.57708204 -1.32938898 847.000000 5.000000 205.000000 0.000000
0.82359201 1.58957195 -1.34481895 688.000000 4.000000 211.000000 0.000000
0.85350603 1.62277305 -1.37876296 687.000000 4.000000 221.000000 0.000000
0.73841500 1.62579799 -1.40918303 539.000000 5.000000 597.000000 0.000000
0.72939402 1.57982099 -1.37169397 452.000000 4.000000 565.000000 0.000000
0.73972601 1.57671595 -1.37296498 486.000000 4.000000 610.000000 0.000000
0.74641401 1.56586599 -1.36724603 490.000000 4.000000 514.000000 0.000000
0.75567299 1.56056094 -1.36661100 435.000000 4.000000 597.000000 0.000000
-0.26330999 1.81101596 -0.91538298 2113.000000 20.000000 178.000000 0.000000
-0.32408300 1.82466602 -0.99036402 182.000000 1.000000 355.000000 0.000000
-0.28650099 1.80536306 -0.97613198 1966.000000 13.000000 183.000000 0.000000
-0.27737701 1.82000899 -0.98349297 2754.000000 24.000000 211.000000 0.000000
-0.26683101 1.82598805 -0.98594701 2965.000000 27.000000 190.000000 0.000000
-0.25238100 1.80429006 -0.97269702 2385.000000 17.000000 370.000000 0.000000
-0.25718600 1.80099905 -1.02654099 1652.000000 17.000000 180.000000 0.000000
-0.23796301 1.74378502 -0.99130303 1911.000000 18.000000 236.000000 0.000000
-0.28403500 1.79979098 -1.09523296 337.000000 1.000000 152.000000 0.000000
-0.27185199 1.79397500 -1.09042799 1342.000000 9.000000 170.000000 0.000000
-0.25890499 1.78221905 -1.08188605 1856.000000 13.000000 167.000000 0.000000
-0.23627301 1.69917905 -1.02796102 1876.000000 12.000000 216.000000 0.000000
-0.26372901 1.79398298 -1.14876604 914.000000 8.000000 301.000000 0.000000
-0.24846400 1.76588500 -1.12884402 1498.000000 15.000000 222.000000 0.000000
-0.23898099 1.77727902 -1.13548398 1603.000000 17.000000 250.000000 0.000000
-0.22515500 1.75641298 -1.12054300 1410.000000 14.000000 234.000000 0.000000
-0.21746100 1.78255796 -1.13714397 1173.000000 11.000000 212.000000 0.000000
-0.20740101 1.79130304 -1.14212501 701.000000 6.000000 185.000000 0.000000
-0.19779700 1.80495799 -1.15042603 338.000000 3.000000 194.000000 0.000000
-0.24511300 1.77665603 -1.20648396 1394.000000 9.000000 207.000000 0.000000
-0.23314700 1.77002096 -1.20072401 1822.000000 13.000000 163.000000 0.000000
-0.22228201 1.77141798 -1.20072401 2105.000000 16.000000 216.000000 0.000000
-0.21160001 1.77437198 -1.20187604 1716.000000 12.000000 214.000000 0.000000
-0.20116501 1.77969897 -1.20475602 1128.000000 7.000000 215.000000 0.000000
-0.19144700 1.79227996 -1.21282005 430.000000 2.000000 314.000000 0.000000
-0.23598300 1.77282000 -1.26589501 800.000000 7.000000 270.000000 0.000000
-0.22365600 1.76307499 -1.25756598 1220.000000 12.000000 278.000000 0.000000
-0.21283300 1.76441395 -1.25756598 1318.000000 13.000000 277.000000 0.000000
-0.20200300 1.76568604 -1.25756598 1410.000000 14.000000 265.000000 0.000000
-0.19063400 1.76209998 -1.25399601 1068.000000 10.000000 245.000000 0.000000
-0.18140700 1.77842498 -1.26530004 746.000000 7.000000 242.000000 0.000000
-0.17860100 1.86189198 -1.32658100 463.000000 4.000000 278.000000 0.000000
-0.12974399 1.98999202 -1.41820598 344.000000 3.000000 268.000000 0.000000
-0.23538201 1.80884695 -1.37135696 927.000000 6.000000 206.000000 0.000000
-0.21553300 1.73919201 -1.31519401 1232.000000 8.000000 229.000000 0.000000
-0.20467500 1.73891795 -1.31395996 1380.000000 9.000000 236.000000 0.000000
-0.19365500 1.73701298 -1.31149101 1663.000000 12.000000 241.000000 0.000000
-0.18323900 1.74051595 -1.31334305 1493.000000 10.000000 207.000000 0.000000
-0.17271000 1.74317396 -1.31457698 1301.000000 8.000000 205.000000 0.000000
-0.16085701 1.73166502 -1.30470204 1593.000000 11.000000 214.000000 0.000000
-0.14975700 1.72713196 -1.30038202 1546.000000 11.000000 253.000000 0.000000
-0.13897000 1.72566497 -1.29853106 1520.000000 10.000000 267.000000 0.000000
-0.12803300 1.72177696 -1.29482698 1187.000000 8.000000 242.000000 0.000000
-0.12322600 1.80810106 -1.36209905 609.000000 3.000000 186.000000 0.000000
-0.11328200 1.82767105 -1.37691200 705.000000 5.000000 234.000000 0.000000
-0.21231200 1.76440895 -1.40219402 519.000000 4.000000 317.000000 0.000000
-0.19727001 1.72963095 -1.37232900 866.000000 8.000000 269.000000 0.000000
-0.18529500 1.71852899 -1.36216295 1202.000000 12.000000 327.000000 0.000000
-0.17466600 1.71886599 -1.36152804 1188.000000 12.000000 288.000000 0.000000
-0.16404100 1.71913600 -1.36089206 1032.000000 10.000000 298.000000 0.000000
-0.15348899 1.72011101 -1.36089206 998.000000 10.000000 308.000000 0.000000
-0.14372399 1.73025203 -1.36851704 877.000000 8.000000 336.000000 0.000000
-0.13488300 1.75342405 -1.38694406 594.000000 5.000000 311.000000 0.000000
-0.12621599 1.78271198 -1.41045403 396.000000 4.000000 283.000000 0.000000
-0.11537900 1.78499401 -1.41172504 530.000000 5.000000 304.000000 0.000000
-0.10541500 1.80185401 -1.42506802 558.000000 6.000000 282.000000 0.000000
-0.23185700 1.71723700 -1.44877398 650.000000 4.000000 203.000000 0.000000
-0.21930800 1.70292497 -1.43497396 709.000000 4.000000 188.000000 0.000000
-0.20703401 1.68927300 -1.42183197 927.000000 6.000000 213.000000 0.000000
-0.19649200 1.68901396 -1.42051804 1048.000000 7.000000 183.000000 0.000000
-0.18563400 1.68569195 -1.41657495 940.000000 6.000000 237.000000 0.000000
-0.17536500 1.68754900 -1.41723204 1072.000000 7.000000 209.000000 0.000000
-0.16493399 1.68784297 -1.41657495 1079.000000 7.000000 229.000000 0.000000
-0.15403000 1.68281806 -1.41131794 880.000000 5.000000 210.000000 0.000000
-0.14395601 1.68673599 -1.41394699 846.000000 5.000000 201.000000 0.000000
-0.13348600 1.68608403 -1.41263199 1001.000000 6.000000 233.000000 0.000000
-0.12411300 1.70040500 -1.42446101 785.000000 5.000000 212.000000 0.000000
-0.11457000 1.71467304 -1.43628800 795.000000 5.000000 215.000000 0.000000
-1.26880205 1.82745302 -0.92604899 1810.000000 14.000000 157.000000 0.000000
-1.25187600 1.82689095 -0.92163002 2711.000000 25.000000 244.000000 0.000000
-1.23961794 1.83301997 -0.92082602 2657.000000 24.000000 189.000000 0.000000
-1.22885501 1.84135401 -0.92122799 2349.000000 20.000000 166.000000 0.000000
-1.21954703 1.85192001 -0.92283499 781.000000 5.000000 137.000000 0.000000
-1.26450098 1.81756198 -0.98272002 1398.000000 15.000000 111.000000 0.000000
-1.25023901 1.82080996 -0.98018199 2391.000000 32.000000 191.000000 0.000000
-1.24312103 1.83444095 -0.98356599 2634.000000 37.000000 203.000000 0.000000
-1.22628498 1.83375895 -0.97891402 2131.000000 27.000000 180.000000 0.000000
-1.26241004 1.77462602 -1.03553903 649.000000 4.000000 143.000000 0.000000
-1.24790096 1.77721095 -1.03241205 1766.000000 13.000000 130.000000 0.000000
-1.23799098 1.78630602 -1.03330600 2464.000000 22.000000 199.000000 0.000000
-1.23054004 1.79903996 -1.03643203 2831.000000 27.000000 211.000000 0.000000
-1.21497703 1.79988003 -1.03241205 2183.000000 18.000000 172.000000 0.000000
-1.17566502 1.76483905 -1.00695205 1166.000000 8.000000 151.000000 0.000000
-1.24743402 1.75770903 -1.08741105 1346.000000 15.000000 141.000000 0.000000
-1.23509896 1.76316094 -1.08600903 2296.000000 30.000000 208.000000 0.000000
-1.22274494 1.76852798 -1.08460605 2127.000000 27.000000 207.000000 0.000000
-1.23285902 1.80662405 -1.10423994 1405.000000 16.000000 165.000000 0.000000
-1.23264599 1.83026505 -1.11452401 1376.000000 18.000000 129.000000 0.000000
-1.23169804 1.85323501 -1.12434101 477.000000 5.000000 140.000000 0.000000
-1.25367296 1.74277699 -1.15574706 1564.000000 12.000000 159.000000 0.000000
-1.23489201 1.73906398 -1.14789498 2676.000000 25.000000 191.000000 0.000000
-1.21970201 1.74018395 -1.14347804 2858.000000 28.000000 215.000000 0.000000
-1.20900095 1.74763501 -1.14347804 1878.000000 15.000000 162.000000 0.000000
-1.22475898 1.79389596 -1.16997898 786.000000 5.000000 236.000000 0.000000
-1.23075294 1.82667804 -1.18715501 1515.000000 13.000000 177.000000 0.000000
-1.37726796 1.71684301 -1.25328803 429.000000 4.000000 349.000000 0.000000
-1.37848306 1.74006402 -1.26452398 501.000000 5.000000 268.000000 0.000000
-1.23825598 1.70935595 -1.19966602 1006.000000 10.000000 194.000000 0.000000
-1.23275995 1.72390497 -1.20477200 1695.000000 20.000000 188.000000 0.000000
-1.21569502 1.72231805 -1.19813299 1951.000000 24.000000 192.000000 0.000000
-1.21644199 1.74594700 -1.20987904 1544.000000 18.000000 175.000000 0.000000
-1.20912600 1.75832999 -1.21345401 537.000000 5.000000 276.000000 0.000000
-1.21913803 1.79626298 -1.23541403 935.000000 11.000000 239.000000 0.000000
-1.19753504 1.78801596 -1.22417903 328.000000 3.000000 277.000000 0.000000
-1.35449803 1.64035499 -1.28797495 1149.000000 9.000000 178.000000 0.000000
-1.33693302 1.63945603 -1.28050005 1006.000000 8.000000 174.000000 0.000000
-1.36869597 1.78784096 -1.36645901 950.000000 7.000000 222.000000 0.000000
-1.35056806 1.78675699 -1.35898495 813.000000 6.000000 201.000000 0.000000
-1.34008503 1.79568803 -1.35951900 876.000000 7.000000 224.000000 0.000000
-1.29095805 1.75211704 -1.31894195 995.000000 8.000000 199.000000 0.000000
-1.23247802 1.69432998 -1.26768601 1794.000000 14.000000 229.000000 0.000000
-1.21318996 1.68949199 -1.25807595 2201.000000 19.000000 190.000000 0.000000
-1.20035803 1.69345403 -1.25540602 2031.000000 17.000000 184.000000 0.000000
-1.20786202 1.72643304 -1.27516103 1583.000000 12.000000 211.000000 0.000000
-1.22556400 1.77488196 -1.30666196 804.000000 6.000000 155.000000 0.000000
-1.22464097 1.79704797 -1.31787395 1160.000000 9.000000 208.000000 0.000000
-1.22019100 1.81435597 -1.32534802 775.000000 6.000000 252.000000 0.000000
-1.14369202 1.74639499 -1.26288104 671.000000 4.000000 457.000000 0.000000
-1.33902001 1.71892405 -1.39170504 832.000000 10.000000 229.000000 0.000000
-1.32692003 1.72512996 -1.39004397 741.000000 9.000000 207.000000 0.000000
-1.30822802 1.72264302 -1.38118994 861.000000 10.000000 169.000000 0.000000
-1.26105702 1.68206704 -1.34079301 1136.000000 14.000000 209.000000 0.000000
-1.24922097 1.68776798 -1.33913195 1298.000000 17.000000 210.000000 0.000000
-1.23637700 1.69204295 -1.33636498 1143.000000 14.000000 225.000000 0.000000
-1.22108495 1.69285297 -1.33083200 1489.000000 20.000000 203.000000 0.000000
-1.21212804 1.70234597 -1.33249199 1371.000000 18.000000 210.000000 0.000000
-1.20598400 1.71587503 -1.33747196 1089.000000 14.000000 200.000000 0.000000
-1.27067602 1.83121204 -1.42490804 650.000000 7.000000 198.000000 0.000000
-1.24242306 1.81426895 -1.40498602 594.000000 7.000000 193.000000 0.000000
-1.20553803 1.78395498 -1.37454903 685.000000 8.000000 231.000000 0.000000
-1.19735098 1.79547095 -1.37786996 675.000000 8.000000 179.000000 0.000000
-1.31759501 1.66037297 -1.43630898 1426.000000 12.000000 196.000000 0.000000
-1.27463901 1.62658095 -1.39886904 1920.000000 18.000000 246.000000 0.000000
-1.26313496 1.63243103 -1.39714098 1725.000000 16.000000 209.000000 0.000000
-1.24416995 1.62845194 -1.38677299 1583.000000 14.000000 199.000000 0.000000
-1.23415506 1.63605595 -1.38677299 1546.000000 13.000000 199.000000 0.000000
-1.22555602 1.64556503 -1.38850105 1414.000000 12.000000 170.000000 0.000000
-1.21543598 1.65305400 -1.38850105 1574.000000 14.000000 219.000000 0.000000
-1.20670903 1.66246700 -1.39022899 1696.000000 15.000000 198.000000 0.000000
-1.19648600 1.66983902 -1.39022899 1665.000000 15.000000 173.000000 0.000000
-1.18621802 1.67715001 -1.39022899 1610.000000 14.000000 246.000000 0.000000
-1.20628905 1.72798598 -1.42766905 981.000000 8.000000 187.000000 0.000000
-1.20632005 1.75084400 -1.44091702 1005.000000 8.000000 201.000000 0.000000
-1.24786794 1.60674405 -1.44795406 1087.000000 14.000000 291.000000 0.000000
-1.23749495 1.61373401 -1.44735897 1028.000000 13.000000 235.000000 0.000000
-1.22659695 1.62001705 -1.44616902 1074.000000 14.000000 247.000000 0.000000
-1.20794499 1.61594498 -1.43545997 1243.000000 16.000000 257.000000 0.000000
-1.20470905 1.63236499 -1.44378901 1016.000000 13.000000 246.000000 0.000000
-1.19657004 1.64232004 -1.44616902 913.000000 11.000000 263.000000 0.000000
-1.19965303 1.66787195 -1.46282804 745.000000 9.000000 237.000000 0.000000
-1.24330401 -1.57746994 -0.65929103 1626.000000 16.000000 217.000000 0.000000
-1.26587296 -1.58605695 -0.66659498 2159.000000 24.000000 247.000000 0.000000
-1.30929399 -1.62014496 -0.68551898 2754.000000 35.000000 283.000000 0.000000
-1.24352396 -1.51922202 -0.64335501 2135.000000 20.000000 257.000000 0.000000
-1.28044200 -1.54502797 -0.65862697 1656.000000 16.000000 205.000000 0.000000
-1.25265801 -1.64638805 -0.73981100 1183.000000 7.000000 204.000000 0.000000
-1.25417399 -1.62757397 -0.73447001 994.000000 6.000000 184.000000 0.000000
-1.27161705 -1.62941897 -0.73909903 1089.000000 6.000000 191.000000 0.000000
-1.27869201 -1.61792195 -0.73731798 1015.000000 6.000000 148.000000 0.000000
-1.29268599 -1.61514997 -0.73981100 484.000000 2.000000 174.000000 0.000000
-1.25339198 -1.66047204 -0.79945397 1066.000000 10.000000 296.000000 0.000000
-1.25177801 -1.63727999 -0.79152203 1896.000000 20.000000 219.000000 0.000000
-1.25105703 -1.61563599 -0.78434598 969.000000 9.000000 196.000000 0.000000
-1.36877596 -1.61921704 -0.81569397 213.000000 1.000000 244.000000 0.000000
-1.25214601 -1.73038602 -0.88707602 1077.000000 7.000000 238.000000 0.000000
-1.29679799 -1.68101704 -0.88145101 270.000000 1.000000 199.000000 0.000000
-1.29657602 -1.61829102 -0.85975403 582.000000 3.000000 196.000000 0.000000
-1.29551101 -1.59680104 -0.85211998 883.000000 5.000000 187.000000 0.000000
-1.25226998 -1.80288899 -0.97383797 605.000000 6.000000 293.000000 0.000000
-1.23470402 -1.75435805 -0.95057702 1110.000000 12.000000 227.000000 0.000000
-1.24911797 -1.75192106 -0.95353800 1806.000000 21.000000 256.000000 0.000000
-1.25719798 -1.74054599 -0.95142299 1888.000000 23.000000 232.000000 0.000000
-1.25771499 -1.71888399 -0.94338697 1044.000000 11.000000 233.000000 0.000000
-1.36141396 -1.70227695 -0.96664900 365.000000 3.000000 321.000000 0.000000
-1.23364198 -1.81641495 -1.04447198 1147.000000 8.000000 309.000000 0.000000
-1.22598004 -1.78155303 -1.02794600 2127.000000 17.000000 309.000000 0.000000
-1.23637605 -1.77326298 -1.02749896 2469.000000 22.000000 239.000000 0.000000
-1.24619997 -1.76418304 -1.02660596 2230.000000 19.000000 259.000000 0.000000
-1.25856495 -1.75868499 -1.02794600 1978.000000 16.000000 207.000000 0.000000
-1.26144803 -1.74006903 -1.02124596 1104.000000 7.000000 236.000000 0.000000
-1.23552895 -1.68255997 -0.99042600 1638.000000 12.000000 235.000000 0.000000
-1.23460698 -1.65987897 -0.98104602 1712.000000 13.000000 247.000000 0.000000
-1.22037995 -1.79266298 -1.09442306 1349.000000 15.000000 229.000000 0.000000
-1.22985494 -1.78295505 -1.09302104 1470.000000 17.000000 206.000000 0.000000
-1.23622799 -1.76884496 -1.08881402 1663.000000 19.000000 198.000000 0.000000
-1.23483205 -1.74388695 -1.07759500 1335.000000 15.000000 229.000000 0.000000
-1.25321698 -1.74706805 -1.08460605 911.000000 9.000000 188.000000 0.000000
-1.25769401 -1.73075104 -1.07899702 918.000000 9.000000 184.000000 0.000000
-1.23954594 -1.68378699 -1.05328596 1224.000000 13.000000 208.000000 0.000000
-0.14530601 -1.56769001 -0.68412799 340.000000 2.000000 218.000000 0.000000
-0.17288201 -1.75348306 -0.77167600 598.000000 4.000000 465.000000 0.000000
-0.18391401 -1.75509298 -0.77294499 936.000000 7.000000 333.000000 0.000000
-0.17805099 -1.60078502 -0.70104599 335.000000 2.000000 303.000000 0.000000
-0.18373600 -1.56365204 -0.68412799 683.000000 4.000000 328.000000 0.000000
-0.12008300 -1.48137498 -0.69026601 338.000000 1.000000 170.000000 0.000000
-0.10308600 -1.44981098 -0.71624202 535.000000 3.000000 415.000000 0.000000
-0.21969600 -1.51006103 -0.75457501 665.000000 3.000000 417.000000 0.000000
-0.24028300 -1.58475494 -0.79524398 595.000000 3.000000 466.000000 0.000000
-0.25596601 -1.62168801 -0.81581300 1104.000000 7.000000 398.000000 0.000000
-0.24364901 -1.48219895 -0.74195302 942.000000 5.000000 311.000000 0.000000
-0.25493300 -1.49375296 -0.74896502 1023.000000 6.000000 321.000000 0.000000
-0.27440301 -1.55138302 -0.78075302 1265.000000 9.000000 340.000000 0.000000
-0.28234699 -1.54096997 -0.77607799 442.000000 2.000000 384.000000 0.000000
-0.15482099 -1.64030600 -0.87454599 1132.000000 6.000000 224.000000 0.000000
-0.16250899 -1.61591995 -0.86129600 1685.000000 10.000000 205.000000 0.000000
-0.17549799 -1.64347994 -0.87749100 1931.000000 12.000000 235.000000 0.000000
-0.18567701 -1.64323795 -0.87798101 1956.000000 12.000000 256.000000 0.000000
-0.19347100 -1.62303603 -0.86718500 1688.000000 10.000000 215.000000 0.000000
-0.19482701 -1.48061299 -0.78768301 529.000000 2.000000 280.000000 0.000000
-0.23325500 -1.69083095 -0.90791702 891.000000 5.000000 297.000000 0.000000
-0.23174299 -1.60745203 -0.86129600 1311.000000 7.000000 234.000000 0.000000
-0.24095000 -1.60169196 -0.85884202 1298.000000 7.000000 200.000000 0.000000
-0.24548300 -1.56661701 -0.83970302 1456.000000 8.000000 217.000000 0.000000
-0.25269601 -1.55046403 -0.83135998 1646.000000 10.000000 212.000000 0.000000
-0.27346200 -1.61502302 -0.86914802 490.000000 2.000000 310.000000 0.000000
-0.11145800 -1.83652496 -1.03879702 733.000000 6.000000 388.000000 0.000000
-0.11990400 -1.79204905 -1.01275206 1121.000000 9.000000 352.000000 0.000000
-0.13138200 -1.79814100 -1.01683700 756.000000 5.000000 342.000000 0.000000
-0.13622600 -1.71671999 -0.96883202 552.000000 4.000000 370.000000 0.000000
-0.16971800 -1.62817895 -0.91827399 943.000000 6.000000 402.000000 0.000000
-0.17988899 -1.62881696 -0.91929501 1241.000000 9.000000 338.000000 0.000000
-0.18997701 -1.62853599 -0.91980600 1283.000000 9.000000 341.000000 0.000000
-0.26756999 -1.60452700 -0.91214502 690.000000 4.000000 345.000000 0.000000
-0.08494600 -1.67784905 -1.06022298 496.000000 3.000000 485.000000 0.000000
-0.09780300 -1.72470295 -1.09176600 594.000000 4.000000 379.000000 0.000000
-0.10853400 -1.72656500 -1.09342599 680.000000 5.000000 470.000000 0.000000
0.82253301 -1.60906196 -0.64010698 869.000000 4.000000 149.000000 0.000000
0.83371598 -1.66688299 -0.71107697 383.000000 2.000000 255.000000 0.000000
0.92887801 -1.55123305 -0.74323601 58.000000 1.000000 140.000000 0.000000
0.96584499 -1.63579094 -0.78341502 682.000000 3.000000 341.000000 0.000000
0.95901102 -1.64722800 -0.78622699 531.000000 2.000000 600.000000 0.000000
0.95389402 -1.66182101 -0.79064697 889.000000 5.000000 337.000000 0.000000
0.91124898 -1.61023700 -0.76171798 493.000000 2.000000 155.000000 0.000000
0.85793400 -1.56028903 -0.73118198 597.000000 3.000000 118.000000 0.000000
0.82063198 -1.53675795 -0.71430701 672.000000 3.000000 169.000000 0.000000
0.75223798 -1.64416504 -0.74323601 526.000000 2.000000 160.000000 0.000000
0.94845498 -1.62716496 -0.82834899 1037.000000 8.000000 560.000000 0.000000
0.93709397 -1.63059998 -0.82708001 670.000000 5.000000 436.000000 0.000000
0.81652701 -1.50593197 -0.74883699 732.000000 4.000000 607.000000 0.000000
0.80512702 -1.50692296 -0.74672300 1592.000000 11.000000 261.000000 0.000000
0.80689102 -1.53265500 -0.75771898 1277.000000 9.000000 239.000000 0.000000
0.80124402 -1.54480803 -0.76152498 1375.000000 11.000000 272.000000 0.000000
0.80293500 -1.57145596 -0.77294499 1790.000000 16.000000 291.000000 0.000000
0.79409599 -1.57797003 -0.77379000 1628.000000 14.000000 301.000000 0.000000
0.78480297 -1.58362401 -0.77421302 666.000000 5.000000 318.000000 0.000000
0.68109202 -1.64465702 -0.78013402 501.000000 3.000000 259.000000 0.000000
0.95479399 -1.64322698 -0.89707297 1510.000000 10.000000 411.000000 0.000000
0.94247299 -1.64517105 -0.89483899 982.000000 6.000000 291.000000 0.000000
0.94027001 -1.66495097 -0.90287900 860.000000 5.000000 347.000000 0.000000
0.89054102 -1.62300503 -0.87250602 1108.000000 6.000000 343.000000 0.000000
0.81596899 -1.50876498 -0.80461299 1704.000000 10.000000 182.000000 0.000000
0.81467801 -1.52875197 -0.81309903 1452.000000 9.000000 195.000000 0.000000
0.82023299 -1.56225097 -0.82917899 1507.000000 9.000000 234.000000 0.000000
0.81760901 -1.58077002 -0.83677298 2065.000000 14.000000 202.000000 0.000000
0.80789399 -1.58575702 -0.83677298 2133.000000 14.000000 234.000000 0.000000
0.80455899 -1.60348403 -0.84391898 1452.000000 9.000000 233.000000 0.000000
0.83625501 -1.69264603 -0.89081901 1120.000000 6.000000 227.000000 0.000000
0.95441997 -1.96254003 -1.03777206 978.000000 6.000000 268.000000 0.000000
0.79315001 -1.68265498 -0.87697297 1061.000000 6.000000 294.000000 0.000000
0.77266097 -1.66556895 -0.86491299 1159.000000 6.000000 213.000000 0.000000
0.75612098 -1.65643704 -0.85731900 1270.000000 7.000000 310.000000 0.000000
0.76423901 -1.70186806 -0.87965298 924.000000 5.000000 378.000000 0.000000
0.73173100 -1.71317697 -0.87831300 918.000000 5.000000 402.000000 0.000000
0.94010299 -1.67030203 -0.96119499 851.000000 7.000000 311.000000 0.000000
0.89824301 -1.64297903 -0.93782198 862.000000 8.000000 295.000000 0.000000
0.82666701 -1.53497601 -0.86957198 1240.000000 10.000000 293.000000 0.000000
0.82098001 -1.54703903 -0.87377900 1053.000000 8.000000 304.000000 0.000000
0.83492798 -1.59664297 -0.90042502 766.000000 5.000000 257.000000 0.000000
0.81332099 -1.57897401 -0.88686800 1095.000000 8.000000 280.000000 0.000000
0.81165498 -1.59968197 -0.89621699 1448.000000 12.000000 310.000000 0.000000
0.80182397 -1.60463202 -0.89621699 1376.000000 11.000000 295.000000 0.000000
0.79313999 -1.61189902 -0.89762002 1339.000000 11.000000 301.000000 0.000000
0.80337501 -1.65805697 -0.92192799 943.000000 7.000000 316.000000 0.000000
0.81383801 -1.70599306 -0.94717097 774.000000 7.000000 321.000000 0.000000
0.80637503 -1.71734905 -0.95091099 776.000000 7.000000 291.000000 0.000000
0.86177701 -1.86415505 -1.03365302 768.000000 7.000000 337.000000 0.000000
0.81924701 -1.83105803 -1.00840998 994.000000 9.000000 409.000000 0.000000
0.75325203 -1.71237099 -0.93688703 991.000000 9.000000 318.000000 0.000000
0.73073399 -1.68940198 -0.92099297 1164.000000 9.000000 363.000000 0.000000
0.72522402 -1.70523095 -0.92753798 1097.000000 8.000000 339.000000 0.000000
0.71543300 -1.71127903 -0.92847300 1001.000000 8.000000 365.000000 0.000000
0.70491999 -1.71563697 -0.92847300 555.000000 4.000000 296.000000 0.000000
0.71614897 -1.83777797 -0.99064600 741.000000 6.000000 332.000000 0.000000
0.95482099 -1.69416904 -1.04189301 1031.000000 6.000000 184.000000 0.000000
0.90468597 -1.62837100 -0.99576199 1595.000000 11.000000 195.000000 0.000000
0.84870899 -1.54979205 -0.94177902 1451.000000 9.000000 190.000000 0.000000
0.83918399 -1.55497003 -0.94177902 1230.000000 7.000000 170.000000 0.000000
0.86148798 -1.62012005 -0.98005801 925.000000 5.000000 183.000000 0.000000
0.83376598 -1.59140301 -0.95846498 1301.000000 7.000000 204.000000 0.000000
0.82318801 -1.59493899 -0.95748299 1594.000000 10.000000 225.000000 0.000000
0.81535703 -1.60384595 -0.95993698 1669.000000 10.000000 215.000000 0.000000
0.81835300 -1.63453901 -0.97613198 1291.000000 7.000000 223.000000 0.000000
0.82677299 -1.67705500 -0.99968803 1094.000000 6.000000 222.000000 0.000000
0.80583102 -1.66014099 -0.98594701 1411.000000 9.000000 221.000000 0.000000
0.83013397 -1.73740697 -1.03109598 1088.000000 6.000000 247.000000 0.000000
0.82427102 -1.75272095 -1.03747594 935.000000 5.000000 262.000000 0.000000
0.81313598 -1.75695503 -1.03698504 1620.000000 11.000000 269.000000 0.000000
0.76845098 -1.68734896 -0.99085402 1474.000000 9.000000 210.000000 0.000000
0.77230901 -1.72384906 -1.01048398 1203.000000 7.000000 236.000000 0.000000
0.74312699 -1.68628299 -0.98447502 1412.000000 9.000000 246.000000 0.000000
0.73138303 -1.68761301 -0.98251200 1444.000000 9.000000 281.000000 0.000000
0.72374201 -1.69848299 -0.98643798 1241.000000 8.000000 247.000000 0.000000
0.73212302 -1.74791002 -1.01391995 1212.000000 7.000000 246.000000 0.000000
0.74687803 -1.81442702 -1.05170798 922.000000 5.000000 224.000000 0.000000
0.71395701 -1.79672801 -1.03551304 1133.000000 7.000000 283.000000 0.000000
0.69849300 -1.78970802 -1.02864206 964.000000 6.000000 295.000000 0.000000
0.89962798 -1.63152599 -1.05258596 1013.000000 9.000000 297.000000 0.000000
0.84837002 -1.56157005 -1.00151706 1172.000000 9.000000 324.000000 0.000000
0.84040302 -1.56977403 -1.00355899 1157.000000 9.000000 306.000000 0.000000
0.84365201 -1.59920394 -1.01990199 1001.000000 8.000000 267.000000 0.000000
0.82904297 -1.59520698 -1.01377296 1090.000000 9.000000 291.000000 0.000000
0.82396299 -1.60943604 -1.01990199 1217.000000 10.000000 298.000000 0.000000
0.82301903 -1.63209701 -1.03164804 1355.000000 13.000000 317.000000 0.000000
0.81567901 -1.64250004 -1.03522205 1159.000000 11.000000 335.000000 0.000000
0.81962699 -1.67601800 -1.05411804 1008.000000 9.000000 308.000000 0.000000
0.81270099 -1.68797898 -1.05871403 926.000000 8.000000 353.000000 0.000000
0.79677802 -1.68129301 -1.05105400 1113.000000 10.000000 338.000000 0.000000
0.79083002 -1.69549000 -1.05718195 865.000000 8.000000 371.000000 0.000000
0.77824903 -1.69562805 -1.05411804 880.000000 8.000000 391.000000 0.000000
0.76036102 -1.68393302 -1.04339302 965.000000 9.000000 409.000000 0.000000
0.74720699 -1.68228805 -1.03930795 1031.000000 10.000000 357.000000 0.000000
0.73652500 -1.68605399 -1.03879702 1056.000000 10.000000 330.000000 0.000000
0.72957802 -1.69843304 -1.04390395 1110.000000 10.000000 353.000000 0.000000
0.72654200 -1.72028506 -1.05513895 1017.000000 9.000000 311.000000 0.000000
0.68695700 -1.74478996 -1.05973601 758.000000 7.000000 303.000000 0.000000
0.87291098 -1.57426798 -1.08135200 1347.000000 9.000000 199.000000 0.000000
0.85513699 -1.56474805 -1.07067394 1118.000000 6.000000 210.000000 0.000000
0.84536898 -1.59305704 -1.08348703 1111.000000 7.000000 248.000000 0.000000
1.78344095 -1.61616302 -0.73731601 833.000000 6.000000 296.000000 0.000000
1.77138996 -1.62514603 -0.73638600 2215.000000 21.000000 167.000000 0.000000
1.76208198 -1.63663197 -0.73669600 2684.000000 28.000000 218.000000 0.000000
1.74577606 -1.64154804 -0.73390698 1666.000000 14.000000 152.000000 0.000000
1.83777595 -1.86034298 -0.80517203 1028.000000 9.000000 791.000000 0.000000
1.77494895 -1.64330494 -0.80370998 522.000000 5.000000 232.000000 0.000000
1.74346399 -1.63420403 -0.79341799 1043.000000 12.000000 34.000000 0.000000
1.74162805 -1.65264797 -0.79740202 1061.000000 12.000000 267.000000 0.000000
1.72936296 -1.56764495 -0.84093899 960.000000 7.000000 218.000000 0.000000
1.80167997 -1.67403197 -0.88865501 1463.000000 12.000000 291.000000 0.000000
1.78525198 -1.67929006 -0.88545001 2610.000000 27.000000 231.000000 0.000000
1.79593599 -1.57505095 -0.92522103 793.000000 9.000000 344.000000 0.000000
1.68302703 -1.57014000 -0.88971901 783.000000 8.000000 426.000000 0.000000
1.72460794 -1.62866497 -0.91842300 1212.000000 15.000000 357.000000 0.000000
1.75145400 -1.67434394 -0.93919498 1442.000000 18.000000 298.000000 0.000000
1.74647903 -1.69020200 -0.94221598 1562.000000 20.000000 373.000000 0.000000
1.73673797 -1.70153296 -0.94259399 1197.000000 15.000000 298.000000 0.000000
1.75326395 -1.73884499 -0.95807898 966.000000 11.000000 294.000000 0.000000
1.76037502 -1.65758300 -1.01082695 1802.000000 16.000000 188.000000 0.000000
1.75480795 -1.67277896 -1.01363897 2090.000000 19.000000 177.000000 0.000000
1.74517000 -1.68415105 -1.01404095 2154.000000 20.000000 199.000000 0.000000
1.73480296 -1.69482803 -1.01404095 2157.000000 20.000000 175.000000 0.000000
1.72892702 -1.70994997 -1.01685405 1737.000000 15.000000 179.000000 0.000000
1.73780501 -1.73997498 -1.02890694 1353.000000 11.000000 196.000000 0.000000
1.75023496 -1.77408600 -1.04337204 1199.000000 11.000000 193.000000 0.000000
1.74761999 -1.79332197 -1.04859495 1246.000000 11.000000 162.000000 0.000000
1.70861900 -1.58569396 -1.03727901 1152.000000 14.000000 286.000000 0.000000
2.76760602 -1.40641999 -0.40858799 987.000000 15.000000 173.000000 0.000000
2.72988296 -1.40843904 -0.40384701 1179.000000 19.000000 200.000000 0.000000
2.71241689 -1.42058206 -0.40241000 995.000000 15.000000 150.000000 0.000000
2.73250508 -1.45249104 -0.40715101 588.000000 8.000000 129.000000 0.000000
2.73138499 -1.47344804 -0.40844399 1186.000000 19.000000 249.000000 0.000000
2.72576809 -1.49207604 -0.40901899 1228.000000 20.000000 268.000000 0.000000
2.73214507 -1.51740301 -0.41160500 490.000000 7.000000 175.000000 0.000000
2.66821003 -1.31868005 -0.46539101 1313.000000 13.000000 335.000000 0.000000
2.70410895 -1.35715401 -0.47380701 833.000000 8.000000 462.000000 0.000000
2.77845597 -1.52506602 -0.49838099 1625.000000 18.000000 152.000000 0.000000
2.75699210 -1.53536701 -0.49602500 2343.000000 30.000000 202.000000 0.000000
2.75181007 -1.55467999 -0.49686599 2126.000000 26.000000 197.000000 0.000000
2.78667998 -1.59704101 -0.50561899 654.000000 6.000000 158.000000 0.000000
2.78592396 -1.43360400 -0.56786197 921.000000 14.000000 187.000000 0.000000
2.77098203 -1.44749796 -0.56652200 392.000000 5.000000 230.000000 0.000000
2.75678205 -1.57179296 -0.57571298 1393.000000 23.000000 192.000000 0.000000
2.73943305 -1.58426595 -0.57398999 1316.000000 22.000000 229.000000 0.000000
2.73982811 -1.60699105 -0.57628798 706.000000 10.000000 220.000000 0.000000
2.79891300 -1.44867897 -0.65220499 1689.000000 19.000000 160.000000 0.000000
2.88849306 -1.51763999 -0.67680198 579.000000 6.000000 131.000000 0.000000
2.76404691 -1.49576700 -0.65026402 216.000000 2.000000 121.000000 0.000000
2.79589105 -1.53527498 -0.66061997 894.000000 9.000000 140.000000 0.000000
2.79153490 -1.55525506 -0.66191500 1022.000000 11.000000 150.000000 0.000000
2.79808688 -1.58149004 -0.66601402 980.000000 10.000000 137.000000 0.000000
2.79849291 -1.60446095 -0.66860300 1267.000000 14.000000 146.000000 0.000000
2.76581001 -1.60834002 -0.66277802 1810.000000 22.000000 155.000000 0.000000
2.75168490 -1.62279797 -0.66169900 1472.000000 17.000000 160.000000 0.000000
2.79278302 -1.67024398 -0.67486000 857.000000 9.000000 174.000000 0.000000
2.74909306 -1.66708302 -0.66623002 1273.000000 14.000000 172.000000 0.000000
2.82225990 -1.46923602 -0.73732299 955.000000 16.000000 217.000000 0.000000
2.79944491 -1.47928298 -0.73350400 1188.000000 21.000000 195.000000 0.000000
2.90249991 -1.55641496 -0.76477402 542.000000 8.000000 185.000000 0.000000
2.90569901 -1.58114195 -0.76835501 816.000000 13.000000 182.000000 0.000000
2.86276507 -1.58067501 -0.75904500 1177.000000 20.000000 178.000000 0.000000
2.84877396 -1.59584296 -0.75785202 1304.000000 23.000000 212.000000 0.000000
2.77302790 -1.57595003 -0.73923302 963.000000 16.000000 191.000000 0.000000
2.75657105 -1.58906400 -0.73732299 1057.000000 18.000000 194.000000 0.000000
2.98282003 -1.38555598 -0.85108298 1033.000000 11.000000 115.000000 0.000000
2.97339010 -1.40341997 -0.85082000 1763.000000 22.000000 167.000000 0.000000
2.97950912 -1.42873597 -0.85529202 1314.000000 15.000000 284.000000 0.000000
2.94455910 -1.52478695 -0.85844803 528.000000 5.000000 522.000000 0.000000
2.83610511 -1.49071503 -0.82793599 1535.000000 18.000000 228.000000 0.000000
2.83967090 -1.51490605 -0.83188200 1502.000000 18.000000 209.000000 0.000000
2.85746598 -1.54701102 -0.84029901 1392.000000 16.000000 176.000000 0.000000
2.89357090 -1.58961797 -0.85450202 1033.000000 11.000000 203.000000 0.000000
2.84669209 -1.58666098 -0.84292901 1261.000000 14.000000 278.000000 0.000000
2.82430792 -1.59696901 -0.83898401 1854.000000 23.000000 177.000000 0.000000
2.79270196 -1.60178006 -0.83214498 1849.000000 23.000000 217.000000 0.000000
2.74113393 -1.59461105 -0.81899297 1571.000000 19.000000 184.000000 0.000000
2.88817692 -1.80105400 -0.88238400 261.000000 2.000000 177.000000 0.000000
2.90316200 -1.83524799 -0.89080101 770.000000 8.000000 327.000000 0.000000
2.87395000 -1.86652994 -0.88869601 950.000000 11.000000 532.000000 0.000000
2.83746791 -1.86767495 -0.88054299 1176.000000 14.000000 333.000000 0.000000
2.83558297 -1.89147902 -0.88369900 946.000000 10.000000 320.000000 0.000000
2.94378901 -1.98993301 -0.92315400 200.000000 2.000000 160.000000 0.000000
2.99206209 -1.52823806 -0.95539600 1012.000000 18.000000 200.000000 0.000000
2.91622901 -1.51223898 -0.93311203 1037.000000 17.000000 203.000000 0.000000
2.88907504 -1.52075195 -0.92711300 1081.000000 18.000000 215.000000 0.000000
2.87461400 -1.53574800 -0.92539901 1242.000000 22.000000 196.000000 0.000000
2.88621306 -1.56474996 -0.93254101 1256.000000 22.000000 237.000000 0.000000
2.87571692 -1.58196902 -0.93225503 969.000000 16.000000 216.000000 0.000000
2.86009502 -1.59632194 -0.93025500 975.000000 16.000000 210.000000 0.000000
2.84440398 -1.61054301 -0.92825598 1010.000000 17.000000 235.000000 0.000000
2.82615304 -1.62320304 -0.92539901 1056.000000 18.000000 188.000000 0.000000
2.83105612 -1.64917803 -0.93054098 792.000000 13.000000 219.000000 0.000000
2.77584791 -1.70963299 -0.92568398 506.000000 8.000000 190.000000 0.000000
2.93545794 -1.50049901 -1.02733195 1531.000000 19.000000 189.000000 0.000000
2.92113400 -1.51585305 -1.02547300 1579.000000 20.000000 186.000000 0.000000
2.91346002 -1.53463495 -1.02609301 1752.000000 23.000000 146.000000 0.000000
2.86207294 -1.53005302 -1.01060104 1593.000000 19.000000 152.000000 0.000000
2.89942098 -1.57299399 -1.02795196 1439.000000 18.000000 120.000000 0.000000
2.88638401 -1.58892000 -1.02671301 1330.000000 16.000000 137.000000 0.000000
