-1.19536102 1.53117096 -0.05382100 902.000000 6.000000 3063.000000 0.000000
-1.18716598 1.54005694 -0.05391700 1769.000000 15.000000 3056.000000 0.000000
-1.17405498 1.54254997 -0.05363000 1408.000000 11.000000 3077.000000 0.000000
-1.16577196 1.55131996 -0.05372600 774.000000 5.000000 2697.000000 0.000000
-1.14787698 1.54723001 -0.05305400 2170.000000 20.000000 2604.000000 0.000000
-1.14191198 1.55907202 -0.05334200 2577.000000 26.000000 2545.000000 0.000000
-1.13291097 1.56685698 -0.05339000 2530.000000 25.000000 2583.000000 0.000000
-1.12560296 1.57702601 -0.05358200 2385.000000 23.000000 2680.000000 0.000000
-1.13494396 1.61081100 -0.05516500 2278.000000 22.000000 3399.000000 0.000000
-1.13361704 1.63002896 -0.05588500 3049.000000 35.000000 4122.000000 0.000000
-1.13549805 1.65422499 -0.05689200 2164.000000 20.000000 4350.000000 0.000000
-1.08038199 1.59509099 -0.05305400 1387.000000 11.000000 3451.000000 0.000000
-1.06890500 1.59920204 -0.05291000 1012.000000 7.000000 3136.000000 0.000000
-1.15451300 1.55151296 -0.10049700 2164.000000 14.000000 3081.000000 0.000000
-1.15028000 1.56580603 -0.10115000 3240.000000 28.000000 2638.000000 0.000000
-1.14065099 1.57283401 -0.10115000 3215.000000 28.000000 2337.000000 0.000000
-1.13503897 1.58548295 -0.10165700 3178.000000 27.000000 2534.000000 0.000000
-1.12988997 1.59893703 -0.10223800 2905.000000 23.000000 2555.000000 0.000000
-1.16166902 1.66558397 -0.10753300 3835.000000 41.000000 3393.000000 0.000000
-1.15425301 1.67679000 -0.10789600 3633.000000 36.000000 4032.000000 0.000000
-1.14954197 1.69209397 -0.10862100 1647.000000 10.000000 4358.000000 0.000000
-1.16166103 1.56348705 -0.14711100 1651.000000 14.000000 3748.000000 0.000000
-1.15027499 1.56818104 -0.14682300 2549.000000 26.000000 2958.000000 0.000000
-1.14063096 1.57520998 -0.14682300 2437.000000 24.000000 2828.000000 0.000000
-1.13674903 1.59026504 -0.14778399 2378.000000 23.000000 2919.000000 0.000000
-1.13157296 1.60370803 -0.14855200 2126.000000 19.000000 2982.000000 0.000000
-1.13369203 1.62775004 -0.15056799 2700.000000 28.000000 3877.000000 0.000000
-1.15308702 1.67727196 -0.15556100 1929.000000 17.000000 4304.000000 0.000000
-1.14837801 1.69254196 -0.15652101 386.000000 2.000000 4798.000000 0.000000
-1.00295699 1.76655996 -0.15517700 636.000000 4.000000 3491.000000 0.000000
-0.99356198 1.77528405 -0.15546501 592.000000 4.000000 3774.000000 0.000000
-1.16114199 1.58118200 -0.19695100 3106.000000 26.000000 2349.000000 0.000000
-1.14908898 1.58506095 -0.19646800 3247.000000 28.000000 2421.000000 0.000000
-1.13760996 1.58965898 -0.19610600 3417.000000 31.000000 2396.000000 0.000000
-1.13184094 1.60228705 -0.19695100 3082.000000 25.000000 2545.000000 0.000000
-1.12652600 1.61571896 -0.19791600 2780.000000 21.000000 3197.000000 0.000000
-1.15032303 1.67168999 -0.20515500 1193.000000 6.000000 4483.000000 0.000000
-1.15887105 1.57757902 -0.24207900 2280.000000 22.000000 2942.000000 0.000000
-1.14858699 1.58386004 -0.24193600 2343.000000 22.000000 2768.000000 0.000000
-1.14173496 1.59489596 -0.24265400 2259.000000 21.000000 2714.000000 0.000000
-1.13307297 1.60348499 -0.24294101 2263.000000 21.000000 2856.000000 0.000000
-1.14421999 1.64039898 -0.24825700 1949.000000 17.000000 3417.000000 0.000000
-1.15383005 1.67587996 -0.25328499 1134.000000 9.000000 4337.000000 0.000000
-1.11349797 1.77579999 -0.26219299 842.000000 7.000000 4521.000000 0.000000
-1.16011405 1.57978106 -0.29185599 2723.000000 20.000000 2414.000000 0.000000
-1.14982104 1.58607101 -0.29168701 3166.000000 27.000000 2180.000000 0.000000
-1.14006698 1.59309602 -0.29168701 2928.000000 23.000000 2179.000000 0.000000
-1.13424802 1.60570002 -0.29286599 2847.000000 22.000000 2373.000000 0.000000
-1.12944305 1.61991000 -0.29438099 2504.000000 18.000000 2304.000000 0.000000
-1.12227404 1.63087201 -0.29522201 2542.000000 18.000000 2651.000000 0.000000
-1.14820802 1.69075501 -0.30616301 719.000000 3.000000 3818.000000 0.000000
-1.09008300 1.76366305 -0.31121200 1113.000000 6.000000 3752.000000 0.000000
-1.08077800 1.77284396 -0.31171700 846.000000 4.000000 4029.000000 0.000000
-1.07495403 1.78789401 -0.31340000 2539.000000 20.000000 2465.000000 0.000000
-1.05743504 1.78342903 -0.31121200 866.000000 4.000000 3535.000000 0.000000
-1.05094504 1.79754496 -0.31272700 1487.000000 9.000000 4088.000000 0.000000
-1.04137099 1.80652297 -0.31323200 1450.000000 9.000000 3644.000000 0.000000
-1.03221297 1.81630802 -0.31390500 1343.000000 8.000000 3618.000000 0.000000
-1.02104902 1.82260704 -0.31390500 1330.000000 8.000000 3953.000000 0.000000
-1.16565204 1.58335102 -0.34017500 1556.000000 13.000000 2891.000000 0.000000
-1.15707195 1.59205902 -0.34055799 2177.000000 20.000000 2585.000000 0.000000
-1.14039695 1.58957303 -0.33826101 1961.000000 17.000000 2458.000000 0.000000
-1.13517296 1.60293901 -0.33979201 1967.000000 17.000000 2804.000000 0.000000
-1.14730895 1.64120400 -0.34726101 1811.000000 16.000000 2879.000000 0.000000
-1.13833499 1.64982605 -0.34764400 1820.000000 16.000000 2344.000000 0.000000
-1.14702797 1.68432605 -0.35415399 1596.000000 13.000000 3798.000000 0.000000
-1.08921003 1.75702000 -0.35989901 1256.000000 10.000000 2712.000000 0.000000
-1.07738101 1.76199806 -0.35951599 376.000000 2.000000 3693.000000 0.000000
-1.16928196 1.59285796 -0.39243299 2063.000000 13.000000 2151.000000 0.000000
-1.15490699 1.59367394 -0.39070699 2821.000000 22.000000 2054.000000 0.000000
-1.15248501 1.61105895 -0.39351201 2636.000000 19.000000 1976.000000 0.000000
-1.14539099 1.62208998 -0.39458999 2512.000000 18.000000 2268.000000 0.000000
-1.13987899 1.63549900 -0.39631701 2559.000000 19.000000 2419.000000 0.000000
-1.16078305 1.68753505 -0.40839899 3146.000000 27.000000 2634.000000 0.000000
-1.15040600 1.69462502 -0.40839899 3288.000000 29.000000 3209.000000 0.000000
-1.13835800 1.69921696 -0.40775201 2373.000000 16.000000 2200.000000 0.000000
-1.13113797 1.71106005 -0.40904599 1715.000000 10.000000 2418.000000 0.000000
-1.11565995 1.75715494 -0.41573501 2077.000000 15.000000 2419.000000 0.000000
-1.18277204 1.60189402 -0.44467300 756.000000 5.000000 2576.000000 0.000000
-1.16259599 1.59501696 -0.44037700 1921.000000 17.000000 2262.000000 0.000000
-1.15278804 1.60212100 -0.44037700 1990.000000 18.000000 2459.000000 0.000000
-1.14631903 1.61390698 -0.44180900 2135.000000 20.000000 2364.000000 0.000000
-1.13807201 1.62329304 -0.44252500 2154.000000 20.000000 2730.000000 0.000000
-1.13086104 1.63423204 -0.44371900 2162.000000 20.000000 2735.000000 0.000000
-1.12575603 1.64834797 -0.44586700 2190.000000 20.000000 2271.000000 0.000000
-1.14664805 1.70106196 -0.45947301 1827.000000 19.000000 2088.000000 0.000000
-1.13565004 1.70725906 -0.45923400 1737.000000 18.000000 2218.000000 0.000000
-1.12408400 1.71257305 -0.45875701 1508.000000 15.000000 2273.000000 0.000000
-1.12785006 1.74141800 -0.46520200 864.000000 7.000000 2475.000000 0.000000
-1.11871696 1.75075698 -0.46591800 1818.000000 19.000000 2512.000000 0.000000
-1.18034399 1.60852897 -0.49835801 1638.000000 10.000000 2024.000000 0.000000
-1.15857697 1.59932601 -0.49283499 2323.000000 16.000000 1950.000000 0.000000
-1.14425600 1.60012305 -0.49072999 2422.000000 17.000000 1885.000000 0.000000
-1.13719594 1.61105704 -0.49204499 2388.000000 17.000000 1943.000000 0.000000
-1.14381897 1.64176404 -0.49993601 2184.000000 15.000000 2089.000000 0.000000
-1.15447700 1.67897403 -0.50993198 2115.000000 15.000000 1567.000000 0.000000
-1.15010595 1.69481099 -0.51282501 1877.000000 13.000000 1289.000000 0.000000
-1.14397597 1.70825195 -0.51492900 2163.000000 15.000000 1525.000000 0.000000
-1.14091206 1.72651303 -0.51861203 2399.000000 18.000000 1950.000000 0.000000
-1.13556194 1.74156594 -0.52124202 2638.000000 21.000000 2025.000000 0.000000
-1.12172496 1.74363101 -0.51966399 2350.000000 18.000000 2195.000000 0.000000
-1.11255503 1.75292504 -0.52045298 1861.000000 12.000000 2049.000000 0.000000
-1.10842705 1.77035403 -0.52387202 931.000000 5.000000 1927.000000 0.000000
-1.17827106 1.61119294 -0.54886198 1646.000000 14.000000 2360.000000 0.000000
-1.16104996 1.60830605 -0.54514802 2019.000000 18.000000 2323.000000 0.000000
-1.15394795 1.61929703 -0.54657602 2050.000000 19.000000 2356.000000 0.000000
-1.14012003 1.62086797 -0.54457599 2161.000000 20.000000 2609.000000 0.000000
-1.14824104 1.65377402 -0.55400401 1889.000000 17.000000 2732.000000 0.000000
-1.15219796 1.68131399 -0.56143200 1984.000000 21.000000 2242.000000 0.000000
-1.15047503 1.70103598 -0.56600302 1945.000000 21.000000 2015.000000 0.000000
-1.15282094 1.72716796 -0.57285899 2132.000000 23.000000 2108.000000 0.000000
-1.14220202 1.73420894 -0.57285899 2315.000000 26.000000 2288.000000 0.000000
-1.12839699 1.73636997 -0.57114500 2075.000000 23.000000 2262.000000 0.000000
-1.12757897 1.75856996 -0.57657301 1585.000000 16.000000 3068.000000 0.000000
-1.15068305 1.81884301 -0.59542900 896.000000 8.000000 2215.000000 0.000000
-1.13848305 1.82424498 -0.59485698 828.000000 7.000000 2239.000000 0.000000
-1.17237794 1.62134302 -0.60501099 451.000000 2.000000 1069.000000 0.000000
-1.14419603 1.60295606 -0.59478599 174.000000 1.000000 914.000000 0.000000
-1.13324499 1.60839105 -0.59416598 181.000000 1.000000 915.000000 0.000000
-1.12498200 1.61765695 -0.59509599 238.000000 1.000000 1068.000000 0.000000
-1.17738700 1.71550500 -0.63103801 369.000000 2.000000 1389.000000 0.000000
-1.16470802 1.71954596 -0.62979901 907.000000 5.000000 1556.000000 0.000000
-1.14199400 1.70847201 -0.62267202 1843.000000 12.000000 1617.000000 0.000000
-1.14456403 1.73529804 -0.63041800 2520.000000 20.000000 2205.000000 0.000000
-1.14166701 1.75424600 -0.63506597 2722.000000 22.000000 2646.000000 0.000000
-1.13088095 1.76121795 -0.63506597 3069.000000 28.000000 3133.000000 0.000000
-1.11344600 1.75767803 -0.63103801 2461.000000 19.000000 2221.000000 0.000000
-1.17932200 1.62702405 -0.65962303 1816.000000 19.000000 2401.000000 0.000000
-1.15720701 1.61737704 -0.65231901 2072.000000 19.000000 2341.000000 0.000000
-1.15381002 1.63367999 -0.65630299 1987.000000 21.000000 2325.000000 0.000000
-1.15945303 1.66313803 -0.66593099 1877.000000 20.000000 2513.000000 0.000000
-1.15458906 1.67798102 -0.66925102 1760.000000 18.000000 2887.000000 0.000000
-1.14586604 1.68737197 -0.67024702 1931.000000 21.000000 2851.000000 0.000000
-1.14128399 1.70297897 -0.67389899 1916.000000 20.000000 2289.000000 0.000000
-1.13968503 1.72330701 -0.67954302 2166.000000 24.000000 2392.000000 0.000000
-1.13219202 1.73500204 -0.68153501 2409.000000 28.000000 2993.000000 0.000000
-1.11793995 1.73637104 -0.67921102 2050.000000 22.000000 2647.000000 0.000000
-1.10777199 1.74399304 -0.67954302 1870.000000 20.000000 2621.000000 0.000000
-1.09453797 1.74676597 -0.67788303 1640.000000 16.000000 2334.000000 0.000000
-1.12260699 1.81595802 -0.70377898 1169.000000 11.000000 2132.000000 0.000000
-1.16483402 1.61147904 -0.70918798 2220.000000 16.000000 1999.000000 0.000000
-1.15546596 1.61935699 -0.70954400 2519.000000 20.000000 2125.000000 0.000000
-1.15088403 1.63406003 -0.71310502 2457.000000 19.000000 2075.000000 0.000000
-1.15149295 1.65644300 -0.72022599 2347.000000 18.000000 2058.000000 0.000000
-1.13866699 1.65962303 -0.71844602 1925.000000 13.000000 1933.000000 0.000000
0.76836199 1.71165597 -0.27754900 2115.000000 13.000000 3337.000000 0.000000
0.77270299 1.69346201 -0.27502400 3151.000000 25.000000 3108.000000 0.000000
0.75483698 1.62789905 -0.26357800 2488.000000 17.000000 2992.000000 0.000000
0.75681698 1.60630000 -0.26038000 3008.000000 23.000000 2826.000000 0.000000
0.76708502 1.60251498 -0.26054901 2827.000000 21.000000 3166.000000 0.000000
0.77819800 1.60043597 -0.26105401 2410.000000 16.000000 2946.000000 0.000000
0.78494400 1.58944702 -0.25987500 2727.000000 19.000000 2588.000000 0.000000
0.80176198 1.59869301 -0.26256901 1837.000000 11.000000 2978.000000 0.000000
0.75744098 1.72042203 -0.32332399 1243.000000 8.000000 4347.000000 0.000000
0.75561100 1.68794501 -0.31738800 2593.000000 23.000000 3168.000000 0.000000
0.77283198 1.69847798 -0.32064301 3477.000000 39.000000 2982.000000 0.000000
0.76314503 1.65000999 -0.31126001 2670.000000 24.000000 2915.000000 0.000000
0.76078898 1.61862099 -0.30551499 2395.000000 20.000000 2694.000000 0.000000
0.77154797 1.61569595 -0.30589801 2680.000000 24.000000 2596.000000 0.000000
0.78187299 1.61181498 -0.30608901 2585.000000 22.000000 2606.000000 0.000000
0.78656697 1.59641099 -0.30379200 2402.000000 20.000000 2769.000000 0.000000
0.79372400 1.58628201 -0.30264300 1256.000000 8.000000 3523.000000 0.000000
0.74531901 1.71559894 -0.36913100 1229.000000 6.000000 3441.000000 0.000000
0.75701803 1.71367204 -0.36977801 3148.000000 27.000000 2741.000000 0.000000
0.77312797 1.72146201 -0.37279901 3502.000000 33.000000 2344.000000 0.000000
0.77961498 1.70780599 -0.37064099 3734.000000 39.000000 2514.000000 0.000000
0.75633103 1.63038099 -0.35294899 2762.000000 20.000000 2373.000000 0.000000
0.76465303 1.62217700 -0.35208601 2732.000000 19.000000 2147.000000 0.000000
0.77078998 1.60953200 -0.35014400 2841.000000 21.000000 2150.000000 0.000000
0.77722901 1.59774995 -0.34841800 2918.000000 22.000000 2260.000000 0.000000
0.79221600 1.60345197 -0.35100701 2620.000000 18.000000 2334.000000 0.000000
0.80116302 1.59681594 -0.35057601 1221.000000 6.000000 3786.000000 0.000000
0.74517500 1.72764599 -0.41769999 1939.000000 17.000000 3504.000000 0.000000
0.75653797 1.72482204 -0.41817701 2844.000000 31.000000 3150.000000 0.000000
0.76631999 1.71837199 -0.41769999 3480.000000 46.000000 3208.000000 0.000000
0.77844501 1.71717894 -0.41865501 3191.000000 38.000000 3195.000000 0.000000
0.75458401 1.63732898 -0.39836499 2309.000000 19.000000 2816.000000 0.000000
0.75723797 1.61682200 -0.39406800 2586.000000 23.000000 2628.000000 0.000000
0.76672900 1.61126804 -0.39383000 2619.000000 23.000000 2573.000000 0.000000
0.77618003 1.60565805 -0.39359099 2627.000000 23.000000 2781.000000 0.000000
0.78431302 1.59737396 -0.39263600 2255.000000 18.000000 2779.000000 0.000000
0.80402201 1.61254203 -0.39812601 1315.000000 9.000000 3417.000000 0.000000
0.74387902 1.74057603 -0.47047701 2033.000000 13.000000 2875.000000 0.000000
0.75184900 1.72978699 -0.46863601 3225.000000 28.000000 2585.000000 0.000000
0.75971401 1.71896601 -0.46679401 3469.000000 33.000000 2345.000000 0.000000
0.77301902 1.72043002 -0.46863601 3221.000000 28.000000 2361.000000 0.000000
0.76710302 1.67968500 -0.45785099 2676.000000 19.000000 2621.000000 0.000000
0.76112300 1.63995302 -0.44733000 2882.000000 21.000000 2374.000000 0.000000
0.76705003 1.62652898 -0.44470000 2819.000000 21.000000 2142.000000 0.000000
0.77618003 1.62005198 -0.44417399 2710.000000 19.000000 2130.000000 0.000000
0.78314602 1.60918903 -0.44233301 2620.000000 18.000000 2068.000000 0.000000
0.78957999 1.59743702 -0.44022799 1945.000000 12.000000 2384.000000 0.000000
0.74283499 1.75942695 -0.52315003 1607.000000 13.000000 3150.000000 0.000000
0.74646598 1.73809099 -0.51772100 3043.000000 35.000000 3314.000000 0.000000
0.76169699 1.74402595 -0.52114999 3478.000000 46.000000 3332.000000 0.000000
0.76773900 1.72880006 -0.51772100 3123.000000 37.000000 3131.000000 0.000000
0.78029501 1.72842801 -0.51915002 2741.000000 29.000000 3542.000000 0.000000
0.75746900 1.65037203 -0.49515200 2462.000000 21.000000 2930.000000 0.000000
0.75830799 1.62569702 -0.48858100 2584.000000 23.000000 2620.000000 0.000000
0.76581800 1.61581194 -0.48686701 2612.000000 23.000000 2543.000000 0.000000
0.77861500 1.61713302 -0.48886701 2497.000000 21.000000 2617.000000 0.000000
0.78684598 1.60887802 -0.48772401 2389.000000 20.000000 2770.000000 0.000000
0.80179602 1.61433101 -0.49115199 1335.000000 9.000000 3140.000000 0.000000
0.73882103 1.72466397 -0.56442100 2464.000000 18.000000 2381.000000 0.000000
0.75509501 1.73316896 -0.56906903 3209.000000 28.000000 2360.000000 0.000000
0.76494402 1.72676504 -0.56844902 3520.000000 34.000000 2474.000000 0.000000
0.77200598 1.71423900 -0.56566101 2756.000000 21.000000 2574.000000 0.000000
0.75278300 1.64465296 -0.54242200 2262.000000 15.000000 2423.000000 0.000000
0.76165599 1.63741696 -0.54149199 2544.000000 17.000000 2141.000000 0.000000
0.77087498 1.63099396 -0.54087299 2641.000000 19.000000 2070.000000 0.000000
0.77757001 1.61937904 -0.53839397 2475.000000 17.000000 2122.000000 0.000000
0.78540498 1.61030698 -0.53684503 2365.000000 16.000000 2175.000000 0.000000
0.79738402 1.60971498 -0.53839397 1542.000000 9.000000 2272.000000 0.000000
0.75164199 1.75943696 -0.62575901 1534.000000 13.000000 2301.000000 0.000000
0.74895799 1.72361803 -0.61380798 2235.000000 21.000000 2249.000000 0.000000
0.76065803 1.72158003 -0.61480403 2610.000000 27.000000 2450.000000 0.000000
0.76928401 1.71257401 -0.61314398 2540.000000 26.000000 2549.000000 0.000000
0.75872099 1.66144001 -0.59521598 2192.000000 21.000000 2668.000000 0.000000
0.76020700 1.63791096 -0.58791202 2245.000000 18.000000 2447.000000 0.000000
0.76864100 1.62979901 -0.58658397 2192.000000 18.000000 2302.000000 0.000000
0.77862698 1.62505198 -0.58658397 2095.000000 17.000000 2421.000000 0.000000
0.78693998 1.61684704 -0.58525598 1944.000000 15.000000 2614.000000 0.000000
0.79975897 1.61791396 -0.58758003 1163.000000 8.000000 2750.000000 0.000000
0.73688400 1.74884498 -0.67464697 2190.000000 15.000000 2130.000000 0.000000
0.74686301 1.74257302 -0.67393500 2195.000000 15.000000 2401.000000 0.000000
0.75043601 1.72168696 -0.66716999 2348.000000 16.000000 2347.000000 0.000000
0.75643498 1.70680106 -0.66289598 2491.000000 18.000000 2219.000000 0.000000
0.76689303 1.70212805 -0.66289598 2500.000000 18.000000 2155.000000 0.000000
0.74575800 1.62859499 -0.63405401 1962.000000 12.000000 1877.000000 0.000000
0.75218302 1.61636698 -0.63084900 2164.000000 14.000000 1795.000000 0.000000
0.76408702 1.61594296 -0.63262898 2346.000000 15.000000 1828.000000 0.000000
0.77439302 1.61206603 -0.63298500 2299.000000 15.000000 1780.000000 0.000000
0.78180701 1.60224700 -0.63084900 2093.000000 13.000000 1928.000000 0.000000
0.71718198 1.74929702 -0.72202897 1567.000000 13.000000 1786.000000 0.000000
0.72683799 1.74229801 -0.72089601 1644.000000 14.000000 1779.000000 0.000000
0.73319697 1.72756803 -0.71636403 1812.000000 16.000000 1935.000000 0.000000
0.74086201 1.71622896 -0.71334302 1879.000000 17.000000 2108.000000 0.000000
0.74952698 1.70740700 -0.71145397 1846.000000 16.000000 2118.000000 0.000000
0.74534500 1.66976798 -0.69672501 2015.000000 18.000000 1930.000000 0.000000
0.76166701 1.67866802 -0.70276803 1872.000000 17.000000 2208.000000 0.000000
0.75729001 1.64197803 -0.68841600 2052.000000 19.000000 2106.000000 0.000000
0.76656902 1.63562202 -0.68766099 2091.000000 19.000000 2202.000000 0.000000
0.77262902 1.62251794 -0.68388402 2093.000000 20.000000 2181.000000 0.000000
0.78537899 1.62358797 -0.68652803 1952.000000 18.000000 2320.000000 0.000000
0.81971103 1.66865802 -0.70918798 1509.000000 13.000000 2580.000000 0.000000
2.81478596 1.76225305 -0.12003100 972.000000 16.000000 5095.000000 0.000000
2.81365609 1.73758698 -0.11936000 815.000000 13.000000 4693.000000 0.000000
2.80909395 1.66407800 -0.11734500 501.000000 8.000000 3551.000000 0.000000
2.81149507 1.64226699 -0.11691300 1284.000000 21.000000 3219.000000 0.000000
2.82324910 1.62598395 -0.11700900 1861.000000 36.000000 3347.000000 0.000000
2.80452800 1.59232104 -0.11542500 1726.000000 31.000000 3202.000000 0.000000
2.80466390 1.56970501 -0.11489800 1623.000000 28.000000 3170.000000 0.000000
2.80812502 1.54908204 -0.11456200 1254.000000 21.000000 3161.000000 0.000000
2.82810092 1.53755999 -0.11513800 613.000000 9.000000 3855.000000 0.000000
2.80112910 1.77893901 -0.20118500 1205.000000 14.000000 4405.000000 0.000000
2.82551789 1.77018595 -0.20234600 689.000000 7.000000 4568.000000 0.000000
2.82868910 1.74809897 -0.20169300 1921.000000 25.000000 3778.000000 0.000000
2.83765793 1.72967196 -0.20154800 2024.000000 26.000000 3618.000000 0.000000
2.84394193 1.70966101 -0.20118500 1909.000000 24.000000 3677.000000 0.000000
2.84923005 1.68912899 -0.20074999 1799.000000 22.000000 2927.000000 0.000000
2.83801007 1.65903902 -0.19893600 2467.000000 35.000000 3043.000000 0.000000
2.84554291 1.64010096 -0.19871899 2479.000000 35.000000 2649.000000 0.000000
2.81305289 1.59848297 -0.19516400 1897.000000 22.000000 2745.000000 0.000000
2.81236506 1.57534802 -0.19429301 2240.000000 28.000000 2898.000000 0.000000
2.81761098 1.55565298 -0.19393100 1765.000000 20.000000 2711.000000 0.000000
2.86828804 1.56072402 -0.19734000 854.000000 9.000000 4417.000000 0.000000
2.84258199 1.71031594 -0.27923399 607.000000 10.000000 4397.000000 0.000000
2.82222700 1.67452097 -0.27577800 1449.000000 26.000000 3566.000000 0.000000
2.82987309 1.65566099 -0.27548999 1507.000000 28.000000 2932.000000 0.000000
2.83050108 1.63278401 -0.27443299 1470.000000 27.000000 2794.000000 0.000000
2.81798506 1.60256505 -0.27193701 1459.000000 25.000000 3180.000000 0.000000
2.81214690 1.57646406 -0.27020800 1507.000000 26.000000 3340.000000 0.000000
2.82699108 1.56207395 -0.27078500 1122.000000 18.000000 4220.000000 0.000000
2.86535096 1.56044304 -0.27395299 262.000000 4.000000 6301.000000 0.000000
2.83783102 1.70532203 -0.36092299 982.000000 11.000000 3308.000000 0.000000
2.85080409 1.68939400 -0.36128500 2133.000000 28.000000 1908.000000 0.000000
2.83882689 1.65885699 -0.35814801 2311.000000 32.000000 1940.000000 0.000000
2.83260608 1.63199794 -0.35585600 2095.000000 28.000000 2246.000000 0.000000
2.82875204 1.60674798 -0.35392499 2210.000000 30.000000 2382.000000 0.000000
2.83509302 1.58742201 -0.35344201 2033.000000 26.000000 2619.000000 0.000000
2.85521102 1.57574797 -0.35488999 845.000000 9.000000 3914.000000 0.000000
2.87716508 1.70990300 -0.44378600 757.000000 12.000000 4236.000000 0.000000
2.87053800 1.68218994 -0.44091201 1897.000000 37.000000 3257.000000 0.000000
2.84655499 1.64470005 -0.43516600 1677.000000 32.000000 3194.000000 0.000000
2.80847096 1.59971595 -0.42712000 1508.000000 28.000000 2957.000000 0.000000
2.82513189 1.58633804 -0.42827001 1611.000000 30.000000 3093.000000 0.000000
2.84779191 1.57617700 -0.43042499 953.000000 16.000000 4245.000000 0.000000
2.87978196 1.73050797 -0.53086603 1852.000000 23.000000 2819.000000 0.000000
2.89119506 1.71330798 -0.53103501 2506.000000 36.000000 2459.000000 0.000000
2.89143705 1.68957198 -0.52901500 2154.000000 29.000000 2363.000000 0.000000
2.82059002 1.62508202 -0.51302499 1878.000000 24.000000 2131.000000 0.000000
2.82107806 1.60239303 -0.51117301 2022.000000 26.000000 2164.000000 0.000000
2.83515906 1.58745897 -0.51201499 1474.000000 17.000000 2804.000000 0.000000
2.87758207 1.73822904 -0.61247998 1284.000000 23.000000 3065.000000 0.000000
2.88482308 1.71852696 -0.61171401 1794.000000 35.000000 2952.000000 0.000000
2.88685608 1.69581199 -0.60979903 1475.000000 27.000000 3145.000000 0.000000
2.84203911 1.64602697 -0.59735203 1165.000000 20.000000 2828.000000 0.000000
2.82227397 1.61148798 -0.59065002 1575.000000 29.000000 2736.000000 0.000000
2.83039999 1.59317505 -0.59026700 1435.000000 26.000000 2881.000000 0.000000
2.82640004 1.56814301 -0.58720303 490.000000 8.000000 2854.000000 0.000000
2.90172100 1.79180503 -0.70938098 994.000000 11.000000 2774.000000 0.000000
2.88429999 1.75670898 -0.70204598 1955.000000 26.000000 2300.000000 0.000000
2.88749003 1.73445594 -0.70010400 2199.000000 30.000000 2002.000000 0.000000
2.88547301 1.70924604 -0.69686699 1968.000000 25.000000 1987.000000 0.000000
2.85458302 1.66739297 -0.68629497 1925.000000 25.000000 2204.000000 0.000000
2.81651807 1.62208903 -0.67399698 2159.000000 29.000000 2129.000000 0.000000
2.82386994 1.60333097 -0.67334998 1776.000000 22.000000 2151.000000 0.000000
2.84643793 1.59312201 -0.67658597 548.000000 5.000000 2524.000000 0.000000
-1.03147495 -2.65098596 -0.51156300 944.000000 14.000000 3397.000000 0.000000
-1.04772198 -2.64460707 -0.51156300 1196.000000 18.000000 3005.000000 0.000000
-1.06173396 -2.63266397 -0.51041400 439.000000 6.000000 5418.000000 0.000000
-1.15190601 -2.49535799 -0.49279600 318.000000 4.000000 5446.000000 0.000000
-1.16387105 -2.48112988 -0.49126399 730.000000 10.000000 5189.000000 0.000000
-1.17923403 -2.32512212 -0.46522099 1093.000000 13.000000 4575.000000 0.000000
-1.19885504 -2.32832193 -0.46751899 1765.000000 24.000000 4265.000000 0.000000
-1.21175802 -2.31831098 -0.46694499 2201.000000 32.000000 4177.000000 0.000000
-1.23421597 -2.32645106 -0.47039199 2011.000000 28.000000 4153.000000 0.000000
-1.25728405 -2.33526707 -0.47402999 1416.000000 21.000000 3155.000000 0.000000
-1.28613698 -2.35423207 -0.47996601 1309.000000 19.000000 2468.000000 0.000000
-1.31099904 -2.36519599 -0.48417899 556.000000 7.000000 3288.000000 0.000000
-1.18466401 -2.39630103 -0.54648399 1861.000000 19.000000 2729.000000 0.000000
-1.18487406 -2.36019707 -0.53936398 1946.000000 20.000000 2388.000000 0.000000
-1.18557298 -2.32592106 -0.53267598 2133.000000 19.000000 2182.000000 0.000000
-1.20027196 -2.31946898 -0.53289098 1843.000000 16.000000 1876.000000 0.000000
-1.21311796 -2.30946803 -0.53224403 2007.000000 18.000000 2038.000000 0.000000
-1.23646200 -2.31921005 -0.53655899 1809.000000 18.000000 1859.000000 0.000000
-1.25811005 -2.32531595 -0.54001099 1827.000000 18.000000 2009.000000 0.000000
-1.31374395 -2.39285493 -0.55899799 1312.000000 12.000000 2266.000000 0.000000
-1.19108605 -2.32107902 -0.59648800 1555.000000 24.000000 3559.000000 0.000000
-1.20530605 -2.31372595 -0.59648800 2290.000000 41.000000 4291.000000 0.000000
-1.21948004 -2.30628705 -0.59648800 2235.000000 39.000000 3617.000000 0.000000
-1.23727095 -2.30561209 -0.59839797 2096.000000 36.000000 3704.000000 0.000000
-1.25741601 -2.30907297 -0.60150099 1287.000000 19.000000 2301.000000 0.000000
-1.28092694 -2.31832790 -0.60627502 727.000000 10.000000 4070.000000 0.000000
-1.14817500 -2.39502096 -0.67853498 553.000000 4.000000 4567.000000 0.000000
-1.20245397 -2.32269812 -0.66748703 1626.000000 16.000000 3974.000000 0.000000
-1.21533501 -2.31271505 -0.66669798 2243.000000 25.000000 2948.000000 0.000000
-1.22541296 -2.29755497 -0.66433102 2379.000000 27.000000 2532.000000 0.000000
-1.24316502 -2.29677892 -0.66643500 1962.000000 20.000000 2845.000000 0.000000
-1.26095295 -2.29587102 -0.66853899 1087.000000 10.000000 3605.000000 0.000000
-1.11228395 -2.38902402 -0.73941600 940.000000 13.000000 4919.000000 0.000000
-1.12161100 -2.37088394 -0.73570198 1488.000000 23.000000 5078.000000 0.000000
-1.13324106 -2.35790706 -0.73370200 1171.000000 17.000000 4761.000000 0.000000
-1.19989800 -2.34731889 -0.73970097 1010.000000 14.000000 4509.000000 0.000000
-1.20591605 -2.32373810 -0.73427302 843.000000 12.000000 4924.000000 0.000000
-1.22148800 -2.31884098 -0.73513001 1544.000000 24.000000 4569.000000 0.000000
-1.23253906 -2.30538106 -0.73313099 1854.000000 30.000000 3605.000000 0.000000
-1.24574995 -2.29608893 -0.73255903 1932.000000 32.000000 3722.000000 0.000000
-1.25889301 -2.28672194 -0.73198801 1468.000000 22.000000 3717.000000 0.000000
-1.27523100 -2.28314090 -0.73341602 396.000000 5.000000 5063.000000 0.000000
-1.13494003 -2.36221790 -0.80703098 1125.000000 10.000000 3772.000000 0.000000
-1.15650904 -2.36973190 -0.81229901 909.000000 8.000000 3854.000000 0.000000
-1.20515299 -2.28856707 -0.79587698 2219.000000 24.000000 3230.000000 0.000000
-1.22276199 -2.28783488 -0.79835498 2832.000000 36.000000 3437.000000 0.000000
-1.23768401 -2.28196001 -0.79897499 2713.000000 33.000000 3368.000000 0.000000
-1.25441599 -2.27931905 -0.80083400 1699.000000 17.000000 3504.000000 0.000000
-1.14400101 -2.35470390 -0.87376100 937.000000 13.000000 4549.000000 0.000000
-1.15052199 -2.33155608 -0.86745298 576.000000 8.000000 4908.000000 0.000000
-1.21875000 -2.32435703 -0.87608498 710.000000 10.000000 3967.000000 0.000000
-1.21664095 -2.28600001 -0.86380100 1815.000000 30.000000 4072.000000 0.000000
-1.22662199 -2.27101493 -0.86081302 2356.000000 43.000000 4195.000000 0.000000
-1.23962903 -2.26179099 -0.86014903 1804.000000 29.000000 3322.000000 0.000000
-1.26216900 -2.26981902 -0.86645699 1124.000000 16.000000 3577.000000 0.000000
-1.13804805 -2.33093405 -0.93993098 1084.000000 10.000000 2986.000000 0.000000
-1.15191400 -2.32307100 -0.93957502 949.000000 8.000000 2924.000000 0.000000
-1.21343803 -2.33795810 -0.95524299 830.000000 7.000000 3116.000000 0.000000
-1.19811499 -2.27426505 -0.93102902 2278.000000 26.000000 3447.000000 0.000000
-1.20410800 -2.25204206 -0.92461902 3204.000000 46.000000 4096.000000 0.000000
-1.22236395 -2.25282192 -0.92817998 2691.000000 33.000000 3005.000000 0.000000
-1.23661494 -2.24609804 -0.92853600 2088.000000 23.000000 2985.000000 0.000000
-1.28230298 -2.29555798 -0.95346200 474.000000 4.000000 2242.000000 0.000000
-1.31503701 -2.28774810 -0.95702302 313.000000 2.000000 1803.000000 0.000000
-1.13670897 -2.31760192 -1.00377798 905.000000 13.000000 3589.000000 0.000000
-1.15584600 -2.32053804 -1.00830996 773.000000 10.000000 2976.000000 0.000000
-1.26706302 -2.43117189 -1.06911695 731.000000 11.000000 3251.000000 0.000000
-1.20726597 -2.28164291 -1.00377798 1484.000000 23.000000 3703.000000 0.000000
-1.20814002 -2.24969912 -0.99244797 2148.000000 37.000000 3883.000000 0.000000
-1.22545600 -2.24875402 -0.99546897 1917.000000 32.000000 3172.000000 0.000000
-1.23967695 -2.24200296 -0.99584699 1741.000000 28.000000 3312.000000 0.000000
-1.25386202 -2.23516297 -0.99622399 529.000000 7.000000 2812.000000 0.000000
-1.15387702 -2.32400203 -1.08837199 1580.000000 15.000000 3024.000000 0.000000
-1.21843898 -2.34461093 -1.10926497 1329.000000 14.000000 2843.000000 0.000000
-1.20243800 -2.27959895 -1.08073795 1861.000000 19.000000 3335.000000 0.000000
-1.20342398 -2.24796605 -1.06868398 2147.000000 24.000000 3141.000000 0.000000
-1.22375798 -2.25260592 -1.07471097 1876.000000 19.000000 2646.000000 0.000000
-1.23622894 -2.24264908 -1.07350600 1923.000000 20.000000 2973.000000 0.000000
-1.25802004 -2.24940395 -1.08073795 1393.000000 13.000000 2630.000000 0.000000
-1.20553899 -2.22580791 -1.13074696 1198.000000 18.000000 2559.000000 0.000000
0.83505100 -2.41881108 -0.52124000 459.000000 3.000000 3626.000000 0.000000
0.80519402 -2.37948489 -0.51088399 1251.000000 10.000000 3563.000000 0.000000
0.72586101 -2.38344598 -0.50635302 1882.000000 16.000000 2699.000000 0.000000
0.76644301 -2.33375311 -0.55901200 911.000000 10.000000 3182.000000 0.000000
0.74912000 -2.32917190 -0.55662501 1918.000000 27.000000 3918.000000 0.000000
0.73569399 -2.33650208 -0.55734098 2271.000000 34.000000 4404.000000 0.000000
0.72048098 -2.33819008 -0.55662501 1840.000000 25.000000 3142.000000 0.000000
0.70471197 -2.33791995 -0.55543202 1308.000000 16.000000 2064.000000 0.000000
0.69339001 -2.35244107 -0.55805701 1197.000000 14.000000 2236.000000 0.000000
0.68218702 -2.36784410 -0.56092203 406.000000 4.000000 3076.000000 0.000000
0.76660800 -2.31329608 -0.61882597 1271.000000 10.000000 3011.000000 0.000000
0.75061500 -2.31244898 -0.61724800 1848.000000 16.000000 2103.000000 0.000000
0.73903698 -2.32528806 -0.61961597 2287.000000 22.000000 2028.000000 0.000000
0.72733003 -2.33807111 -0.62198299 2566.000000 26.000000 2345.000000 0.000000
0.71212900 -2.33972001 -0.62119401 2841.000000 31.000000 3084.000000 0.000000
0.70160598 -2.35699391 -0.62487602 1786.000000 15.000000 2911.000000 0.000000
0.69977701 -2.40479994 -0.63723898 394.000000 2.000000 4263.000000 0.000000
0.74822998 -2.31414199 -0.67885000 1196.000000 15.000000 4666.000000 0.000000
0.73314500 -2.31594992 -0.67799300 2599.000000 42.000000 4570.000000 0.000000
0.71892101 -2.32040501 -0.67799300 2706.000000 45.000000 4223.000000 0.000000
0.70466900 -2.32477307 -0.67799300 2457.000000 38.000000 4077.000000 0.000000
0.69805998 -2.35476708 -0.68599200 1650.000000 22.000000 3590.000000 0.000000
0.69271803 -2.39028597 -0.69570500 482.000000 5.000000 4723.000000 0.000000
0.75603902 -2.28796601 -0.73824501 1003.000000 7.000000 4571.000000 0.000000
0.74344701 -2.29708600 -0.73979402 2574.000000 26.000000 3821.000000 0.000000
0.72962499 -2.30251002 -0.74010402 3181.000000 38.000000 3579.000000 0.000000
0.71576500 -2.30785298 -0.74041402 3229.000000 39.000000 3478.000000 0.000000
0.70131499 -2.31129098 -0.74010402 2746.000000 29.000000 3327.000000 0.000000
0.69980901 -2.35839796 -0.75466698 1410.000000 11.000000 3124.000000 0.000000
0.74674499 -2.29475904 -0.80171800 962.000000 11.000000 4396.000000 0.000000
0.73121202 -2.29480600 -0.80005801 2051.000000 29.000000 4369.000000 0.000000
0.71457601 -2.29115009 -0.79707003 2538.000000 40.000000 4288.000000 0.000000
0.70022702 -2.29459000 -0.79673803 2287.000000 34.000000 3780.000000 0.000000
0.69671601 -2.33407593 -0.80968601 1423.000000 18.000000 3255.000000 0.000000
0.69354302 -2.37631989 -0.82362902 549.000000 6.000000 4412.000000 0.000000
0.74985200 -2.27052402 -0.86266100 1002.000000 8.000000 4602.000000 0.000000
0.73389602 -2.26885700 -0.86016798 2644.000000 28.000000 4048.000000 0.000000
0.72108698 -2.27688193 -0.86159199 3327.000000 42.000000 4006.000000 0.000000
0.70682698 -2.28037095 -0.86123598 3243.000000 40.000000 3344.000000 0.000000
0.69525802 -2.29271507 -0.86444098 2128.000000 20.000000 3021.000000 0.000000
0.69841301 -2.35518003 -0.88758701 917.000000 7.000000 3520.000000 0.000000
0.72584701 -2.25928402 -0.91880000 1890.000000 27.000000 4092.000000 0.000000
0.71336699 -2.26810908 -0.92068899 2539.000000 41.000000 4034.000000 0.000000
0.69806701 -2.26802111 -0.91880000 2347.000000 36.000000 3663.000000 0.000000
0.68548000 -2.27669191 -0.92068899 1565.000000 21.000000 3169.000000 0.000000
0.68991101 -2.34299994 -0.94712597 647.000000 7.000000 3082.000000 0.000000
0.74074203 -2.24679995 -0.98792499 1926.000000 17.000000 4517.000000 0.000000
0.72581798 -2.24781609 -0.98631799 2484.000000 25.000000 4516.000000 0.000000
0.71063501 -2.24786091 -0.98430902 3060.000000 36.000000 4299.000000 0.000000
0.69871998 -2.25830412 -0.98712099 2579.000000 27.000000 3637.000000 0.000000
0.69120502 -2.28358698 -0.99676400 1672.000000 14.000000 3181.000000 0.000000
0.69404203 -2.34487009 -1.02287996 486.000000 3.000000 2707.000000 0.000000
0.76128799 -2.25398707 -1.05969405 989.000000 12.000000 3277.000000 0.000000
0.74286401 -2.24485898 -1.05292702 974.000000 12.000000 3524.000000 0.000000
0.71755803 -2.21405292 -1.03558695 1383.000000 18.000000 2733.000000 0.000000
0.70533699 -2.22272992 -1.03770101 2174.000000 32.000000 3795.000000 0.000000
0.69195598 -2.22788095 -1.03812397 2153.000000 32.000000 3356.000000 0.000000
0.68277800 -2.24681592 -1.04531395 1502.000000 20.000000 2910.000000 0.000000
0.66794097 -2.24748993 -1.04362297 1242.000000 16.000000 3008.000000 0.000000
0.76284498 -2.22801208 -1.12397897 1715.000000 15.000000 2354.000000 0.000000
0.74489802 -2.21992493 -1.11727905 1584.000000 13.000000 2317.000000 0.000000
0.73154199 -2.22530389 -1.11772597 1711.000000 15.000000 2084.000000 0.000000
0.71677899 -2.22634292 -1.11593902 2234.000000 22.000000 2304.000000 0.000000
0.69934601 -2.21875095 -1.10968602 1930.000000 17.000000 2269.000000 0.000000
0.68624598 -2.22470999 -1.11057901 1907.000000 17.000000 2339.000000 0.000000
0.67284000 -2.22973609 -1.11102605 1931.000000 17.000000 2171.000000 0.000000
0.66116798 -2.24068904 -1.11459899 1659.000000 14.000000 1934.000000 0.000000
0.65408701 -2.26791811 -1.12665904 1354.000000 11.000000 2133.000000 0.000000
2.88916612 -2.38861990 -0.50211400 711.000000 12.000000 4517.000000 0.000000
2.87065792 -2.40313005 -0.50139499 1004.000000 18.000000 3288.000000 0.000000
2.79805899 -2.31997609 -0.57782698 1307.000000 16.000000 3548.000000 0.000000
2.77697897 -2.33139396 -0.57631201 2222.000000 32.000000 3233.000000 0.000000
2.76937890 -2.35413790 -0.57782698 1848.000000 25.000000 2068.000000 0.000000
2.77803612 -2.39102888 -0.58304501 1602.000000 20.000000 1735.000000 0.000000
2.78039908 -2.42293000 -0.58691603 1748.000000 23.000000 1644.000000 0.000000
2.77213097 -2.44581699 -0.58843100 1434.000000 18.000000 2042.000000 0.000000
2.77029991 -2.47460508 -0.59146100 300.000000 3.000000 4143.000000 0.000000
2.78108406 -2.32339501 -0.66360903 1496.000000 29.000000 4122.000000 0.000000
2.76302505 -2.33724999 -0.66265202 1944.000000 40.000000 3051.000000 0.000000
2.76430106 -2.36754990 -0.66667300 1505.000000 29.000000 2413.000000 0.000000
2.76605105 -2.39859605 -0.67088598 1511.000000 29.000000 2253.000000 0.000000
2.75866389 -2.42199111 -0.67280102 1591.000000 31.000000 2592.000000 0.000000
2.74448490 -2.43952298 -0.67299199 797.000000 14.000000 4553.000000 0.000000
2.78253794 -2.27923012 -0.75059098 358.000000 4.000000 4529.000000 0.000000
2.78427911 -2.30935597 -0.75512201 1601.000000 21.000000 3589.000000 0.000000
2.75959206 -2.31760192 -0.75210100 2189.000000 32.000000 2953.000000 0.000000
2.75647402 -2.34398293 -0.75533801 1361.000000 17.000000 2392.000000 0.000000
2.78198504 -2.39527011 -0.76698899 1568.000000 20.000000 1930.000000 0.000000
2.77385807 -2.41807199 -0.76893097 1641.000000 21.000000 2514.000000 0.000000
2.76116395 -2.43698597 -0.76957798 445.000000 5.000000 5106.000000 0.000000
2.78702807 -2.29300809 -0.84235299 679.000000 11.000000 4346.000000 0.000000
2.76244998 -2.30137491 -0.83901101 1337.000000 25.000000 3152.000000 0.000000
2.75050592 -2.32015800 -0.83972698 1353.000000 25.000000 3287.000000 0.000000
2.76873994 -2.36470509 -0.85022998 1137.000000 20.000000 2561.000000 0.000000
2.77329397 -2.39814401 -0.85643601 1305.000000 24.000000 2314.000000 0.000000
2.76218390 -2.41830897 -0.85762900 1253.000000 23.000000 3435.000000 0.000000
2.77976990 -2.27776504 -0.93420100 1314.000000 16.000000 2946.000000 0.000000
2.75831890 -2.28861499 -0.93157101 1760.000000 23.000000 2497.000000 0.000000
2.76046991 -2.31915593 -0.93735701 1631.000000 21.000000 2601.000000 0.000000
2.76528907 -2.35230994 -0.94419599 1522.000000 19.000000 1868.000000 0.000000
2.77711201 -2.39190888 -0.95366502 1692.000000 22.000000 2037.000000 0.000000
2.77110600 -2.41651702 -0.95682198 694.000000 8.000000 4116.000000 0.000000
2.81310892 -2.24996090 -1.02767503 157.000000 2.000000 2121.000000 0.000000
2.77689004 -2.24910998 -1.01910496 200.000000 3.000000 2405.000000 0.000000
2.76451993 -2.26732111 -1.01967597 828.000000 14.000000 3078.000000 0.000000
2.73948693 -2.27506900 -1.01539099 1385.000000 26.000000 2875.000000 0.000000
2.73795700 -2.30230689 -1.02024698 1562.000000 30.000000 2911.000000 0.000000
2.75007200 -2.34139895 -1.03053200 1224.000000 22.000000 2432.000000 0.000000
2.75381804 -2.37385106 -1.03767395 1314.000000 24.000000 2536.000000 0.000000
2.74570489 -2.39636803 -1.04024601 847.000000 15.000000 3291.000000 0.000000
2.83388090 -2.24019408 -1.13020098 672.000000 7.000000 3143.000000 0.000000
2.78223896 -2.22722197 -1.11439896 1329.000000 17.000000 3468.000000 0.000000
2.76556706 -2.24185610 -1.11316001 1474.000000 19.000000 2625.000000 0.000000
2.74588203 -2.25395489 -1.11068106 1455.000000 18.000000 2183.000000 0.000000
2.74515700 -2.28170490 -1.11625803 1676.000000 22.000000 1957.000000 0.000000
2.73983192 -2.30585599 -1.11997700 1591.000000 21.000000 1903.000000 0.000000
2.74733496 -2.34113193 -1.12927198 1532.000000 20.000000 1782.000000 0.000000
2.76818109 -2.38839293 -1.14445400 1192.000000 15.000000 2278.000000 0.000000
