-0.54480201 -1.84488106 -0.62941098 691.000000 5.000000 242.000000 0.000000
-0.53617001 -1.80776596 -0.67001802 869.000000 4.000000 167.000000 0.000000
-0.54616499 -1.80086601 -0.66859400 997.000000 5.000000 137.000000 0.000000
-0.55526298 -1.79123402 -0.66610098 1195.000000 6.000000 203.000000 0.000000
-0.56878901 -1.79580903 -0.66930598 621.000000 3.000000 170.000000 0.000000
-0.57893199 -1.78961897 -0.66823798 1261.000000 7.000000 206.000000 0.000000
-0.53831297 -1.79785597 -0.71636403 878.000000 6.000000 284.000000 0.000000
-0.55014199 -1.79717696 -0.71749699 932.000000 7.000000 275.000000 0.000000
-0.55978602 -1.78934598 -0.71560901 1294.000000 10.000000 235.000000 0.000000
-0.57159400 -1.78852606 -0.71674198 951.000000 7.000000 259.000000 0.000000
-0.58113098 -1.78058004 -0.71485299 890.000000 6.000000 225.000000 0.000000
-0.53666902 -1.80603194 -0.77658403 715.000000 3.000000 191.000000 0.000000
-0.54480499 -1.79306901 -0.77216500 1529.000000 9.000000 244.000000 0.000000
-0.55579698 -1.78969300 -0.77216500 1005.000000 5.000000 203.000000 0.000000
-0.56982100 -1.79584801 -0.77658403 1505.000000 9.000000 238.000000 0.000000
-0.57686800 -1.78012502 -0.77095902 1688.000000 10.000000 232.000000 0.000000
-0.54778600 -1.72893202 -0.79578298 1340.000000 11.000000 271.000000 0.000000
-0.57638800 -1.78161895 -0.82327402 843.000000 6.000000 263.000000 0.000000
-0.58900303 -1.78321600 -0.82581103 755.000000 5.000000 244.000000 0.000000
-0.53446299 -1.79299295 -0.88233298 1116.000000 6.000000 247.000000 0.000000
-0.54702300 -1.79481304 -0.88501298 1261.000000 7.000000 259.000000 0.000000
-0.56042600 -1.79910898 -0.88903302 1622.000000 10.000000 265.000000 0.000000
-0.56819099 -1.78540802 -0.88367301 1934.000000 13.000000 250.000000 0.000000
-0.58329302 -1.79464900 -0.89037299 1643.000000 10.000000 255.000000 0.000000
-0.54089803 -1.80466604 -0.94389898 570.000000 5.000000 317.000000 0.000000
-0.54784799 -1.78778005 -0.93641901 951.000000 8.000000 340.000000 0.000000
-0.55880702 -1.78438497 -0.93641901 888.000000 8.000000 305.000000 0.000000
-0.57215202 -1.78850603 -0.94062698 1319.000000 13.000000 332.000000 0.000000
-0.58338797 -1.78580201 -0.94109398 1507.000000 15.000000 319.000000 0.000000
-0.59766799 -1.79226005 -0.94670397 740.000000 6.000000 259.000000 0.000000
-0.53866899 -1.80141902 -1.00557697 909.000000 5.000000 264.000000 0.000000
-0.54358399 -1.77808702 -0.99379897 1126.000000 7.000000 298.000000 0.000000
-0.55813003 -1.78635895 -1.00066900 1469.000000 9.000000 287.000000 0.000000
-0.56828398 -1.78041101 -0.99919701 2052.000000 15.000000 286.000000 0.000000
-0.57784498 -1.77274895 -0.99674302 1725.000000 12.000000 333.000000 0.000000
-0.54612398 -1.80554497 -1.06637502 794.000000 7.000000 365.000000 0.000000
-0.55391598 -1.79147398 -1.05973601 1077.000000 10.000000 337.000000 0.000000
-0.56155503 -1.77737606 -1.05309701 1254.000000 12.000000 324.000000 0.000000
-0.57271302 -1.77471602 -1.05360699 1352.000000 13.000000 294.000000 0.000000
-0.58305699 -1.76953399 -1.05258596 1221.000000 12.000000 345.000000 0.000000
-0.53393698 -1.78006995 -1.11819100 719.000000 4.000000 327.000000 0.000000
-0.54484898 -1.77675998 -1.11819100 1048.000000 6.000000 320.000000 0.000000
-0.55903602 -1.78386998 -1.12513196 1633.000000 11.000000 293.000000 0.000000
-0.56428599 -1.76269495 -1.11338603 1495.000000 10.000000 347.000000 0.000000
-0.54403198 -1.78552997 -1.18418300 805.000000 7.000000 330.000000 0.000000
-0.55276603 -1.77499604 -1.17920196 1055.000000 10.000000 338.000000 0.000000
-0.56339598 -1.77077603 -1.17864895 1083.000000 10.000000 323.000000 0.000000
-0.57425100 -1.76728594 -1.17864895 1080.000000 10.000000 398.000000 0.000000
1.17379904 -1.57842100 -0.64468300 1754.000000 15.000000 240.000000 0.000000
1.14398599 -1.61983097 -0.65032703 945.000000 7.000000 194.000000 0.000000
1.14809203 -1.64691103 -0.65895897 1720.000000 17.000000 263.000000 0.000000
1.12831199 -1.63995600 -0.65298301 2104.000000 23.000000 259.000000 0.000000
1.11663401 -1.64451003 -0.65198702 2084.000000 19.000000 319.000000 0.000000
1.12706399 -1.68184996 -0.66493499 1790.000000 18.000000 244.000000 0.000000
1.11620104 -1.68794799 -0.66460299 1863.000000 19.000000 246.000000 0.000000
1.07583404 -1.64900601 -0.64534700 2003.000000 18.000000 252.000000 0.000000
1.10222495 -1.60643196 -0.69387603 819.000000 4.000000 202.000000 0.000000
1.11642396 -1.64877403 -0.71025598 2123.000000 15.000000 188.000000 0.000000
1.09816206 -1.66547203 -0.71168000 2500.000000 19.000000 234.000000 0.000000
1.07830799 -1.70277905 -0.71951401 2223.000000 16.000000 159.000000 0.000000
1.09020996 -1.66219997 -0.76168603 2130.000000 24.000000 272.000000 0.000000
1.08857000 -1.68205500 -0.76810598 2585.000000 32.000000 261.000000 0.000000
1.06873000 -1.67389500 -0.76093000 2411.000000 28.000000 256.000000 0.000000
1.06140995 -1.68511498 -0.76319599 2783.000000 36.000000 281.000000 0.000000
1.06557596 -1.61779797 -0.79988801 990.000000 6.000000 159.000000 0.000000
1.05601203 -1.64694798 -0.80832601 2195.000000 16.000000 216.000000 0.000000
1.04833102 -1.65726805 -0.81033498 3031.000000 27.000000 205.000000 0.000000
1.06632900 -1.63858294 -0.86176097 560.000000 4.000000 251.000000 0.000000
1.06951797 -1.66565394 -0.87317997 1511.000000 15.000000 240.000000 0.000000
1.05489898 -1.66530502 -0.86937398 2319.000000 27.000000 277.000000 0.000000
1.02346003 -1.63797998 -0.85076398 2545.000000 31.000000 260.000000 0.000000
1.02642906 -1.68830705 -0.87148798 2194.000000 25.000000 236.000000 0.000000
1.07755995 -1.66123295 -0.93682599 1062.000000 6.000000 258.000000 0.000000
1.05385697 -1.64670300 -0.92431903 2385.000000 18.000000 198.000000 0.000000
1.04707301 -1.65843701 -0.92744601 3146.000000 30.000000 244.000000 0.000000
1.03687799 -1.66483104 -0.92744601 3053.000000 28.000000 269.000000 0.000000
1.02898204 -1.67497504 -0.92967898 2777.000000 24.000000 286.000000 0.000000
1.01405394 -1.67360198 -0.92521298 2147.000000 16.000000 205.000000 0.000000
1.00326204 -1.63833201 -0.96353298 1531.000000 15.000000 265.000000 0.000000
1.02766705 -1.60876596 -1.02177203 1317.000000 8.000000 216.000000 0.000000
1.02427197 -1.62536597 -1.02864206 2041.000000 15.000000 242.000000 0.000000
1.00890899 -1.61213303 -1.07556701 1241.000000 12.000000 336.000000 0.000000
1.03164804 -1.59635997 -1.14488697 817.000000 5.000000 326.000000 0.000000
1.02728200 -1.61121905 -1.15129399 1509.000000 10.000000 219.000000 0.000000
0.98095500 -1.55949104 -1.10804701 1235.000000 8.000000 212.000000 0.000000
0.99986303 -1.61148500 -1.14221704 1507.000000 10.000000 193.000000 0.000000
0.96835601 -1.58223403 -1.11605597 1522.000000 10.000000 231.000000 0.000000
0.99890399 -1.58172095 -1.18694997 1015.000000 9.000000 373.000000 0.000000
0.96928501 -1.55605602 -1.16204703 927.000000 8.000000 372.000000 0.000000
0.97285199 -1.58323097 -1.17864895 839.000000 8.000000 316.000000 0.000000
0.95445102 -1.57494605 -1.16758096 807.000000 7.000000 334.000000 0.000000
0.93000501 -1.52299201 -1.20014799 962.000000 6.000000 343.000000 0.000000
