0.53933299 3.84766006 0.59832901 374.000000 6.000000 292.000000 3.000000
0.60527700 3.80677795 0.59387600 1390.000000 26.000000 244.000000 3.000000
0.62910497 3.80592203 0.59430701 894.000000 15.000000 210.000000 3.000000
0.65044898 3.79028392 0.59258300 127.000000 2.000000 189.000000 3.000000
0.54085302 3.82710195 0.50129002 1413.000000 18.000000 229.000000 3.000000
0.56272697 3.81290793 0.49997300 721.000000 8.000000 217.000000 3.000000
0.56773901 3.86322808 0.41227600 923.000000 16.000000 291.000000 3.000000
0.59277999 3.86852694 0.41314000 718.000000 12.000000 249.000000 3.000000
0.68806201 3.85575509 0.41342801 842.000000 14.000000 372.000000 3.000000
0.71170700 3.85146093 0.41342801 930.000000 16.000000 245.000000 3.000000
0.60479599 3.93960905 0.32265100 1070.000000 12.000000 210.000000 3.000000
0.69338500 3.87939906 0.31942600 509.000000 5.000000 178.000000 3.000000
0.64814901 3.90071392 0.22683901 954.000000 16.000000 308.000000 3.000000
0.72598797 3.92152309 0.22847100 855.000000 14.000000 294.000000 3.000000
0.74405599 3.88559604 0.22693500 1044.000000 18.000000 296.000000 3.000000
0.78352600 3.83604002 0.22496800 683.000000 11.000000 271.000000 3.000000
0.81282097 3.98071003 0.13330300 953.000000 11.000000 333.000000 3.000000
0.83269203 3.95412803 0.13278501 740.000000 8.000000 179.000000 3.000000
0.85799998 3.95382810 0.13290299 690.000000 8.000000 163.000000 3.000000
1.36264396 3.82115602 0.13316201 393.000000 4.000000 556.000000 3.000000
0.81679100 3.87763309 0.03819500 1106.000000 20.000000 299.000000 3.000000
0.84732503 3.90382695 0.03819500 864.000000 15.000000 257.000000 3.000000
0.87582302 3.91905308 0.03819500 806.000000 14.000000 293.000000 3.000000
0.90386999 3.93115211 0.03819500 1073.000000 19.000000 236.000000 3.000000
1.32606399 3.86771607 0.03819500 708.000000 12.000000 252.000000 3.000000
1.35767198 3.88216805 0.03819500 576.000000 9.000000 182.000000 3.000000
1.38280702 3.87753296 0.03819500 619.000000 10.000000 242.000000 3.000000
1.40657306 3.86897612 0.03819500 1058.000000 19.000000 211.000000 3.000000
1.43548501 3.87434292 0.03819500 1209.000000 22.000000 313.000000 3.000000
0.91740698 3.99373794 -0.06129000 972.000000 11.000000 181.000000 3.000000
0.93338102 3.95203805 -0.06038600 1392.000000 17.000000 235.000000 3.000000
0.76143801 3.85314989 -0.24550800 1221.000000 15.000000 169.000000 3.000000
0.78826201 3.86403990 -0.24666899 578.000000 6.000000 200.000000 3.000000
0.82018298 3.89816809 -0.24957000 897.000000 10.000000 362.000000 3.000000
0.86080700 3.97005892 -0.25530100 665.000000 7.000000 162.000000 3.000000
0.88710898 3.97346306 -0.25595400 718.000000 8.000000 287.000000 3.000000
0.91527402 3.98446798 -0.25718701 706.000000 8.000000 240.000000 3.000000
0.69876099 3.79210401 -0.33118099 785.000000 13.000000 204.000000 3.000000
0.72943199 3.82686400 -0.33502200 566.000000 9.000000 189.000000 3.000000
1.20835400 3.93344688 -0.55527002 993.000000 17.000000 228.000000 3.000000
1.27471602 3.89266396 -0.55254000 206.000000 3.000000 136.000000 3.000000
1.29075599 3.86129689 -0.54894900 823.000000 14.000000 181.000000 3.000000
1.32015896 3.87017012 -0.55153501 1267.000000 23.000000 201.000000 3.000000
1.34712398 3.87134600 -0.55297101 1117.000000 20.000000 194.000000 3.000000
1.07531404 3.99733996 -0.66400498 980.000000 11.000000 131.000000 3.000000
0.65098399 3.98228002 -0.74384499 587.000000 9.000000 172.000000 3.000000
0.66038001 3.88917208 -0.72622800 914.000000 16.000000 155.000000 3.000000
