2.65454292 1.57319403 -0.48407400 1636.000000 18.000000 341.000000 0.000000
2.69819689 1.57675600 -0.49080700 2423.000000 32.000000 205.000000 0.000000
2.70953012 1.56115401 -0.49114299 2311.000000 29.000000 220.000000 0.000000
2.72848797 1.54985094 -0.49299499 1988.000000 24.000000 197.000000 0.000000
2.75515199 1.54270506 -0.49636099 944.000000 9.000000 198.000000 0.000000
2.66332507 1.67618299 -0.57054299 278.000000 4.000000 552.000000 0.000000
2.62523293 1.62972295 -0.55943602 723.000000 11.000000 365.000000 0.000000
2.63183808 1.61152995 -0.55866998 692.000000 10.000000 384.000000 0.000000
2.65426898 1.60297799 -0.56154299 456.000000 6.000000 383.000000 0.000000
2.73399305 1.62843597 -0.57743698 341.000000 5.000000 422.000000 0.000000
2.65701509 1.53856897 -0.55560601 625.000000 9.000000 504.000000 0.000000
2.73454499 1.56125402 -0.57092601 1314.000000 22.000000 353.000000 0.000000
2.75432992 1.55023503 -0.57322401 1147.000000 18.000000 356.000000 0.000000
2.79552388 1.55096304 -0.58030897 564.000000 8.000000 349.000000 0.000000
2.82581091 1.67393601 -0.68154901 795.000000 8.000000 169.000000 0.000000
2.73904395 1.59996700 -0.65673602 1539.000000 17.000000 149.000000 0.000000
2.73950005 1.57777405 -0.65436298 1767.000000 20.000000 247.000000 0.000000
2.77314401 1.55213904 -0.65803099 1166.000000 12.000000 272.000000 0.000000
2.83649111 1.56478703 -0.67162400 773.000000 8.000000 160.000000 0.000000
2.89151502 1.57205403 -0.68305898 316.000000 3.000000 187.000000 0.000000
2.75121307 1.73697698 -0.75498700 181.000000 2.000000 453.000000 0.000000
2.62838411 1.63673401 -0.71631700 649.000000 9.000000 433.000000 0.000000
2.64416599 1.62414098 -0.71798801 1008.000000 16.000000 416.000000 0.000000
2.66819000 1.61645806 -0.72204602 783.000000 12.000000 417.000000 0.000000
2.77216792 1.61058104 -0.74329102 953.000000 16.000000 377.000000 0.000000
2.76347303 1.58289897 -0.73803902 1141.000000 20.000000 409.000000 0.000000
2.77735901 1.56830597 -0.73923302 1390.000000 25.000000 433.000000 0.000000
2.78438592 1.54981399 -0.73851699 1108.000000 19.000000 388.000000 0.000000
2.81426191 1.54393601 -0.74424601 478.000000 7.000000 433.000000 0.000000
2.64600897 1.61107504 -0.79900301 1480.000000 16.000000 173.000000 0.000000
2.77605104 1.62091994 -0.83082998 1413.000000 16.000000 161.000000 0.000000
2.77005506 1.59471703 -0.82583201 1795.000000 22.000000 166.000000 0.000000
2.78314495 1.57959294 -0.82688397 1927.000000 25.000000 155.000000 0.000000
2.79615307 1.56436896 -0.82793599 1828.000000 23.000000 188.000000 0.000000
2.79978395 1.54392397 -0.82609499 1018.000000 11.000000 185.000000 0.000000
2.91094995 1.58195698 -0.85765898 556.000000 5.000000 129.000000 0.000000
2.63141394 1.64432204 -0.87883198 699.000000 10.000000 459.000000 0.000000
2.63819289 1.62612998 -0.87768900 941.000000 15.000000 453.000000 0.000000
2.64975810 1.61090899 -0.87826002 906.000000 14.000000 485.000000 0.000000
2.80577898 1.68252695 -0.92911297 426.000000 6.000000 509.000000 0.000000
2.80757999 1.56850004 -0.91254300 622.000000 10.000000 531.000000 0.000000
2.80792308 1.54614699 -0.90939999 763.000000 12.000000 494.000000 0.000000
2.88721895 1.56691396 -0.93311203 405.000000 6.000000 545.000000 0.000000
2.90438008 1.55324602 -0.93568403 496.000000 8.000000 549.000000 0.000000
2.87572908 1.51524603 -0.92282802 598.000000 9.000000 422.000000 0.000000
2.79586411 1.60634196 -1.00378394 375.000000 3.000000 121.000000 0.000000
2.79904795 1.58541095 -1.00130498 1662.000000 20.000000 154.000000 0.000000
2.81121397 1.56959605 -1.00223505 1865.000000 24.000000 192.000000 0.000000
2.82412505 1.55414903 -1.00347400 1340.000000 15.000000 208.000000 0.000000
2.86119509 1.55173802 -1.01369905 1041.000000 11.000000 156.000000 0.000000
2.87905002 1.53863096 -1.01679802 834.000000 9.000000 234.000000 0.000000
2.97510695 1.56652796 -1.04871202 643.000000 7.000000 204.000000 0.000000
-0.82577097 -1.92631900 -0.75013798 1578.000000 10.000000 244.000000 0.000000
-0.85552698 -1.96232104 -0.76722997 2749.000000 23.000000 251.000000 0.000000
-0.86982697 -1.96215904 -0.76936603 3011.000000 27.000000 233.000000 0.000000
-0.88300401 -1.95933998 -0.77043402 3163.000000 29.000000 265.000000 0.000000
-0.89384001 -1.95133698 -0.76936603 2394.000000 18.000000 312.000000 0.000000
-0.89118499 -1.91447997 -0.75619102 1863.000000 13.000000 236.000000 0.000000
-0.95327598 -1.92299998 -0.76936603 2003.000000 14.000000 209.000000 0.000000
-0.97263002 -1.93213403 -0.77577603 2774.000000 26.000000 235.000000 0.000000
-0.98404098 -1.92529798 -0.77542001 2690.000000 25.000000 259.000000 0.000000
-0.84511501 -1.99289501 -0.83382201 1364.000000 15.000000 237.000000 0.000000
-0.84929502 -1.96895194 -0.82551301 1872.000000 22.000000 231.000000 0.000000
-0.86062002 -1.96200705 -0.82475799 1827.000000 22.000000 235.000000 0.000000
-0.87226701 -1.95584297 -0.82437998 1891.000000 23.000000 257.000000 0.000000
-0.88234800 -1.94623399 -0.82249200 2141.000000 27.000000 282.000000 0.000000
-0.89234400 -1.93657398 -0.82060403 2283.000000 30.000000 251.000000 0.000000
-0.90694702 -1.93693805 -0.82324702 2153.000000 27.000000 261.000000 0.000000
-0.92079598 -1.93552101 -0.82513601 1483.000000 16.000000 243.000000 0.000000
-0.94389099 -1.95319903 -0.83571100 921.000000 9.000000 224.000000 0.000000
-0.95260602 -1.94071496 -0.83268899 446.000000 4.000000 213.000000 0.000000
-0.96655399 -1.93898106 -0.83457798 1302.000000 14.000000 209.000000 0.000000
-0.97926599 -1.93466794 -0.83533299 2095.000000 26.000000 213.000000 0.000000
-0.99280500 -1.93192005 -0.83684403 2043.000000 25.000000 226.000000 0.000000
-1.00122702 -1.91921794 -0.83382201 1263.000000 13.000000 261.000000 0.000000
-1.03461695 -1.89720798 -0.83231199 1266.000000 13.000000 284.000000 0.000000
-0.80874598 -1.98379898 -0.88988900 962.000000 6.000000 231.000000 0.000000
-0.82441700 -1.98725605 -0.89390600 1402.000000 10.000000 243.000000 0.000000
-0.83374202 -1.97541201 -0.89069200 1845.000000 14.000000 294.000000 0.000000
-0.83897400 -1.95427597 -0.88305801 2236.000000 19.000000 261.000000 0.000000
-0.85131598 -1.94992995 -0.88345999 2259.000000 19.000000 266.000000 0.000000
-0.86140400 -1.94048595 -0.88145101 2082.000000 17.000000 270.000000 0.000000
-0.87178600 -1.93182600 -0.87984401 1766.000000 13.000000 250.000000 0.000000
-0.88400501 -1.92727304 -0.88024598 1738.000000 13.000000 276.000000 0.000000
-0.90588701 -1.94338596 -0.89069200 1174.000000 8.000000 246.000000 0.000000
-0.93035400 -1.96426594 -0.90354902 664.000000 4.000000 232.000000 0.000000
-0.95116800 -1.94612205 -0.90033501 945.000000 6.000000 265.000000 0.000000
-0.96145999 -1.93696904 -0.89872801 2059.000000 16.000000 281.000000 0.000000
-0.97373998 -1.93184996 -0.89912999 2294.000000 19.000000 265.000000 0.000000
-0.98390400 -1.92258000 -0.89752299 2033.000000 16.000000 246.000000 0.000000
-1.00498199 -1.93437803 -0.90636200 1122.000000 7.000000 242.000000 0.000000
-1.02846003 -1.81326795 -0.86457598 595.000000 3.000000 203.000000 0.000000
-0.79560000 -1.99133098 -0.95015401 594.000000 5.000000 291.000000 0.000000
-0.80848300 -1.98809195 -0.95099998 562.000000 5.000000 271.000000 0.000000
-0.81652802 -1.97303796 -0.94592500 1547.000000 17.000000 292.000000 0.000000
-0.82686901 -1.96381199 -0.94380999 1706.000000 20.000000 264.000000 0.000000
-0.83819300 -1.95703399 -0.94296402 1779.000000 21.000000 285.000000 0.000000
-0.84622300 -1.94270802 -0.93831199 1911.000000 23.000000 280.000000 0.000000
-0.85630101 -1.93333304 -0.93619698 2104.000000 26.000000 261.000000 0.000000
-0.87148100 -1.93548501 -0.94000399 1761.000000 21.000000 267.000000 0.000000
-0.88634402 -1.93669903 -0.94338697 1202.000000 13.000000 247.000000 0.000000
-0.91343200 -1.96412003 -0.96030402 451.000000 4.000000 220.000000 0.000000
-0.94281602 -1.99538004 -0.97933698 232.000000 2.000000 230.000000 0.000000
-0.96336198 -1.94517601 -0.96241897 1687.000000 20.000000 230.000000 0.000000
-0.97041202 -1.92950404 -0.95734400 1972.000000 24.000000 250.000000 0.000000
-0.98428601 -1.92755198 -0.95945901 1746.000000 20.000000 276.000000 0.000000
-0.99941802 -1.92791903 -0.96284199 1304.000000 14.000000 184.000000 0.000000
-0.81751603 -1.93239498 -0.99578601 2163.000000 18.000000 382.000000 0.000000
-0.82935798 -1.92734206 -0.99578601 2107.000000 17.000000 311.000000 0.000000
-0.84440100 -1.92959201 -0.99980599 1680.000000 13.000000 305.000000 0.000000
-0.85294700 -1.91701901 -0.99578601 1103.000000 7.000000 567.000000 0.000000
-0.99243301 -1.87806106 -1.00873899 220.000000 1.000000 243.000000 0.000000
-0.72646302 -1.93887997 -1.04253495 433.000000 4.000000 660.000000 0.000000
-0.77362400 -1.85367000 -1.00981200 926.000000 8.000000 316.000000 0.000000
-0.81832600 -1.92788899 -1.05515599 1752.000000 21.000000 301.000000 0.000000
-0.82839602 -1.91876996 -1.05281901 1460.000000 16.000000 314.000000 0.000000
-0.92010403 -1.96376598 -1.09442306 261.000000 2.000000 220.000000 0.000000
-0.95182502 -1.93776095 -1.08928096 865.000000 9.000000 263.000000 0.000000
-0.76473200 -1.93405998 -1.11795902 1111.000000 7.000000 467.000000 0.000000
-0.76745999 -1.90670502 -1.10421801 1265.000000 9.000000 635.000000 0.000000
-0.79039401 -1.92936599 -1.12090397 1568.000000 12.000000 326.000000 0.000000
-0.79415900 -1.90518403 -1.10912502 1883.000000 15.000000 355.000000 0.000000
-0.81435102 -1.92032301 -1.12139404 1528.000000 11.000000 317.000000 0.000000
-0.83130300 -1.92728806 -1.12875605 878.000000 6.000000 388.000000 0.000000
-0.86804199 -1.94637501 -1.14691305 740.000000 5.000000 721.000000 0.000000
-0.95960802 -1.98549294 -1.18862700 1141.000000 9.000000 436.000000 0.000000
-0.94409198 -1.92327094 -1.15329301 1710.000000 13.000000 355.000000 0.000000
-0.94925803 -1.90418994 -1.14495003 1590.000000 12.000000 548.000000 0.000000
-0.95619601 -1.88900399 -1.13906097 1564.000000 12.000000 662.000000 0.000000
-0.97534603 -1.89782000 -1.14838600 971.000000 6.000000 548.000000 0.000000
-0.75910699 -1.97410703 -1.20221901 708.000000 7.000000 312.000000 0.000000
-0.75810802 -1.93576097 -1.18077004 1031.000000 11.000000 262.000000 0.000000
-0.77250600 -1.93746698 -1.18485498 1280.000000 14.000000 266.000000 0.000000
-0.77955502 -1.92073095 -1.17719495 1148.000000 12.000000 339.000000 0.000000
-0.79197800 -1.91750205 -1.17821598 901.000000 9.000000 557.000000 0.000000
-0.97580600 -2.13754392 -1.34163797 436.000000 5.000000 310.000000 0.000000
-0.95003498 -1.95199704 -1.23541403 917.000000 11.000000 352.000000 0.000000
-0.95440602 -1.93070102 -1.22520006 1255.000000 16.000000 282.000000 0.000000
-0.96854001 -1.92942297 -1.22826397 1079.000000 13.000000 293.000000 0.000000
-0.97880501 -1.92037702 -1.22622204 1111.000000 14.000000 244.000000 0.000000
-1.03425503 -1.99918306 -1.28290904 686.000000 8.000000 295.000000 0.000000
-0.73342800 -1.95448506 -1.26288104 639.000000 4.000000 384.000000 0.000000
-0.73512298 -1.92310202 -1.24472797 1223.000000 9.000000 341.000000 0.000000
-0.74875301 -1.92328095 -1.24793196 1102.000000 8.000000 398.000000 0.000000
-0.75835502 -1.91314995 -1.24419403 1319.000000 9.000000 368.000000 0.000000
-0.77103001 -1.91081297 -1.24579597 1267.000000 9.000000 325.000000 0.000000
-0.78402698 -1.90917301 -1.24793196 1041.000000 7.000000 321.000000 0.000000
-0.78952301 -1.88950801 -1.23778701 545.000000 3.000000 352.000000 0.000000
-0.93247199 -1.92520905 -1.29544902 1246.000000 10.000000 275.000000 0.000000
-0.94576299 -1.92248499 -1.29758501 1351.000000 11.000000 324.000000 0.000000
-0.95564902 -1.91286504 -1.29491603 1306.000000 11.000000 296.000000 0.000000
-0.96890002 -1.90998006 -1.29705095 1175.000000 9.000000 263.000000 0.000000
-0.72742200 -1.95110703 -1.32751095 688.000000 8.000000 413.000000 0.000000
-0.75501502 -1.91644502 -1.31256998 693.000000 7.000000 351.000000 0.000000
-0.76645100 -1.91100299 -1.31201601 938.000000 10.000000 317.000000 0.000000
-0.77910203 -1.90857995 -1.31367600 769.000000 8.000000 348.000000 0.000000
-0.81495398 -1.96227503 -1.35573399 610.000000 7.000000 295.000000 0.000000
-0.94358802 -1.92883098 -1.37067604 1033.000000 13.000000 303.000000 0.000000
-0.95688200 -1.92599201 -1.37288904 878.000000 10.000000 252.000000 0.000000
-0.96531898 -1.91338396 -1.36790895 969.000000 12.000000 232.000000 0.000000
0.89586598 -1.96755099 -0.83268899 825.000000 8.000000 305.000000 0.000000
0.90088302 -2.01100492 -0.84968501 311.000000 3.000000 304.000000 0.000000
0.84240800 -1.91235995 -0.80322999 889.000000 8.000000 300.000000 0.000000
0.95424098 -1.81417298 -0.84930801 1625.000000 11.000000 208.000000 0.000000
0.94267100 -1.81918097 -0.84890598 1885.000000 13.000000 234.000000 0.000000
0.92608601 -1.81432402 -0.84368300 1876.000000 13.000000 279.000000 0.000000
0.90735799 -1.86152899 -0.85854900 563.000000 3.000000 217.000000 0.000000
0.89077598 -1.85632598 -0.85332602 751.000000 4.000000 213.000000 0.000000
0.88913298 -1.88246298 -0.86337101 839.000000 5.000000 223.000000 0.000000
0.91919500 -1.97759402 -0.90676397 846.000000 5.000000 176.000000 0.000000
0.90818501 -1.98569596 -0.90796900 836.000000 5.000000 211.000000 0.000000
0.88172501 -1.95948899 -0.89270103 469.000000 3.000000 189.000000 0.000000
0.82712299 -1.86853695 -0.84649497 1673.000000 11.000000 227.000000 0.000000
0.81491202 -1.87189698 -0.84569198 1773.000000 12.000000 220.000000 0.000000
0.80413002 -1.87854695 -0.84649497 1510.000000 10.000000 237.000000 0.000000
0.80854702 -1.92143798 -0.86457598 1072.000000 6.000000 162.000000 0.000000
1.04344404 -1.92199802 -0.97003198 603.000000 6.000000 233.000000 0.000000
0.99645501 -1.86291301 -0.93535101 429.000000 4.000000 238.000000 0.000000
0.96549797 -1.83215499 -0.91589600 1200.000000 11.000000 268.000000 0.000000
0.95759100 -1.84447205 -0.91927999 1923.000000 21.000000 263.000000 0.000000
0.94418401 -1.84628296 -0.91716498 1982.000000 21.000000 293.000000 0.000000
0.90050602 -1.78817201 -0.88375300 1533.000000 15.000000 619.000000 0.000000
0.93438202 -2.00534296 -0.98187399 924.000000 9.000000 252.000000 0.000000
0.91295803 -1.99128699 -0.97172397 435.000000 4.000000 301.000000 0.000000
0.82681298 -1.86413503 -0.90109402 1472.000000 14.000000 307.000000 0.000000
0.82591599 -1.89323795 -0.91335899 1074.000000 10.000000 291.000000 0.000000
0.80566901 -1.87830102 -0.90320802 662.000000 5.000000 306.000000 0.000000
0.85369098 -2.05867004 -0.98948699 966.000000 10.000000 328.000000 0.000000
1.01230896 -1.87250996 -1.01097202 731.000000 4.000000 375.000000 0.000000
0.98651600 -1.85182798 -0.99578601 1891.000000 15.000000 175.000000 0.000000
0.96890497 -1.84596002 -0.98908597 2097.000000 17.000000 266.000000 0.000000
0.95756000 -1.85186994 -0.98908597 2050.000000 17.000000 497.000000 0.000000
0.95084798 -1.98611903 -1.04759896 719.000000 4.000000 330.000000 0.000000
0.94016701 -1.99515402 -1.04938602 756.000000 5.000000 236.000000 0.000000
0.85911798 -1.85230696 -0.96764600 174.000000 1.000000 150.000000 0.000000
0.84105998 -1.84288800 -0.95960599 176.000000 1.000000 203.000000 0.000000
0.82790703 -1.84393096 -0.95737302 184.000000 1.000000 207.000000 0.000000
0.81585503 -1.84733903 -0.95647901 209.000000 1.000000 228.000000 0.000000
0.83346802 -1.95186305 -1.00784600 588.000000 3.000000 195.000000 0.000000
0.85951000 -2.04771090 -1.05697894 1114.000000 7.000000 253.000000 0.000000
0.85885298 -2.08190203 -1.07261205 1474.000000 12.000000 206.000000 0.000000
1.02920699 -1.90884900 -1.09442306 527.000000 5.000000 387.000000 0.000000
0.99124801 -1.86599696 -1.06497300 1028.000000 11.000000 271.000000 0.000000
0.97154897 -1.85639703 -1.05562401 1366.000000 15.000000 269.000000 0.000000
0.96298701 -1.86781704 -1.05889595 925.000000 9.000000 272.000000 0.000000
0.99891800 -2.12501192 -1.18931901 609.000000 7.000000 327.000000 0.000000
0.98586100 -2.13110089 -1.18931901 582.000000 6.000000 371.000000 0.000000
0.86613297 -1.90397596 -1.05375397 957.000000 10.000000 380.000000 0.000000
0.83266902 -1.86088502 -1.02570605 1330.000000 15.000000 366.000000 0.000000
0.83125299 -1.88859403 -1.03879499 1008.000000 10.000000 336.000000 0.000000
0.81964999 -1.89365900 -1.03879499 944.000000 10.000000 307.000000 0.000000
0.82297301 -1.93359804 -1.05889595 752.000000 7.000000 310.000000 0.000000
1.00541902 -1.83649600 -1.12581098 742.000000 5.000000 203.000000 0.000000
1.00032902 -1.85413694 -1.13317204 1242.000000 9.000000 227.000000 0.000000
0.99138498 -1.86485803 -1.13611698 1576.000000 12.000000 198.000000 0.000000
0.97669297 -1.86472905 -1.13219094 1740.000000 13.000000 415.000000 0.000000
0.84668398 -1.85947704 -1.09734702 1361.000000 10.000000 252.000000 0.000000
0.83561403 -1.86543202 -1.09783804 1475.000000 11.000000 227.000000 0.000000
0.82309997 -1.86813200 -1.09636605 1422.000000 10.000000 225.000000 0.000000
0.82303500 -1.89953804 -1.11256099 1179.000000 8.000000 211.000000 0.000000
0.88364398 -2.07453799 -1.21659994 1236.000000 10.000000 264.000000 0.000000
0.96392399 -1.79913604 -1.15829897 802.000000 8.000000 430.000000 0.000000
0.95254302 -1.88742399 -1.20170796 560.000000 5.000000 206.000000 0.000000
0.94256902 -1.98706198 -1.25226700 420.000000 4.000000 392.000000 0.000000
0.92013198 -1.97101498 -1.23796797 526.000000 6.000000 312.000000 0.000000
0.86548400 -1.88451898 -1.17770600 632.000000 6.000000 289.000000 0.000000
0.84999198 -1.88118398 -1.17208803 947.000000 10.000000 367.000000 0.000000
0.83702999 -1.88322496 -1.17004502 932.000000 10.000000 366.000000 0.000000
0.82442099 -1.88596404 -1.16851294 903.000000 9.000000 401.000000 0.000000
0.77658200 -1.90244699 -1.16647100 660.000000 6.000000 344.000000 0.000000
0.76650298 -1.91116297 -1.16902399 653.000000 6.000000 372.000000 0.000000
0.97963101 -1.81946194 -1.24953306 454.000000 2.000000 84.000000 0.000000
0.82762802 -1.85185003 -1.22550702 371.000000 2.000000 244.000000 0.000000
0.84036899 -1.91186798 -1.26341498 847.000000 5.000000 269.000000 0.000000
0.85709298 -1.98298001 -1.30879700 1140.000000 9.000000 285.000000 0.000000
0.82906097 -1.95083797 -1.28316998 1039.000000 8.000000 277.000000 0.000000
0.78941602 -1.88955200 -1.23778701 1244.000000 9.000000 288.000000 0.000000
0.78005099 -1.89983702 -1.24152505 1083.000000 7.000000 251.000000 0.000000
0.80785501 -2.00263190 -1.30826294 770.000000 6.000000 275.000000 0.000000
0.83215398 -1.88241100 -1.31146300 681.000000 7.000000 402.000000 0.000000
0.79898602 -1.90124500 -1.31422997 926.000000 10.000000 367.000000 0.000000
0.78634602 -1.90380394 -1.31256998 788.000000 8.000000 416.000000 0.000000
2.75143790 -1.76163697 -0.51504499 1112.000000 12.000000 174.000000 0.000000
2.71412301 -1.76130402 -0.50965798 1468.000000 17.000000 170.000000 0.000000
2.69009089 -1.76925302 -0.50696498 1362.000000 15.000000 179.000000 0.000000
2.68246508 -1.78791404 -0.50763899 1358.000000 15.000000 156.000000 0.000000
2.69022703 -1.81703699 -0.51151001 1667.000000 20.000000 179.000000 0.000000
2.67089510 -1.82793903 -0.50982702 1608.000000 19.000000 177.000000 0.000000
2.65071988 -1.83810997 -0.50797498 1736.000000 21.000000 188.000000 0.000000
2.63052201 -1.84810400 -0.50612402 1430.000000 16.000000 166.000000 0.000000
2.60869598 -1.85677397 -0.50393599 1649.000000 18.000000 186.000000 0.000000
2.58926105 -1.86697698 -0.50225198 1002.000000 10.000000 142.000000 0.000000
2.68479800 -1.75719702 -0.58260697 474.000000 7.000000 181.000000 0.000000
2.71489501 -1.80071294 -0.59218198 629.000000 10.000000 200.000000 0.000000
2.71602392 -1.82553601 -0.59505397 1266.000000 22.000000 219.000000 0.000000
2.70477200 -1.84216702 -0.59505397 1626.000000 30.000000 273.000000 0.000000
2.70554399 -1.86707497 -0.59792697 1260.000000 22.000000 236.000000 0.000000
2.65137005 -1.85388505 -0.58777797 678.000000 11.000000 237.000000 0.000000
2.60868311 -1.84802902 -0.58030897 1000.000000 16.000000 212.000000 0.000000
2.60208297 -1.86742902 -0.58145797 885.000000 14.000000 185.000000 0.000000
2.58342409 -1.87817395 -0.57973498 261.000000 3.000000 474.000000 0.000000
2.63809800 -1.78246200 -0.65932500 1321.000000 15.000000 161.000000 0.000000
2.64805388 -1.81296694 -0.66493499 912.000000 10.000000 186.000000 0.000000
2.65452600 -1.84143198 -0.66968203 733.000000 7.000000 176.000000 0.000000
2.63359308 -1.85094404 -0.66709298 1155.000000 13.000000 177.000000 0.000000
2.63411403 -1.87556899 -0.67032897 1211.000000 13.000000 154.000000 0.000000
2.63717699 -1.83855999 -0.74543899 779.000000 12.000000 224.000000 0.000000
2.62187696 -1.85191000 -0.74424601 1168.000000 20.000000 204.000000 0.000000
2.61283588 -1.86965501 -0.74496198 646.000000 10.000000 177.000000 0.000000
2.70412803 -1.82643402 -0.35513201 942.000000 10.000000 214.000000 0.000000
2.65215206 -1.83910406 -0.35078800 2146.000000 26.000000 194.000000 0.000000
2.63107300 -1.84849095 -0.34933999 2367.000000 30.000000 181.000000 0.000000
2.60836196 -1.85653603 -0.34765100 1783.000000 20.000000 169.000000 0.000000
2.59370208 -1.87018204 -0.34716800 1756.000000 20.000000 130.000000 0.000000
2.52047110 -1.84095097 -0.33787799 1233.000000 13.000000 181.000000 0.000000
2.67682695 -1.82725203 -0.42841300 912.000000 15.000000 255.000000 0.000000
2.64438510 -1.82903194 -0.42467800 1108.000000 18.000000 219.000000 0.000000
2.62824607 -1.84182096 -0.42381600 1158.000000 19.000000 230.000000 0.000000
2.61285710 -1.85505402 -0.42309800 1050.000000 16.000000 221.000000 0.000000
2.58051896 -1.85605204 -0.41936201 685.000000 10.000000 233.000000 0.000000
2.57708693 -1.87766898 -0.42079899 571.000000 8.000000 211.000000 0.000000
2.63331389 -1.97346699 -0.51908398 490.000000 5.000000 135.000000 0.000000
2.66689110 -1.92370296 -0.68241203 1126.000000 12.000000 152.000000 0.000000
2.67237711 -1.95271099 -0.68715799 603.000000 6.000000 141.000000 0.000000
2.72466707 -1.85016799 -0.76477402 638.000000 10.000000 251.000000 0.000000
2.68135905 -1.96871102 -0.77288997 447.000000 7.000000 185.000000 0.000000
2.68981290 -1.91596401 -0.85476500 427.000000 4.000000 173.000000 0.000000
2.72500300 -1.86866403 -0.93882602 921.000000 15.000000 199.000000 0.000000
2.70562506 -2.03283000 -1.05583799 699.000000 7.000000 511.000000 0.000000
